4.633343418439238026e-01 4.929592311382288705e-01 4.561709860960641016e-01 4.730781316757206589e-01
4.525170624256131813e-01 4.787813127040856931e-01 4.697791735331223739e-01 4.607812563578284615e-01
4.523348212242128685e-01 4.718220035235086152e-01 4.560874303181964851e-01 4.662515620390577098e-01
4.549064437548323014e-01 4.608315527439116321e-01 4.591540992259980358e-01 4.520622094472246388e-01
4.513985315958662370e-01 4.600962102413178600e-01 4.527134994665777401e-01 4.493651787439983947e-01
4.683349132537839576e-01 4.640781184037523488e-01 4.497793714205422511e-01 4.560033679008484442e-01
4.624334871768953081e-01 4.598662853240966797e-01 4.525761405626931300e-01 4.494291345278423333e-01
4.564043879508970503e-01 4.533416827519735626e-01 4.626894692579904267e-01 4.542016784350081937e-01
4.576093157132464784e-01 4.671397705872846751e-01 4.619029462337490566e-01 4.467626909414927905e-01
4.620612363020577540e-01 4.644885559876761882e-01 4.455363353093471090e-01 4.926384389400485508e-01
4.525956213474264800e-01 4.772419730822247130e-01 4.676585296789805279e-01 4.607677559057869465e-01
4.515572190284728449e-01 4.589430689811710429e-01 4.791064063707984322e-01 4.521405696868891488e-01
4.521352946758272484e-01 4.615311721960699831e-01 4.748421212037408634e-01 4.544718662897736516e-01
5.047967036565143006e-01 4.613995353380838660e-01 4.982254008452091654e-01 4.485735098520912678e-01
4.574352701505023933e-01 4.716739157835642682e-01 4.582866827646889241e-01 4.737432102362316155e-01
4.634276330471034933e-01 4.717595676581061714e-01 4.690066178639730743e-01 4.512973626454671039e-01
4.868086576461791437e-01 4.553198814392088734e-01 4.549279709657030324e-01 4.404266476631163996e-01
4.514082670211790882e-01 4.732972085475913304e-01 4.482858677705134354e-01 4.557290375232695423e-01
4.603131512800848757e-01 4.708626369635263154e-01 4.568490684032440186e-01 4.626904428005223502e-01
4.497016072273247178e-01 4.619647661844886177e-01 4.673868517080945195e-01 4.561507701873779297e-01
4.708343048890429317e-01 4.586522976557413922e-01 5.154618720213568484e-01 4.533774455388392410e-01
5.382980008920024151e-01 4.554364482561741867e-01 4.652289847532912193e-01 4.480444987614947139e-01
4.580108722050981740e-01 4.603903293609618030e-01 4.538980722427368164e-01 4.801578223705285642e-01
4.501912097136180346e-01 4.678182403246559651e-01 4.945146838823958335e-01 4.669073124726618174e-01
4.574839969476064416e-01 4.553248385588328784e-01 4.504856963952381110e-01 4.457539717356359676e-01
4.451263944307964349e-01 4.548508524894715466e-01 4.659082889556885876e-01 4.717514018217729976e-01
4.502872625986740207e-01 4.884250362714132043e-01 4.786973098913828162e-01 4.677789310614270391e-01
4.652689397335056376e-01 4.594115515549980766e-01 4.606042702992756421e-01 4.521698753039041230e-01
4.668929477532701711e-01 4.549734095732367312e-01 4.695833226044969222e-01 4.575648407141365559e-01
4.645630419254304089e-01 5.086330572764071745e-01 4.669822851816816112e-01 4.576239784558614465e-01
4.535187085469560841e-01 4.602909882863369662e-01 4.726952513058977901e-01 4.612992207209275497e-01
4.681542317072553971e-01 4.583833614985156624e-01 4.564339617888135692e-01 4.869171182314553370e-01
4.650450646877282157e-01 4.527371327082313490e-01 4.712241391340893371e-01 4.630296130975086188e-01
4.797368546326956640e-01 4.583692650000250612e-01 4.680932362874350439e-01 4.734668831030528491e-01
4.559797445933022053e-01 4.694780309995013057e-01 4.577566683292390581e-01 4.589774012565616679e-01
4.502380788326261207e-01 4.663765033086141321e-01 4.596214195092521160e-01 4.657078286012016899e-01
4.681853950023649458e-01 4.525121847788493024e-01 4.827415049076082543e-01 4.539360404014586847e-01
4.530113836129509020e-01 4.538443287213647093e-01 4.883774419625600549e-01 4.656327466169993823e-01
4.603105088075004070e-01 4.591157833735148852e-01 4.727225104967752167e-01 4.770512282848357599e-01
4.520438810189561507e-01 4.602719247341156561e-01 4.592342674732209917e-01 4.567597806453709275e-01
4.447561105092364686e-01 4.934136966864270391e-01 4.568508863449092794e-01 4.541681806246439246e-01
4.703270196914677848e-01 5.010560154914849296e-01 4.706568320592243726e-01 4.765719175338752889e-01
4.562069972356159742e-01 4.605568846066795952e-01 4.571320017178858719e-01 4.592846532662707704e-01
4.669334888458252508e-01 4.701362848281861462e-01 4.611085454622904090e-01 4.541870454947152802e-01
4.586590031782787902e-01 4.595818916956587175e-01 4.642332692941033012e-01 4.504920442899069122e-01
4.641380409399663010e-01 4.586853981018063631e-01 5.572053988774623434e-01 4.667271773020421621e-01
4.676082034905752471e-01 4.548911154270163237e-01 4.555943111578621973e-01 4.571932256221774016e-01
4.556370079517371718e-01 4.647734761238098700e-01 4.493659138679509391e-01 4.581201374530792791e-01
4.733284413814541902e-01 5.797291199366253478e-01 4.560791651407875569e-01 4.956020216147111190e-01
4.478550155957535250e-01 4.571402867635091516e-01 4.565093219280242365e-01 4.455256362756090938e-01
4.553295373916630417e-01 4.733195106188446410e-01 4.681090911229453533e-01 4.481056233247121545e-01
4.752117494742074122e-01 5.166792372862500926e-01 4.873898029327388137e-01 4.594029188156129040e-01
4.667554696400960657e-01 4.753270347913102767e-01 4.920250972112019117e-01 4.662349224090576727e-01
4.655048052469888398e-01 4.605456689993535635e-01 4.726626276969910223e-01 4.741539160410557785e-01
4.526548087596894421e-01 4.773533145586646986e-01 4.531111617883049059e-01 4.569946726163224282e-01
4.446626305580138050e-01 5.133436818917592737e-01 4.578812221686043293e-01 4.742368857065844545e-01
4.528027971585583122e-01 4.540350933869683470e-01 4.880297780036930155e-01 4.494997163613642654e-01
4.410646160443622010e-01 4.534584482510887193e-01 4.557375907897944223e-01 4.465545415878297009e-01
4.525231321652728456e-01 4.662977159023285467e-01 4.618128935496015885e-01 4.823996921380361846e-01
4.547212719917298474e-01 4.673190315564473840e-01 4.607114692529042377e-01 4.672896464665733385e-01
5.081900755564374705e-01 4.739536543687181691e-01 4.598913590113320460e-01 4.614819983641308965e-01
4.691253006458281360e-01 4.571662743886315550e-01 4.723164041837057958e-01 4.566083153088887348e-01
4.509151180585230234e-01 4.564957122008008739e-01 4.787036577860519504e-01 4.624223609765364951e-01
4.812548756599421829e-01 4.602142572402954657e-01 4.658086597919463001e-01 4.860017796357474773e-01
4.659749865531919721e-01 4.601767857869463740e-01 4.826816121737162457e-01 4.469838440418245629e-01
4.652039309342697049e-01 4.564712544282282791e-01 4.618174036343898892e-01 4.420632918675740375e-01
4.614419539769483714e-01 4.617850780487056661e-01 4.725066324075068436e-01 4.707772831122075674e-01
4.582554499308270080e-01 4.826366106669108258e-01 4.584289292494455603e-01 4.621272782484689978e-01
4.696407715479533063e-01 4.510440627733863783e-01 4.898163278897605943e-01 4.746750096480051306e-01
4.582096735636391194e-01 4.612976113955183366e-01 4.757753213246659896e-01 4.601845343907670083e-01
4.705528616905215178e-01 4.738515218098960924e-01 4.675500889619197409e-01 4.549006521701811079e-01
4.728900790214541905e-01 4.723248978455864000e-01 4.904369711875915527e-01 4.808838864167531701e-01
4.912337263425194389e-01 4.706477721532184577e-01 4.610874950885767154e-01 4.613184332847598546e-01
4.489848514397937196e-01 4.571151336034133816e-01 4.973791937033338884e-01 4.580002228418983967e-01
4.498283465703330486e-01 4.567673802375792347e-01 5.062108039855962582e-01 5.065242747465766859e-01
4.515286882718402284e-01 4.827564458052323593e-01 4.744282166163125147e-01 4.613136748472850823e-01
4.625327090422314824e-01 4.632983307043715415e-01 5.019735693931578480e-01 4.756496946016945948e-01
4.436058004697160939e-01 4.529178539911904444e-01 4.629337588946026427e-01 4.425230224927266809e-01
4.982430438200631806e-01 4.680646359920500044e-01 5.049037039279935524e-01 4.659029742081964298e-01
4.658335645993554319e-01 4.540819128354395273e-01 5.059488813082381187e-01 4.525595903396607556e-01
4.527143140633900220e-01 4.559822579224904193e-01 4.744341671466825172e-01 4.558604657649989456e-01
4.725651443004608154e-01 4.605193336804705995e-01 4.513364831606542782e-01 4.568377733230590820e-01
4.736909170945480807e-01 4.702389736970262191e-01 5.087256630261740575e-01 4.637391467889150354e-01
4.782899022102358177e-01 4.618408580621083392e-01 4.743975102901458185e-01 4.633602599302931724e-01
4.625236888726549922e-01 4.601520101229355508e-01 4.742963115374249083e-01 4.647572835286463144e-01
4.776488741238908986e-01 4.523449937502543872e-01 4.777233302593229536e-01 4.589964250723521100e-01
4.633854726950329961e-01 4.534749686717992612e-01 4.808382193247479064e-01 4.609967370827991462e-01
4.734984238942460122e-01 4.716992676258088268e-01 4.931919276714324951e-01 4.560306469599405554e-01
4.513892730077103677e-01 4.713595807552339867e-01 4.594265619913738830e-01 4.591766198476154304e-01
4.604369203249614739e-01 4.698666930198666103e-01 4.529204368591304708e-01 4.647419850031535016e-01
4.510325292746225623e-01 4.671950439612071460e-01 4.569206734498338363e-01 4.542554616928098921e-01
4.524196982383727472e-01 4.735843837261203837e-01 4.518910547097524377e-01 4.521669447422025367e-01
4.581305086612696975e-01 4.605423609415694175e-01 4.579846759637197784e-01 4.510622819264732408e-01
4.539436002572373452e-01 4.643689493338266638e-01 4.965399702390034808e-01 4.504532217979428377e-01
4.540023803710940831e-01 4.533124665419260846e-01 4.571804602940873208e-01 4.487946828206375027e-01
4.701540370782217870e-01 4.602552652359008234e-01 4.543483058611553771e-01 4.681225220362340012e-01
4.929245511690775738e-01 4.850042760372165751e-01 4.615707198778788989e-01 5.352013905843095998e-01
4.501682519912719171e-01 4.631957113742825594e-01 4.777816931406661527e-01 4.538305103778832450e-01
4.502754807472229004e-01 4.533631404240924256e-01 4.546140432357776429e-01 4.808536767959594727e-01
4.465891321500142230e-01 4.591088791688282544e-01 4.943582514921823767e-01 4.651128053665156692e-01
4.586421648661294093e-01 4.582479000091553845e-01 4.559885263442999270e-01 4.544390638669328908e-01
4.676024019718174052e-01 4.466805358727767294e-01 4.527785976727807249e-01 4.441237847010299777e-01
4.657849073410032514e-01 4.567747116088871073e-01 4.777055680751804423e-01 4.526319702466328199e-01
4.487642347812648147e-01 4.525600473086043851e-01 4.750251670678458660e-01 5.095289647579201997e-01
4.692044357458746706e-01 4.713665346304573567e-01 4.693790872891738242e-01 4.519732991854353288e-01
4.603642523288729027e-01 4.586574435234068159e-01 4.605038861433667363e-01 4.490505953629804758e-01
4.444650014241532388e-01 4.591338833173115863e-01 4.568586548169448203e-01 4.829895695050561155e-01
4.500506122907007023e-01 4.619207680225371204e-01 4.786501526832581122e-01 4.605383972326914654e-01
4.595826367537179657e-01 4.834364950656894755e-01 4.764384726683297266e-01 4.692215919494627241e-01
4.706350167592371903e-01 4.524604479471843188e-01 4.669914742310845579e-01 4.544697304566704954e-01
4.910701314608264534e-01 4.860870540142054885e-01 4.871644576390583015e-01 4.827752908070881421e-01
4.830363988876346104e-01 4.566566944122315008e-01 4.644371767838795240e-01 4.574858744939163668e-01
4.506649971008300226e-01 4.514060815175376384e-01 4.599164128303531163e-01 4.500836431980126950e-01
4.608519772688545735e-01 4.536237120628354158e-01 4.686173001925155734e-01 4.605678021907804731e-01
4.444687267144522558e-01 4.602014025052379997e-01 4.657054245471958231e-01 4.509597718715671610e-01
4.749607046445206149e-01 4.538680016994474098e-01 4.838642080624899755e-01 4.443112909793849874e-01
4.644119342168177011e-01 5.029499530792235218e-01 4.495890637238819099e-01 4.738049507141111061e-01
4.558659593264257071e-01 4.581733147303262421e-01 4.629485905170442894e-01 4.505861798922219941e-01
4.630885918935143120e-01 4.846278826395675199e-01 4.720320105552676671e-01 4.494771460692087439e-01
4.601500133673346871e-01 4.732688566048939283e-01 4.576670428117115552e-01 4.782829682032266883e-01
4.570687711238859974e-01 4.736604392528533936e-01 4.782817562421162738e-01 4.754656652609514089e-01
4.847707748413082052e-01 4.631226062774652097e-01 4.568559527397156872e-01 4.487213790416719195e-01
4.602754414081574597e-01 4.638740321000405786e-01 4.588968853155777627e-01 4.605329533418021093e-01
4.517710208892828372e-01 4.575213988622031103e-01 4.492504596710201192e-01 4.586403270562488532e-01
4.559424817562112153e-01 4.684498508771265390e-01 4.671900173028309400e-01 4.769968887170157879e-01
4.517968893051148571e-01 4.773786962032321446e-01 4.482606450716652979e-01 4.855698744455966831e-01
5.327260593573259762e-01 4.748445550600685627e-01 4.579682548840840473e-01 4.580983022848760244e-01
4.676144520441692931e-01 4.700230856736510310e-01 4.921366175015766120e-01 4.748177230358119338e-01
4.578988254070280317e-01 5.061003367106120532e-01 4.620841344197590961e-01 4.811541040738421260e-01
4.667124847571048063e-01 4.570984145005549948e-01 4.669182995955143411e-01 4.556748171647396206e-01
4.682426452636709313e-01 4.738476574420933951e-01 4.707335531711577814e-01 4.521361390749614184e-01
4.821029007434844416e-01 4.877461095650982292e-01 4.656469027201331490e-01 4.489648342132562808e-01
4.625130991141003234e-01 4.784337381521860944e-01 4.539696872234342817e-01 4.446635246276853803e-01
4.713469048341112355e-01 4.791505237420400354e-01 4.796228408813481003e-01 4.456319808959962048e-01
4.668324192365009284e-01 4.794546663761140581e-01 4.511759380499519301e-01 4.474228024482728161e-01
4.732032815615335730e-01 4.817691346009569942e-01 4.513006110986074737e-01 4.501656492551165401e-01
4.562273720900216767e-01 4.665607611338297156e-01 4.592292408148452854e-01 4.929911593596141284e-01
4.533726374308271745e-01 4.581762452920276063e-01 4.555772741635634726e-01 4.529799520969390314e-01
4.532034099102020264e-01 4.505735238393144826e-01 4.840984741846720008e-01 4.520556628704069935e-01
4.832642575105037808e-01 4.669370750586195329e-01 4.794198870658870626e-01 4.552297989527381850e-01
4.563662608464557624e-01 4.695653120676675507e-01 4.546120166778565008e-01 4.632321198781335081e-01
4.492205381393427621e-01 4.572040041287743772e-01 4.488091568152106636e-01 4.478885233402249422e-01
4.637050231297809577e-01 4.531574745972953844e-01 4.498063623905177999e-01 4.449010690053302186e-01
4.515368739763897521e-01 4.608009159564971924e-01 4.493219256401062012e-01 4.527458846569065720e-01
4.649957219759621729e-01 4.637102385361995815e-01 4.865491489569344630e-01 4.673686524232238959e-01
4.540428022543591124e-01 4.570805430412294701e-01 4.566467007001237532e-01 4.521470268567401307e-01
4.721001982688903809e-01 4.779221713542932681e-01 4.587408800919848262e-01 4.553718467553454774e-01
4.499637385209406260e-01 4.756882786750793457e-01 4.565131763617200633e-01 4.684483508268994512e-01
4.496654172738396293e-01 4.614080985387161715e-01 4.833525121212012832e-01 4.559181233247116549e-01
4.613070289293921267e-01 4.553952614466354465e-01 4.588163097699483606e-01 4.843342304229736328e-01
4.531212647755941680e-01 4.729263782501220703e-01 4.746345380942024184e-01 4.707747896512350372e-01
4.578734636306759920e-01 4.558169345060982813e-01 4.507295687993366773e-01 4.584275782108307440e-01
5.031291544437404006e-01 4.589752952257789009e-01 4.491494596004486639e-01 4.779067138830813133e-01
4.552612801392871278e-01 4.784692525863655232e-01 4.648861189683276551e-01 4.482970237731934149e-01
4.682345191637671267e-01 4.703337252140050162e-01 4.609759052594507023e-01 4.515733222166696259e-01
4.553311665852866619e-01 4.716696639855705864e-01 4.533175826072690096e-01 4.474481741587314487e-01
4.592596987883250659e-01 4.681871235370637652e-01 4.530709882577257930e-01 4.539337952931721820e-01
4.567890266577401825e-01 4.941202501455947971e-01 4.497152368227644303e-01 4.462912082672118030e-01
4.583308200041449898e-01 4.545563360055288049e-01 4.650159875551854172e-01 4.565109511216481342e-01
4.958949585755674239e-01 4.830449819564821556e-01 4.613700310389203252e-01 4.875147243340814396e-01
4.496417740980782063e-01 5.093524754047393799e-01 4.445921182632447954e-01 4.401811460653943242e-01
4.662110010782880010e-01 4.614525338013962807e-01 4.955917497475944566e-01 4.529080490271253923e-01
4.615462819735210998e-01 4.578342835108440423e-01 4.612794319788612318e-01 4.493141273657489942e-01
4.664349853992467709e-01 4.480200707912442293e-01 4.747343162695569219e-01 4.460754493872331472e-01
4.920620719591772274e-01 4.750082592169443396e-01 4.618881146113077429e-01 4.739986062049866278e-01
4.521853725115455580e-01 4.623766342798873996e-01 4.516424039999643592e-01 4.583639105161026461e-01
4.577232897281648394e-01 4.502414067586264501e-01 4.978059033552802992e-01 5.212731063365930728e-01
4.521854519844055176e-01 4.572076698144284523e-01 4.643099009990692694e-01 4.727561473846434992e-01
4.760616223017374860e-01 4.678843716780337059e-01 4.431949853897089175e-01 4.594116310278572035e-01
4.523001015186293161e-01 4.637501438458757619e-01 5.064734319845836108e-01 4.810142914454143548e-01
4.653204083442686323e-01 4.542963107426961078e-01 4.716935654481256290e-01 4.524234930674233546e-01
4.491790235042577017e-01 4.591627021630605987e-01 4.548813203970590302e-01 4.565784434477494491e-01
4.434068600336708577e-01 4.503250221411388976e-01 4.701413214206696112e-01 4.467635353406274046e-01
4.482793708642316410e-01 4.482801953951516816e-01 4.543303052584327650e-01 4.527180194854733553e-01
4.522037506103516735e-01 4.543816149234771173e-01 4.706381559371948797e-01 4.546142518520353004e-01
4.470096925894420647e-01 4.677270948886868562e-01 5.305308600266777086e-01 4.559241533279414504e-01
4.688520431518555798e-01 4.542299608389536170e-01 4.733179608980813136e-01 4.564618368943537119e-01
5.264081954956052467e-01 4.937199155489606639e-01 4.861384530862172815e-01 5.150179068247480174e-01
4.720115065574637114e-01 4.676461915175124662e-01 4.904863735040035366e-01 4.588125646114346590e-01
4.477711121241252368e-01 4.546396036942802477e-01 4.506715238094330944e-01 4.562651216983790725e-01
4.544041554133100291e-01 4.839531481266021729e-01 4.605997204780575838e-01 4.775965412457793824e-01
4.545711576938631371e-01 4.596535960833233458e-01 4.547420044740039247e-01 4.619595905145005288e-01
4.512880047162377561e-01 4.793531596660611793e-01 4.723880092302962797e-01 4.809997379779813453e-01
4.805453717708590977e-01 4.573005437850956589e-01 4.668583472569778348e-01 4.496441980202990907e-01
4.539004564285277210e-01 4.530726373195650414e-01 4.614271521568295009e-01 4.589556256930030220e-01
4.877513349056243341e-01 4.696230888366701439e-01 4.687598546346023465e-01 4.552897810935973566e-01
4.704472819964091723e-01 4.652499755223590272e-01 4.522859553496042517e-01 4.530439774195353930e-01
4.531703094641365559e-01 4.542473256587983288e-01 4.690292080243437245e-01 4.597492714722953289e-01
4.591138859589893317e-01 4.512549638748174496e-01 4.885714352130886007e-01 4.822639326254524739e-01
4.743825395901994924e-01 4.751327633857730937e-01 4.792500138282774214e-01 4.918457070986429480e-01
4.569662809371950463e-01 4.769711494445795230e-01 4.476315081119541239e-01 4.436698059240972714e-01
4.640142619609831653e-01 4.413123031457266143e-01 4.738169312477114592e-01 4.445190032323207974e-01
4.897207121054326096e-01 4.587146143118537855e-01 4.941498041152944110e-01 4.491832753022509950e-01
4.501262307167048782e-01 4.563258389631902889e-01 4.619969526926671066e-01 4.650398790836330343e-01
4.849714835484827402e-01 4.849199155966444907e-01 4.447973867257437042e-01 4.705830315748845694e-01
4.470104674498242003e-01 4.850669900576271010e-01 4.587177236874890318e-01 5.123628973960883126e-01
4.527052640914920878e-01 4.611603717009228331e-01 5.023137032985687256e-01 4.675712386767069684e-01
4.537343184153235787e-01 4.604854484399164560e-01 4.609599212805433610e-01 4.563039541244499064e-01
4.724554419517517090e-01 4.507261216640474633e-01 4.631241659323378501e-01 4.521507422129318332e-01
4.692610700925196610e-01 4.622380435466765247e-01 4.672005077203108536e-01 4.618928929169971997e-01
4.489548305670425510e-01 4.558378954728444232e-01 4.589177469412488164e-01 4.512237608432769775e-01
4.710036118825280393e-01 4.753003219763439202e-01 4.600541492303217295e-01 4.690379003683730619e-01
4.533252914746603857e-01 4.625576833883923156e-01 4.632891615231830018e-01 5.212701559066770240e-01
4.671587049961091753e-01 4.578542113304135408e-01 4.824379682540887448e-01 4.627342820167544279e-01
4.477213521798453222e-01 4.521440565586093974e-01 4.633284906546276116e-01 4.558577239513400547e-01
4.563358724117291265e-01 4.810276826222733559e-01 4.519362648328141274e-01 4.478465020656591244e-01
4.516314566135408159e-01 4.883532226085663952e-01 4.741032918294275644e-01 4.611452619234723826e-01
4.507663150628405946e-01 4.735338389873505749e-01 4.513391852378839664e-01 4.466098447640738378e-01
4.685795207818340691e-01 4.659798343976341850e-01 4.709818363189691715e-01 4.482660194238028972e-01
4.729267756144205359e-01 4.905803700288134950e-01 4.600718816121421306e-01 4.531344374020898069e-01
4.992956618467962460e-01 4.632125993569691236e-01 4.729036986827849787e-01 4.812403321266181533e-01
4.607222179571786591e-01 4.545267422993983786e-01 4.472948213418321828e-01 4.405902326107017930e-01
4.646308620770774334e-01 4.541448752085366913e-01 4.768941203753150893e-01 4.949502249558764833e-01
4.980408946673072212e-01 4.845378398895263672e-01 4.654155671596524879e-01 4.714762469132741662e-01
4.921469688415526234e-01 5.131648679574328797e-01 4.587403436501815701e-01 4.471299151579538611e-01
4.475031197071074884e-01 4.540447890758513294e-01 4.596803685029343667e-01 4.515343606472015936e-01
4.744152327378587941e-01 4.817435344060260194e-01 4.750186403592422391e-01 4.561700522899627686e-01
4.600312411785125732e-01 4.784032106399535578e-01 4.793595671653747003e-01 4.452919165293374171e-01
4.519986311594638151e-01 4.635409911473590827e-01 4.504676163196572047e-01 4.487700164318080276e-01
4.495967129866283996e-01 4.853092233339945660e-01 4.530501564343767940e-01 4.641943474610648046e-01
4.602332214514412989e-01 4.520815710226692707e-01 4.558760027090710265e-01 5.005326271057133347e-01
4.774442215760545394e-01 4.689408540725712449e-01 4.622306327025097472e-01 5.054022173086805125e-01
4.459870556990307988e-01 4.677329659461976208e-01 4.701354404290514211e-01 4.689938227335614385e-01
4.466056128342943410e-01 4.688121080398557350e-01 4.518250226974490080e-01 4.633487164974215422e-01
4.593413372834525554e-01 4.644271930058794240e-01 4.729391932487494454e-01 4.551034669081366335e-01
4.560765226682026441e-01 4.894710083802532585e-01 4.710696637630470418e-01 4.561184942722318891e-01
5.048619906107592037e-01 4.785493413607277424e-01 4.827970564365389183e-01 4.564604163169859730e-01
4.705861707528428139e-01 4.609105090300238405e-01 4.696837564309431223e-01 5.064094066619871937e-01
4.527837137381233723e-01 4.616268972555795380e-01 4.751440982023872328e-01 4.751168390115103057e-01
4.571877519289654912e-01 4.560507436593378428e-01 4.523894687493642541e-01 4.485175112883244553e-01
4.672348300615952743e-01 4.617757995923362224e-01 4.659825662771857058e-01 4.478196005026499615e-01
4.552395045757297587e-01 4.652863542238876993e-01 5.109590192635857786e-01 4.569452106952668902e-01
4.550035397211715793e-01 4.630526800950368060e-01 4.883756140867864248e-01 4.401457905769349810e-01
4.490579267342891256e-01 4.541031221548718078e-01 4.501864512761432624e-01 4.465606908003489917e-01
4.499688645203907544e-01 4.569230178991953717e-01 4.478162924448644833e-01 4.396987954775488650e-01
4.488473832607269842e-01 4.587339560190834553e-01 4.536402026812235144e-01 4.566656649112699751e-01
4.551689128081001234e-01 4.518069724241892127e-01 4.757311244805655370e-01 4.531018932660418885e-01
4.678453604380295450e-01 4.511249462763469720e-01 4.703313012917832436e-01 4.598405559857687841e-01
4.702945947647100833e-01 4.779399136702223161e-01 4.553432365258539005e-01 4.660761555035908832e-01
4.703516364097594105e-01 4.523886442184446022e-01 4.551381369431817259e-01 4.489324390888213556e-01
4.538135429223379425e-01 4.642756183942155501e-01 5.393924613793692480e-01 4.781135618686674915e-01
4.466737012068429657e-01 4.755078554153440162e-01 4.485252002875007582e-01 4.552161196867620108e-01
5.053450961907703931e-01 4.531172116597496635e-01 4.751161436239879632e-01 4.567687412103017541e-01
5.129414995511368813e-01 4.603915115197497743e-01 4.845514297485356003e-01 4.526891509691866045e-01
4.998985727628076359e-01 4.812655846277877347e-01 4.553575714429216603e-01 5.014127194881440319e-01
4.399159848690029628e-01 4.572891592979432818e-01 4.458268185456599753e-01 4.817773103713992588e-01
4.923619925975801226e-01 4.493103921413414970e-01 4.757866958777110522e-01 4.737705389658608546e-01
5.033832192420963914e-01 4.470458328723911356e-01 4.594721595446269458e-01 4.432421922683715820e-01
4.565683205922445032e-01 4.688266416390740043e-01 4.968289732933044989e-01 4.582694371541342626e-01
4.497700035572054222e-01 4.657392601172137270e-01 4.634699821472156311e-01 4.735487004121150534e-01
4.430867830912274541e-01 4.610193868478134616e-01 4.526394009590156697e-01 4.674433668454488489e-01
4.539297223091113831e-01 5.087758600711818069e-01 4.648013611634573272e-01 4.679883817831680948e-01
4.547472198804216048e-01 4.617136220137280089e-01 4.614422023296357311e-01 4.529417157173152297e-01
4.569082160790760017e-01 4.421768983205160430e-01 4.681188066800441305e-01 4.624138176441192072e-01
4.486767351627340417e-01 4.593862493832903682e-01 4.541502992312110853e-01 4.493723313013720522e-01
4.418393075466154341e-01 4.428773025671643992e-01 4.615803956985474743e-01 4.541238943735758649e-01
4.512829085191097378e-01 4.542818764845531487e-01 4.655930697917943784e-01 4.421591560045880498e-01
4.908732275168105064e-01 4.651735623677566989e-01 4.589208165804544159e-01 4.453898966312413443e-01
4.813892145951582102e-01 4.490244487921397076e-01 4.497486650943756659e-01 4.510174791018166096e-01
4.544134239355726024e-01 4.572832981745402203e-01 4.630181193351743940e-01 4.551150004069011157e-01
4.468748271465302069e-01 4.707685112953182149e-01 4.366356035073599706e-01 4.380055566628775487e-01
4.623720347881314363e-01 4.754969080289204730e-01 4.509738485018411902e-01 5.004724860191349656e-01
4.495488504568736499e-01 4.683760007222498301e-01 4.670893549919128973e-01 4.739931126435592001e-01
4.583014448483784253e-01 4.487137695153551875e-01 4.699749747912089215e-01 4.440917670726778899e-01
4.462279379367826149e-01 4.571568767229712837e-01 4.649198750654850998e-01 4.651915828386948837e-01
4.466626842816670551e-01 4.570539096991218520e-01 4.908397694428764391e-01 4.917399783929188861e-01
4.461928308010097988e-01 4.536727368831634521e-01 4.873438874880477445e-01 4.475524723529818449e-01
4.566541612148282137e-01 4.781644344329831764e-01 4.542794028917950255e-01 4.630718429883321496e-01
5.020875434080760424e-01 4.915763338406880512e-01 5.280734101931257030e-01 4.620356261730195757e-01
4.491910537083939059e-01 4.796194831530250502e-01 4.520767430464419090e-01 4.487346013387045751e-01
4.546485841274261475e-01 4.539157946904500696e-01 4.478646218776701216e-01 4.511307279268899628e-01
4.599003990491231098e-01 4.659304817517597730e-01 4.753656089305877686e-01 4.863266646862030584e-01
4.553468128045399799e-01 4.857156574726105847e-01 4.765723248322805139e-01 5.066677133242285525e-01
4.444966216882065280e-01 4.453353782494858804e-01 4.632827937602990165e-01 4.567745129267375415e-01
4.679018656412761712e-01 4.656016131242111666e-01 4.874118268489839312e-01 4.583881696065266187e-01
4.513845940430963877e-01 4.698364237944280264e-01 4.775626361370081674e-01 4.706206619739521924e-01
4.429561893145241847e-01 4.695321718851723225e-01 4.459098676840467235e-01 4.677262703577673153e-01
4.550209144751232171e-01 4.500909845034281043e-01 4.477922121683753365e-01 4.686763087908427106e-01
4.488821526368458326e-01 4.695057074228925487e-01 4.622038404146825985e-01 4.533904194831849255e-01
4.532571832338969098e-01 4.686475197474158638e-01 4.552547434965767970e-01 4.610701898733775561e-01
4.574371774991348727e-01 4.632402459780368686e-01 4.515414834022513646e-01 5.085020562012991796e-01
4.773383736610412598e-01 4.602885842323300447e-01 4.794744253158568226e-01 4.442845582962034467e-01
4.771480858325956032e-01 4.579585591952006207e-01 4.988434811433148375e-01 4.436161120732626251e-01
4.493380288283025381e-01 4.592480858167010127e-01 4.872644046942393170e-01 4.568183422088628043e-01
4.735224644343059563e-01 4.620706140995031186e-01 5.064729650815328332e-01 4.928814669450122810e-01
5.322869817415871729e-01 4.755760033925377495e-01 5.233807663122810316e-01 5.039913952350623116e-01
4.548142651716872154e-01 4.518206318219504247e-01 4.884065190951029090e-01 4.658612310886380281e-01
4.521796007951099372e-01 4.591053624947866174e-01 4.990570843219765962e-01 4.616544544696812302e-01
4.479161103566483559e-01 4.766798814137778173e-01 4.580956002076466138e-01 4.606121480464935858e-01
4.520326455434160451e-01 4.575572907924654875e-01 4.536022742589309598e-01 4.429782430330910792e-01
4.508621593316390896e-01 4.748034079869581370e-01 4.922126233577721055e-01 4.771966536839802320e-01
4.567011396090195352e-01 4.678309162457786607e-01 4.625151852766671845e-01 4.508862793445582162e-01
4.504661162694298393e-01 4.553112089633943871e-01 4.484852552413940985e-01 4.989036520322163160e-01
4.549133280913035260e-01 4.612681170304614997e-01 4.658751587073006184e-01 4.699824949105581573e-01
4.908782442410791202e-01 4.722162485122683440e-01 4.814124802748370180e-01 5.021753708521523585e-01
4.500721196333566931e-01 4.576665063699087987e-01 4.633795917034147505e-01 4.583266774813331002e-01
4.521282414595280685e-01 4.601408243179322399e-01 4.495307604471838192e-01 4.424662192662559002e-01
4.551242788632713920e-01 4.658560554186496616e-01 4.538792371749887367e-01 4.686746795972187574e-01
4.944871962070467308e-01 4.772693912188216148e-01 4.816945393880201487e-01 4.655656615893046801e-01
4.417176147301992151e-01 4.491813381512960168e-01 4.849972923596699848e-01 4.701508979002639865e-01
5.001336733500160170e-01 4.560940364996592389e-01 4.707444012165068470e-01 4.560747841993963436e-01
4.571305116017662096e-01 4.612949887911481084e-01 4.635394016901650538e-01 4.422155221303304962e-01
4.474735061327618779e-01 4.538007577260335101e-01 4.543013970057173667e-01 4.525605837504074191e-01
4.509104688962302099e-01 4.493296841780340389e-01 4.603499571482340125e-01 5.072929263114926979e-01
4.649445911248520913e-01 4.523761967817938046e-01 4.738836387793227689e-01 4.453099370002746027e-01
4.447096486886338296e-01 5.139920512835186583e-01 4.584882954756421269e-01 4.582660794258123227e-01
4.524220625559491338e-01 5.215159058570865147e-01 4.490728775660197125e-01 5.043359696865080677e-01
4.567345281442006244e-01 4.824198981126150421e-01 4.583238065242767334e-01 4.869687060515088262e-01
4.617313444614413731e-01 4.750839968522389545e-01 4.797470072905217209e-01 4.494989613691961483e-01
5.006663799285890892e-01 4.792361557483668100e-01 4.804720779259999408e-01 4.567347069581355057e-01
4.633005460103350459e-01 4.764978786309554404e-01 4.653523166974390946e-01 4.719415307044984575e-01
5.112138887246445718e-01 4.680357873439781602e-01 4.838022987047834733e-01 4.531626701354979914e-01
4.584858020146683200e-01 4.618112444877627287e-01 5.120616257190706566e-01 4.700747827688845359e-01
5.402404169241584730e-01 5.770908494790397691e-01 4.670901000499720901e-01 4.665944278240204413e-01
4.678958952426902629e-01 4.613315264383951453e-01 4.746642311414087101e-01 4.603957633177441222e-01
4.692206184069315777e-01 4.957203765710198606e-01 4.562765359878539484e-01 4.743755658467607716e-01
4.763163725535066728e-01 4.610302646954850814e-01 4.833013117313385565e-01 4.590197404225669353e-01
4.896270831425984515e-01 4.480597575505571584e-01 4.681929846604667156e-01 4.565811554590860633e-01
4.527965784072873201e-01 4.579832851886753708e-01 4.722418387730912825e-01 4.788510402043658076e-01
4.565190772215526605e-01 4.721132516860961914e-01 4.579655329386390639e-01 4.603718717892961165e-01
4.558836817741393488e-01 4.610865612824755488e-01 4.492943684260052306e-01 4.502255618572235107e-01
4.609845181306201911e-01 4.558349351088203383e-01 4.719112118085225793e-01 4.744254648685449216e-01
4.630673130353282763e-01 4.594640235106154935e-01 4.745130439599352656e-01 4.533779720465339613e-01
4.671786228815713038e-01 4.580294589201610589e-01 4.561792413393658818e-01 4.534817437330872503e-01
4.390349487463636735e-01 4.463249047597250274e-01 4.485342601935067286e-01 4.547221263249714984e-01
4.456668098767598840e-01 4.545514980951944062e-01 4.589873552322385475e-01 4.707641402880352599e-01
4.575227101643877248e-01 4.586609303951267869e-01 4.634308715661369926e-01 4.721293946107233408e-01
4.466024339199068938e-01 4.611731668313342469e-01 4.579538603623706794e-01 4.845132728417712586e-01
4.643344779809320810e-01 4.577836493651071259e-01 4.632358153661088607e-01 4.659753044446313108e-01
5.095543166001641477e-01 4.618160327275596666e-01 4.694580535093942908e-01 4.533872604370118298e-01
4.462761481602985358e-01 4.643574555714921059e-01 4.745395978291833683e-01 4.769916733105981632e-01
4.842824439207711884e-01 4.633740882078810630e-01 4.791452387968703208e-01 4.670152068138121448e-01
4.509422282377885116e-01 4.794290562470757688e-01 4.706484079360962469e-01 4.595083395640056634e-01
4.526242017745970569e-01 4.650342265764871863e-01 4.524386624495194686e-01 4.587919116020203192e-01
4.528498450915017237e-01 4.613479276498160808e-01 4.570152362187706041e-01 4.549869795640307801e-01
4.574780960877736224e-01 4.677475988864897016e-01 4.590992828210195831e-01 4.557852049668627559e-01
4.655612409114841532e-01 5.026701986789695598e-01 4.553994139035542066e-01 5.023683508237198891e-01
4.545900126298267341e-01 4.823975960413621200e-01 4.844932059446968031e-01 4.559597373008722476e-01
4.721085826555888043e-01 4.804153541723889531e-01 4.625436961650845058e-01 4.508272111415869143e-01
4.500283896923062410e-01 4.613300760587051852e-01 4.666006068388622308e-01 4.649869898955030778e-01
4.416895906130475224e-01 4.648740589618687857e-01 4.627856214841206683e-01 4.606544872124985202e-01
4.780764182408652196e-01 4.729036092758179266e-01 4.715458552042635643e-01 4.542955259482059915e-01
4.578280448913574219e-01 4.685117999712621328e-01 4.645667473475133535e-01 4.488918383916220556e-01
4.717413683732350482e-01 4.668602148691812781e-01 4.769555131594344077e-01 4.700953165690103797e-01
4.520454406738284026e-01 4.780711730321240416e-01 4.991464316844945182e-01 4.825508793195084078e-01
4.538899163405107906e-01 4.539518555005394584e-01 4.463308652242021779e-01 4.470298687616983679e-01
4.659444193045296778e-01 4.675362308820086299e-01 4.765632152557375267e-01 4.480426907539364900e-01
4.446504016717283125e-01 4.569831391175587787e-01 4.585851132869720459e-01 4.789640108744301905e-01
4.937729934851326496e-01 4.697400033473967951e-01 4.946724474430087004e-01 4.481667975584662789e-01
4.820968409379324249e-01 4.712828000386556360e-01 4.613952736059830362e-01 4.792799949645998314e-01
4.596867263317107599e-01 4.551818569501243639e-01 4.655569493770605471e-01 5.037264625231426818e-01
4.452114005883535119e-01 4.549073676268261535e-01 4.638773401578266120e-01 4.675080180168156296e-01
4.579770267009737883e-01 4.515254994233452446e-01 4.698210855325059554e-01 4.634555876255038731e-01
4.593314131100971198e-01 4.571385284264878335e-01 4.627368251482648631e-01 4.528788030147550825e-01
4.683987498283387896e-01 4.699987173080442115e-01 4.726065893967946741e-01 4.591061969598132508e-01
4.690312643845881424e-01 4.562010367711378800e-01 4.624201258023577510e-01 4.567600289980570660e-01
4.501511057217914558e-01 4.549944400787351295e-01 4.565420746803284802e-01 4.559105336666103847e-01
4.659391343593597412e-01 4.738044838110604950e-01 4.663769404093425219e-01 4.839088320732112258e-01
4.490821957588193025e-01 4.624262750148774304e-01 4.531169335047408042e-01 4.815056820710498786e-01
5.016172130902610826e-01 4.963204463322959392e-01 4.626485904057810461e-01 4.596983691056572008e-01
4.626207252343489951e-01 4.598967134952546831e-01 4.709600607554125240e-01 4.734498858451841596e-01
4.532549977302547939e-01 4.565493067105610425e-01 4.624656339486442058e-01 4.570834934711461850e-01
4.800830284754434851e-01 5.092876652876539012e-01 5.015873412291214084e-01 4.671754936377205403e-01
5.191205640633900220e-01 4.686180551846823028e-01 4.478657146294918734e-01 4.704681734244026692e-01
4.740713834762580459e-01 4.707237382729846931e-01 4.700647294521330122e-01 4.651221434275306654e-01
4.441275298595426801e-01 4.566505253314973034e-01 4.559391438961026832e-01 4.502086142698925042e-01
4.676014880339312563e-01 5.151116450627643006e-01 4.606477717558540852e-01 4.554042518138889384e-01
4.658295810222631284e-01 4.567538499832150545e-01 4.698991874853771789e-01 4.632607698440554533e-01
4.642966687679287996e-01 4.475620090961450748e-01 4.751614431540172045e-01 4.792264401912687544e-01
4.841414193312324477e-01 4.846064249674483237e-01 4.493152598539986720e-01 4.607253074645993318e-01
4.740111728509260880e-01 5.338598986466721596e-01 4.521422386169429708e-01 4.727425674597423577e-01
4.633815685907999860e-01 4.947617153326673844e-01 4.568515916665397136e-01 4.685196081797278200e-01
4.704503118991849586e-01 4.698369701703384860e-01 4.558419783910113154e-01 4.554297129313149561e-01
4.672149618466693854e-01 4.572784900665285424e-01 4.673374195893613692e-01 4.437069892883304667e-01
4.666549166043603147e-01 4.642990926901501836e-01 4.642554918924968188e-01 4.569167892138160658e-01
4.516123036543536196e-01 4.504168629646306266e-01 4.731608728567758826e-01 4.569604297478994659e-01
5.231460531552633020e-01 4.941250979900359552e-01 4.856515427430468934e-01 5.181436439355219248e-01
4.628643592198687928e-01 4.579870303471888504e-01 4.691712160905200935e-01 4.553908705711361415e-01
4.408191541830705495e-01 4.842614630858106950e-01 4.591859380404149649e-01 4.576621651649474543e-01
4.701410035292308831e-01 4.502198894818620900e-01 5.076226393381757518e-01 4.569464325904841751e-01
4.892355899016064269e-01 4.560151795546213416e-01 4.681150019168851539e-01 4.476388792196905886e-01
4.517239332199096680e-01 4.634153743584950580e-01 4.686846435070043393e-01 4.523413578669231438e-01
4.488356113433837891e-01 4.639284312725061032e-01 4.674671888351445981e-01 4.631704588731136440e-01
4.452370504538209484e-01 4.519132574399312707e-01 4.530047476291650388e-01 4.494719604651140066e-01
4.745487868785861485e-01 4.507578114668523983e-01 4.741387168566387755e-01 4.609780410925544691e-01
4.518806238969169109e-01 4.573400914669031869e-01 4.526823659737903571e-01 4.659768939018248957e-01
4.657202859719593580e-01 4.863756795724236137e-01 4.594604372978212670e-01 4.977196256319684764e-01
5.180731614430741372e-01 4.768036603927607864e-01 4.675813515981043778e-01 4.546104967594143398e-01
4.539209107557926060e-01 4.567243953545887525e-01 4.700636963049564243e-01 4.562556445598603960e-01
4.649168749650318122e-01 4.592038691043853760e-01 4.640147884686787738e-01 4.505966206391655016e-01
4.556348721186318507e-01 4.669138888518014063e-01 4.699762960275017387e-01 4.545049468676243265e-01
4.812806745370226125e-01 4.575942655404408033e-01 4.930223127206167510e-01 4.475795229276024467e-01
4.559001922607419655e-01 4.574156204859418096e-01 4.639464616775517691e-01 4.523149232069652026e-01
4.444887936115261562e-01 4.555931190649664675e-01 4.468464752038324717e-01 4.481637577215828450e-01
4.579890767733258983e-01 4.587897956371307373e-01 4.542052646478016986e-01 4.577063818772640902e-01
4.814101060231528173e-01 4.642250637213385933e-01 4.654655853907267993e-01 4.695263604323064999e-01
4.606954654057816567e-01 4.754423896471657307e-01 4.720185796419782420e-01 4.879410564899441805e-01
4.540470441182451466e-01 4.557842016220091108e-01 4.681559006373088860e-01 4.831891755263009736e-01
4.494432906309763776e-01 4.536922772725417996e-01 4.632006883621214155e-01 4.541450838247931832e-01
4.584192633628845770e-01 4.530081649621331419e-01 4.500602781772612415e-01 4.453341960906976871e-01
5.126497745513922677e-01 4.973849554856620281e-01 4.701731801033019464e-01 4.506330490112301357e-01
4.601790408293409684e-01 4.662113289038338215e-01 4.485189815362291554e-01 4.511845509211222516e-01
4.685405393441519073e-01 4.773949682712555487e-01 4.598595996697743549e-01 4.529500206311543042e-01
4.736475646495816871e-01 4.674557447433478896e-01 4.578071733315787761e-01 4.434705376625063256e-01
4.539309640725455730e-01 4.642214079697926654e-01 4.863479932149255003e-01 4.621181190013884943e-01
4.541246791680653705e-01 4.749654928843183854e-01 4.522498548030857712e-01 4.786016345024112217e-01
4.706393281618751478e-01 4.593643446763359672e-01 4.428900877634682209e-01 4.543192585309349663e-01
4.612269699573513515e-01 4.630231261253358044e-01 4.479761719703676537e-01 4.563876291116079620e-01
4.602745970090230676e-01 4.903679788112643156e-01 4.874230424563092967e-01 4.722838103771203055e-01
4.775742689768474603e-01 4.987776577472688433e-01 4.532215495904286517e-01 4.787575900554660868e-01
4.695010383923854391e-01 4.944353302319849375e-01 4.468045234680179112e-01 4.571938316027324700e-01
4.599251945813495612e-01 4.718181292215984368e-01 4.536717335383094740e-01 4.539159337679541939e-01
4.641982913017270174e-01 4.666153490543367699e-01 4.479369819164273903e-01 4.439157148202260150e-01
4.742163916428883130e-01 4.665717283884680544e-01 4.540699819723757469e-01 4.593817591667173073e-01
4.708514114220934133e-01 4.625267485777537213e-01 4.741816421349843713e-01 4.541181425253550397e-01
4.624690810839336974e-01 4.804562032222755019e-01 4.796967605749768992e-01 4.587909082571664521e-01
4.546029865741721965e-01 4.569677313168839516e-01 4.650998115539551336e-01 4.820418059825898882e-01
4.523962140083314654e-01 4.583787818749745502e-01 4.556652804215747810e-01 4.485414127508803306e-01
4.696720143159234251e-01 4.538638492425290383e-01 4.571097294489541718e-01 4.722645481427516501e-01
4.641071160634361870e-01 4.576158424218493836e-01 4.530184070269269725e-01 4.476834138234459526e-01
4.632133344809214459e-01 4.573468168576567683e-01 4.844554464022313711e-01 4.506110350290935540e-01
4.453305701414743134e-01 4.582580129305521277e-01 4.545595447222391394e-01 4.529700477917990020e-01
5.312813917795817797e-01 4.773713151613871997e-01 5.059752265612281752e-01 4.956614176432291297e-01
4.525974094867703523e-01 4.529944856961566346e-01 4.877178271611528060e-01 4.498836894830067767e-01
4.658662676811216596e-01 4.604726433753961734e-01 5.018074115117395761e-01 4.549747506777441775e-01
5.198041896025337172e-01 4.894958237806953938e-01 4.660717248916629862e-01 4.511118034521739428e-01
4.663093785444891171e-01 4.744056463241583810e-01 4.876981476942691129e-01 4.580023288726799979e-01
4.687985181808467794e-01 4.664219717184702185e-01 4.592157900333402321e-01 4.551489154497780909e-01
4.827288885911308891e-01 4.592084685961407842e-01 4.536277453104655688e-01 4.563273092110947671e-01
4.548623760541276040e-01 4.869448741277063175e-01 4.858173727989194002e-01 4.545832177003227281e-01
4.533498982588459736e-01 4.613769650459288996e-01 4.876844485600789203e-01 4.632009565830228492e-01
4.664878149827317855e-01 4.812826017538711643e-01 4.731680254141492070e-01 4.673133591810858523e-01
4.564259548981980386e-01 4.718515276908878953e-01 4.921815892060592001e-01 4.728086392084759337e-01
4.756194253762568991e-01 4.645696282386773679e-01 4.673661688963569039e-01 5.029373367627465452e-01
4.717736740907031989e-01 4.613036612669625947e-01 4.622984031836188112e-01 4.427282710870107940e-01
4.722703794638318797e-01 5.802227258682254307e-01 4.505497515201564718e-01 5.683092077573138612e-01
4.702843030293782922e-01 5.084844728310905504e-01 4.832347035408020575e-01 4.554427862167357288e-01
4.894842207431790992e-01 4.498909215132390615e-01 4.843515952428183446e-01 4.501946171124783236e-01
4.505780835946402996e-01 4.763368070125583165e-01 4.522158106168107095e-01 4.537646671136219001e-01
4.685656328996015696e-01 4.638372063636783671e-01 4.685902694861096562e-01 4.564020335674282558e-01
4.522624711195626368e-01 4.758213063081109806e-01 4.562812149524688721e-01 4.499934216340387150e-01
4.782945414384205951e-01 4.790552655855814801e-01 4.810995260874436075e-01 5.101289351781207460e-01
4.956244925657903866e-01 4.519129594167072828e-01 4.570853610833485736e-01 4.447357356548310992e-01
4.406629900137580269e-01 4.493446449438733281e-01 4.576147695382435931e-01 4.904755651950835071e-01
4.532431761423743044e-01 4.917565782864886104e-01 4.528770546118415785e-01 4.936423599720002331e-01
4.514510333538049869e-01 4.655098915100097101e-01 4.593999683856964666e-01 4.614834288756049507e-01
4.500127236048373502e-01 4.473377366860706306e-01 4.483751356601713423e-01 4.662582178910568698e-01
4.764261245727537952e-01 4.659095803896584065e-01 4.801028370857242655e-01 4.488733708858495541e-01
4.513843357563022129e-01 4.527592460314428524e-01 4.724661707878116124e-01 4.577284753322602429e-01
4.649916986624394455e-01 4.770861864089963045e-01 4.903469979763033781e-01 4.608831306298574737e-01
4.675800204277034133e-01 4.665733675162000993e-01 4.712751110394802212e-01 4.581081569194792036e-01
4.500255088011428373e-01 4.659764170646669146e-01 4.806843698024748646e-01 4.647460480531052096e-01
4.656066993872325366e-01 5.290510654449468442e-01 4.832132061322527705e-01 4.561513165632881672e-01
4.577269653479255629e-01 5.319917003313697768e-01 4.647173881530756723e-01 5.054236849149070787e-01
5.064829885959619693e-01 4.560915529727935791e-01 4.827648599942525598e-01 4.543980260690051454e-01
4.612818161646518034e-01 4.561827580134074078e-01 4.643774032592775103e-01 4.795426825682316263e-01
4.798924128214517859e-01 4.654421905676520144e-01 4.680146376291910992e-01 4.692904353141791884e-01
4.539977411429082510e-01 4.637731512387596178e-01 4.700757066408798868e-01 4.585982163747153173e-01
4.546625117460885712e-01 4.615148802598315059e-01 4.756993353366855137e-01 4.650755226612089399e-01
4.633004268010451621e-01 4.739016195138299747e-01 4.746043582757311086e-01 4.595653613408406390e-01
4.440402587254843603e-01 4.476908842722574500e-01 5.080525775750476258e-01 4.704925914605452286e-01
4.539594451586405066e-01 4.569793144861858392e-01 4.581899444262185206e-01 4.470930298169450423e-01
4.569703539212539578e-01 4.592130978902180249e-01 4.565181632836659564e-01 4.501087466875713372e-01
4.480942686398817765e-01 4.694176216920220579e-01 4.457428554693859124e-01 4.525816937287653330e-01
4.586589336395260896e-01 4.783844252427416621e-01 4.557493329048163400e-01 4.657655060291286953e-01
4.628256559371949908e-01 4.610480666160585161e-01 4.549058874448139167e-01 4.629789094130192795e-01
4.558758437633513294e-01 4.697550932566329496e-01 4.580621023972830663e-01 4.487015008926386606e-01
4.489371677239739622e-01 4.840649763743079537e-01 4.694350461165106569e-01 4.442530572414398748e-01
4.610133469104759074e-01 4.649409254391987933e-01 4.548524121443435209e-01 4.637424349784851074e-01
4.687399665514627722e-01 4.734729826450347345e-01 4.715618789196013849e-01 4.824558297793066775e-01
4.690031905968981008e-01 4.626772900422415069e-01 4.456648230552671675e-01 4.436041315396628271e-01
4.568557043870286050e-01 4.731394251187644451e-01 4.515276650587712881e-01 4.446793198585509144e-01
4.785167376200359368e-01 4.874777197837830700e-01 5.183021624883007439e-01 4.543692072232562995e-01
4.650862018267309939e-01 4.661471446355185955e-01 4.634877542654670668e-01 4.442186454931890127e-01
4.656766653060905314e-01 4.557306965192161607e-01 4.492370486259455453e-01 4.476813574632013681e-01
4.734047253926588761e-01 4.823614458243056236e-01 4.693130056063338218e-01 4.569270213445027484e-01
4.578253726164503434e-01 4.610952436923985154e-01 4.617218971252437520e-01 4.487345019976295424e-01
5.226702888806663561e-01 4.815195004145307323e-01 4.933660229047137080e-01 4.797058800856277005e-01
4.564372797807059179e-01 4.932591716448471164e-01 4.604489107926690861e-01 4.545354247093196798e-01
4.549341301123303594e-01 4.601393143335981706e-01 4.647678037484486713e-01 4.673811693986253957e-01
4.661114811897276722e-01 4.591024021307629766e-01 4.541506767272953105e-01 4.567794303099310116e-01
5.063786208629611485e-01 4.745792945226028903e-01 4.578217963377632649e-01 4.557006855805716405e-01
4.914712607860562410e-01 4.569282134373981452e-01 5.037794709205634103e-01 4.872208635012304501e-01
4.523101349671682092e-01 4.616757929325100984e-01 4.493781328201289504e-01 4.511105418205262341e-01
4.781757394472763156e-01 4.732291897137962389e-01 4.518003364404047373e-01 4.551072816054023140e-01
4.733660320440926106e-01 4.645029902458190363e-01 4.729183316230769485e-01 4.824833671251937961e-01
4.596156875292460309e-01 4.613404075304667340e-01 4.919237593809765441e-01 4.726341565450035698e-01
4.657222032546995960e-01 4.613883892695108679e-01 4.640716811021161625e-01 4.535980224609370559e-01
5.036680797735849646e-01 4.956134160359706997e-01 4.899414976437890257e-01 4.750091036160789537e-01
4.472679396470387592e-01 4.712018767992651735e-01 4.497155249118812703e-01 4.465187291304266726e-01
4.518362780412037427e-01 4.594585200150808624e-01 4.558777908484140662e-01 4.540190994739535246e-01
4.597594340642292554e-01 4.786834021409352435e-01 4.664000769456232431e-01 4.493542114893600004e-01
4.588079849878940464e-01 4.575043320655828860e-01 4.679909845193224172e-01 4.495784044265754842e-01
4.684680998325352341e-01 4.658822913964590917e-01 5.004545052846276487e-01 4.589763681093845804e-01
5.075190961360928066e-01 4.618641634782154060e-01 4.638786415259043006e-01 4.884604712327320075e-01
4.595522781213121633e-01 4.728326499462127686e-01 4.526229798793791614e-01 4.458396335442860736e-01
4.745468099912012461e-01 4.869610170523323567e-01 4.737943311532333834e-01 4.831877052783971060e-01
