4.640603562196099485e-01 4.675577680269876191e-01 4.568254152933753365e-01 4.760346313317614375e-01
4.515855411688486365e-01 4.693479140599566279e-01 4.918397665023802601e-01 5.094195008277896397e-01
4.676642616589863355e-01 4.508976439634961864e-01 4.671235879262291002e-01 4.561440249284107185e-01
4.433826208114621803e-01 4.431847929954530474e-01 4.607645869255064808e-01 4.574218889077504846e-01
4.483760893344874709e-01 4.594255089759822219e-01 4.884066681067147919e-01 4.465579986572266735e-01
4.461806317170460834e-01 4.423724015553784361e-01 4.610558946927392210e-01 4.527334471543631444e-01
4.654554824034375371e-01 4.737230738004050146e-01 4.658825397491459519e-01 4.635376731554664564e-01
4.429595371087393096e-01 4.538213610649107221e-01 4.799461960792540949e-01 4.948108295599616957e-01
4.549649755160018461e-01 4.615424573421476051e-01 4.654471377531691489e-01 4.954890012741090533e-01
4.429497122764587957e-01 4.566520154476174653e-01 4.544215102990466493e-01 4.517733057339987091e-01
4.403158823649088727e-01 4.453976551691692376e-01 4.724694589773812403e-01 4.639195998509723085e-01
4.422519803047185172e-01 4.483539462089539129e-01 4.951083461443582245e-01 4.665519893169400856e-01
4.491327206293737606e-01 4.652146100997924250e-01 4.575211405754094907e-01 4.590239226818082496e-01
4.551548361778257057e-01 4.682518740495041354e-01 4.507979750633243632e-01 4.641506373882293146e-01
5.016437570254007605e-01 4.484266936779022772e-01 4.962845544020331179e-01 4.410653909047447252e-01
4.366906881332401902e-01 4.496764640013379277e-01 4.499822258949277010e-01 4.490657846132916631e-01
4.460006852944687905e-01 4.567254086335501562e-01 4.484855830669402521e-01 4.495297074317937680e-01
5.222725669542945814e-01 4.723885456720983700e-01 4.610358377297715249e-01 4.663245578606926012e-01
4.934703111648562346e-01 4.748981396357216944e-01 5.050952533880878059e-01 5.122437775135035842e-01
4.534220894177762307e-01 4.529703756173444895e-01 4.526532193024951356e-01 4.485679566860198419e-01
4.685153861840573586e-01 4.626940190792079299e-01 4.522856275240579316e-01 4.488154749075568550e-01
4.454652965068817694e-01 4.614957471688586055e-01 4.522260427474976141e-01 4.747731188933054791e-01
4.439488748709358723e-01 4.515842894713082978e-01 4.559171597162884892e-01 4.950580994288117376e-01
4.441770215829211055e-01 4.634807705879205320e-01 4.602607091267906236e-01 4.605281849702204111e-01
4.460302491982780504e-01 4.526654879252112740e-01 4.567195673783620014e-01 4.582747817039492522e-01
4.437132477760315497e-01 4.522893528143565045e-01 4.514955580234524257e-01 4.584484597047169263e-01
4.425166447957353810e-01 4.474014043807983954e-01 4.643826584021256698e-01 4.456723034381866455e-01
4.484176735083267307e-01 4.544739723205564186e-01 4.562295973300933838e-01 4.518906772136687677e-01
4.811204572518666400e-01 4.921539823214214904e-01 4.992133080959318403e-01 4.638011256853741826e-01
4.532335797945662437e-01 4.650318125883739495e-01 4.823203980922700085e-01 4.798444012800859859e-01
4.723999301592508582e-01 4.904779295126603933e-01 4.705479741096499913e-01 4.882794221242275912e-01
4.466655850410454764e-01 4.654288788636525842e-01 4.515489836533866930e-01 4.454125463962553266e-01
4.479021231333411568e-01 4.885646800200139084e-01 4.828154444694519043e-01 4.641368985176085316e-01
4.499333103497823450e-01 4.495999614397681587e-01 4.555639624595647641e-01 4.772695203622181470e-01
4.512875179449718499e-01 4.619921445846558172e-01 4.489458700021106696e-01 4.495793779691063530e-01
4.536983569463096666e-01 4.666578272978465503e-01 4.423748552799222078e-01 4.399919112523391629e-01
4.481808145840959767e-01 4.534858266512552527e-01 4.553266962369279525e-01 4.649291435877481726e-01
4.544520378112791303e-01 4.757174948851269902e-01 4.460719128449758264e-01 4.440254867076871559e-01
4.599064191182457018e-01 4.714168012142178621e-01 4.597910741964972292e-01 4.788073599338532604e-01
4.489710032939914219e-01 4.492752750714620325e-01 4.432573616504665304e-01 4.443711837132769404e-01
4.491257270177201888e-01 4.575174053510027705e-01 5.106358826160429798e-01 4.400129020214081921e-01
4.961452484130863261e-01 4.673797984917960058e-01 4.568058848381041370e-01 4.561653931935621409e-01
4.467814067999524297e-01 4.619805812835687808e-01 4.909519056479139110e-01 4.407289922237403457e-01
4.511370857556661340e-01 4.560298124949138110e-01 4.901553988456719413e-01 4.574669102827701450e-01
4.445511897404988977e-01 4.492241938908895227e-01 4.480473796526588393e-01 4.626072049140926290e-01
4.580623308817552419e-01 4.607943793137863064e-01 4.698137839635215807e-01 4.681752721468609435e-01
4.571867088476816443e-01 4.707111914952599174e-01 4.871229231357578349e-01 4.536023835341135291e-01
4.614863793055218877e-01 4.556671778360999459e-01 4.428905447324119615e-01 4.475401242574053584e-01
4.652138749758409908e-01 4.728642006715131907e-01 4.531538486480714556e-01 4.605756998062131014e-01
4.691109061241149902e-01 4.737839400768278364e-01 5.008334219455718994e-01 4.564842085043588904e-01
5.004730323950452586e-01 4.642268220583603555e-01 4.449790318806968181e-01 4.535109897454581152e-01
4.511928558349608820e-01 5.046800374984742321e-01 4.830293754736582623e-01 4.689922730127970008e-01
4.656230409940081971e-01 4.586831629276275635e-01 4.972658654054003535e-01 4.504201412200929400e-01
4.518316090106961336e-01 4.473980565865827153e-01 4.448778927326204613e-01 4.468145867188769160e-01
5.010224183400472375e-01 4.461426834265390107e-01 4.500637054443353824e-01 4.538642565409340413e-01
4.673766990502674079e-01 4.415020346641537197e-01 4.558000365893045136e-01 4.567876060803723881e-01
4.439108471075698947e-01 4.454797406991329867e-01 4.614242513974506354e-01 4.418962796529136150e-01
4.601640601952868281e-01 4.470749795436861351e-01 4.504003127415970864e-01 4.439422587553660260e-01
4.524766405423478188e-01 4.384104708830517949e-01 4.473275343577068908e-01 4.440423746903741087e-01
4.487575590610511922e-01 4.701237181822458533e-01 4.572626749674477686e-01 4.430430233478547253e-01
4.653469324111932370e-01 4.750076830387115479e-01 4.846300383408866930e-01 4.660610059897105639e-01
4.562384287516280112e-01 4.518233835697169631e-01 4.776637653509774317e-01 4.544988671938581248e-01
4.544696708520252204e-01 4.587008059024819673e-01 4.719343185424803577e-01 4.608591099580128803e-01
4.685926934083309292e-01 4.493726889292396498e-01 4.607636531194055918e-01 4.474455316861472021e-01
4.519031544526417310e-01 4.423457284768424480e-01 4.830146133899690386e-01 4.595955312252039682e-01
4.489029149214426306e-01 4.432542820771540049e-01 4.533094962437949071e-01 4.519411424795785615e-01
4.585295021533966064e-01 5.275891820589703185e-01 4.634851515293115232e-01 5.093079109986631270e-01
4.364890853563947459e-01 4.401356180508927407e-01 4.507873654365544547e-01 4.491618871688848880e-01
4.512314101060232452e-01 4.661964972813922303e-01 4.526608089605966279e-01 4.792725443840031296e-01
4.395149151484173400e-01 4.510709941387177624e-01 4.494697252909335972e-01 4.511297643184665196e-01
4.778749545415238997e-01 4.753363927205402906e-01 4.460761249065401390e-01 4.869483510653178637e-01
4.410730799039203620e-01 4.409985840320584383e-01 4.372522334257754051e-01 4.531772832075756097e-01
4.377172489960990398e-01 4.591249227523802046e-01 4.520804584026330009e-01 4.726449747880297481e-01
4.508092403411865234e-01 4.448302884896600529e-01 4.413517216841376101e-01 4.459850291411085466e-01
4.677090446154276160e-01 4.579005738099420908e-01 4.576201240221657862e-01 4.621076782544457640e-01
4.418139358361565794e-01 4.602346817652385735e-01 4.583241939544687726e-01 4.467514852682746840e-01
4.445168177286785705e-01 4.663655956586200135e-01 4.689139525095614713e-01 4.824828406174980211e-01
4.580564101537064059e-01 4.433401425679524555e-01 4.734970529874166778e-01 4.465305805206302714e-01
4.405956069628393923e-01 4.453347225983932955e-01 4.535088439782459790e-01 4.545910755793254321e-01
4.413409431775407454e-01 4.606762925783794427e-01 4.776110251744589141e-01 4.778355658054352917e-01
4.518700440724689460e-01 4.556237161159515936e-01 4.834692776203149411e-01 4.813355505466465623e-01
4.408069550991053354e-01 4.441230297088619716e-01 4.496922791004178133e-01 4.537182648976638699e-01
4.600637455781297902e-01 4.494085510571801945e-01 5.449948608875279099e-01 4.593119422594705847e-01
4.758726457754767769e-01 4.538032710552219462e-01 4.543968240420027671e-01 4.648186167081198028e-01
4.827264746030177633e-01 4.511048992474874231e-01 4.916703005631765655e-01 4.799689054489135187e-01
4.421292046705884715e-01 4.482252796490988622e-01 4.973057111104324801e-01 4.457299311955774668e-01
4.534433086713151595e-01 4.554224411646523585e-01 4.531810581684116990e-01 4.678479731082914594e-01
4.575251340866091088e-01 4.563216567039488081e-01 4.941338797410330108e-01 4.677611291408541039e-01
4.444852868715925553e-01 4.544991552829738546e-01 4.792821009953817657e-01 4.490178525447846569e-01
4.598736464977263849e-01 4.557304282983145605e-01 4.631567001342778434e-01 4.540618360042567025e-01
4.680358866850530819e-01 4.589270651340485729e-01 4.600871503353120562e-01 4.803917308648420481e-01
4.995715320110320490e-01 4.521297514438629150e-01 4.704126119613642465e-01 4.501185317834217048e-01
4.388541678587593031e-01 4.553193151950841178e-01 4.436795512835189359e-01 4.566914240519204804e-01
4.638286332289379144e-01 4.743659396966294350e-01 4.487340152263641357e-01 4.629567464192707593e-01
4.621979892253879618e-01 4.542402724424995375e-01 4.712104797363283470e-01 4.561586976051330011e-01
4.463709394137067021e-01 4.757713178793588349e-01 4.738180836041766542e-01 4.700324734052019893e-01
4.521163205305740451e-01 4.552723268667854817e-01 4.960105915864300163e-01 4.603301783402763969e-01
4.472407201925919229e-01 4.540974398454038496e-01 4.516179164250691547e-01 4.418963591257737966e-01
4.640113711357118365e-01 4.786233603954312965e-01 5.040793220202128833e-01 4.462361534436545818e-01
4.450050493081411096e-01 4.859756429990128024e-01 4.728512465953824129e-01 5.271712938944500548e-01
4.519791305065154474e-01 4.541932344436645508e-01 4.945663909117381518e-01 4.538170297940570252e-01
5.071725149949382061e-01 4.598421653111777752e-01 4.689484139283495168e-01 4.859906633694962563e-01
4.493511219819389391e-01 4.534645775953927704e-01 4.747302333513891415e-01 4.539228280385337877e-01
4.549611906210582202e-01 4.782270391782127983e-01 4.613619943459829065e-01 4.415874779224392976e-01
4.677878518899286076e-01 4.650238255659740472e-01 4.803576568762463750e-01 4.481476445992786939e-01
4.581013421217601800e-01 4.451615214347836580e-01 4.415807723999023438e-01 4.444851080576581182e-01
4.703907668590545099e-01 4.637606342633565637e-01 4.824316700299575711e-01 5.266405244668317387e-01
4.451872905095414223e-01 4.901192784309386652e-01 4.571035603682204740e-01 4.557592968146010337e-01
5.312463541825616087e-01 4.734508196512862144e-01 4.564820726712544019e-01 4.839181602001186300e-01
4.484610259532932353e-01 4.672679404417672266e-01 4.605433344841003418e-01 4.580137034257256157e-01
4.455545842647551935e-01 4.783203701178236900e-01 4.436045090357463860e-01 5.081272522608445419e-01
4.503504137198133250e-01 4.570944110552467854e-01 4.762021799882258377e-01 4.681003491083781110e-01
4.495752652486162959e-01 4.763688345750171638e-01 4.807375669479365121e-01 4.631471137205754873e-01
4.574663241704300942e-01 4.519149561723075359e-01 4.580314556757608679e-01 4.491474926471709650e-01
4.439165790875752027e-01 4.664920369784035792e-01 4.490880072116855137e-01 4.492456316947944228e-01
4.401846130688976122e-01 4.569757382074984831e-01 4.602029323577880304e-01 4.769377509752908972e-01
4.866512020428973018e-01 4.464876552422836764e-01 4.700273176034289180e-01 4.546700716018675092e-01
4.505301614602403859e-01 4.483466645081838342e-01 4.610661168893180339e-01 4.698883593082431864e-01
4.460771679878232643e-01 4.472123682498939101e-01 4.505023956298821464e-01 4.714677929878237084e-01
4.804491003354389722e-01 4.569558898607888886e-01 4.520900944868723736e-01 4.709466000397995455e-01
4.511036574840548430e-01 4.546744624773654264e-01 4.613804519176488705e-01 4.469160139560698353e-01
4.561167458693188292e-01 4.620339075724278488e-01 4.458313981691997552e-01 4.672491351763408685e-01
4.590701063474023069e-01 4.545635084311163143e-01 4.454493522644042969e-01 4.405509034792580714e-01
4.403952260812128983e-01 4.561635851860043611e-01 4.491174817085260562e-01 4.488015770912167079e-01
4.587531487147014087e-01 4.881093700726830131e-01 4.697096447149912701e-01 4.657520751158397143e-01
4.463820954163870702e-01 4.521899123986561908e-01 4.486760596434281045e-01 4.476848244667059329e-01
4.519561330477391281e-01 4.546818037827806136e-01 4.816377162933352940e-01 4.485201239585879240e-01
4.663144151369727486e-01 4.626202086607613673e-01 4.706560174624115911e-01 4.542438189188637843e-01
4.444464643796290360e-01 4.523818790912630394e-01 4.547220269838971318e-01 4.569002985954284668e-01
4.446815649668370840e-01 4.554529786109926537e-01 4.589838186899816708e-01 4.694228669007625143e-01
5.510345498720806701e-01 5.169279376665754100e-01 4.823874135812122876e-01 4.682730635007220088e-01
4.482055107752490608e-01 4.660371243953708720e-01 4.655304551124573309e-01 4.513045748074844821e-01
4.514084955056509307e-01 4.497541288534803727e-01 4.784382979075115783e-01 4.420353472232820269e-01
4.644341369469958125e-01 4.739005466302239067e-01 4.438675244649247786e-01 4.480781455834709770e-01
4.681278665860494348e-01 4.568032125631969476e-01 4.577477176984154350e-01 4.404842952887216279e-01
4.601407051086426891e-01 4.474052190780641314e-01 4.666736721992488790e-01 4.484596749146780303e-01
4.512368738651275080e-01 4.573087195555370910e-01 4.435314834117896621e-01 4.557886024316153417e-01
4.414791961510975971e-01 4.493095378080999569e-01 4.552548428376513301e-01 4.480682710806530022e-01
4.564840396245318233e-01 4.576956232388818546e-01 4.531065126260123144e-01 4.512912531693774598e-01
4.750172893206277558e-01 4.701432585716244783e-01 4.652302563190462426e-01 4.439352452754977141e-01
4.660991628964740729e-01 4.508009751637777063e-01 4.481341143449148468e-01 4.418126742045084820e-01
4.541850586732227857e-01 4.675643245379131896e-01 4.926108618577321741e-01 4.608331819375348637e-01
4.491887390613559794e-01 4.569785594940187767e-01 4.560831089814503803e-01 4.417416354020435310e-01
4.516900678475698760e-01 4.518996775150300182e-01 4.592829048633571554e-01 4.723558624585469379e-01
4.580871959527338944e-01 4.665501117706302714e-01 4.726137618223830161e-01 4.517197906970972787e-01
4.568460086981453450e-01 4.835803906122841389e-01 4.691578249136607592e-01 4.668380220731095376e-01
5.264250834782923105e-01 4.668716688950854121e-01 4.714930752913152334e-01 4.631446997324627501e-01
4.443050821622211988e-01 4.485996067523954633e-01 4.663290182749435520e-01 4.457427163918807889e-01
4.699816207091012110e-01 4.548742572466533685e-01 4.607822100321445902e-01 4.573559860388441423e-01
4.562475681304936637e-01 4.582746624946587022e-01 4.912998775641128635e-01 4.739279150962825704e-01
4.471874535083766866e-01 4.686802923679359578e-01 4.636878271897634241e-01 4.451756179332733709e-01
4.494763612747191273e-01 4.835968712965640348e-01 4.711846709251404364e-01 4.622935156027475623e-01
4.551422894001006525e-01 4.739386538664496773e-01 4.443768560886379171e-01 4.455081919829055881e-01
4.640245139598847546e-01 4.692716300487518311e-01 4.512130022048954081e-01 4.981617629528047320e-01
4.728965957959494482e-01 4.547698001066847739e-01 4.604565699895225572e-01 4.450634221235912347e-01
4.513424634933470569e-01 4.655803541342420915e-01 4.438328146934508167e-01 4.495529631773622081e-01
4.535506665706635632e-01 4.582111736138658187e-01 4.479353129863740124e-01 4.379225869973505936e-01
4.624457359313972615e-01 5.133079091707862807e-01 4.487791160742445884e-01 4.463988542556765471e-01
4.479310711224875896e-01 4.576882024606076516e-01 4.387660324573516846e-01 4.396435717741645210e-01
4.957821071147923142e-01 4.706308146317795815e-01 4.546111325422922400e-01 4.417915741602578827e-01
4.631849328676860278e-01 4.758346875508628337e-01 4.639982978502918409e-01 4.522376060485842064e-01
4.439103802045178404e-01 4.735332528750105241e-01 4.497391780217493973e-01 4.654413263003032708e-01
4.559682110945388334e-01 4.500347177187601910e-01 4.604035119215644789e-01 4.480808079242711850e-01
4.676352639993037741e-01 4.951863884925848391e-01 5.611900985240931838e-01 4.759474595387779283e-01
4.574774801731103513e-01 4.619573255379987309e-01 4.468268354733785919e-01 4.428605337937671083e-01
4.462775588035584051e-01 4.659939706325527675e-01 4.603295822938282544e-01 4.681651194890342760e-01
4.433457056681314179e-01 4.586646854877466928e-01 4.466370443503062670e-01 4.765212237834933751e-01
4.939651588598881760e-01 4.751796325047811798e-01 4.634507000446315139e-01 4.520636995633445232e-01
4.799178938070930434e-01 4.507027367750799374e-01 4.676913519700365285e-01 4.470179180304204580e-01
4.454990923404685277e-01 4.665785431861881327e-01 4.574615458647405819e-01 4.682466189066566420e-01
4.498745501041417350e-01 4.660674730936684718e-01 4.531368513902032102e-01 4.644318620363876993e-01
4.500467379887899688e-01 4.845848083496093750e-01 4.583597083886463142e-01 4.614420632521311072e-01
4.628242452939350104e-01 4.461495776971185490e-01 4.493280649185183995e-01 4.499206145604449647e-01
4.445603092511497545e-01 4.562644958496098746e-01 4.479279021422068463e-01 4.539431532224020294e-01
4.484295547008513849e-01 4.453923404216768023e-01 4.625883599122366796e-01 4.475303689638771010e-01
4.437466561794279341e-01 4.712385038534798176e-01 4.524432818094899500e-01 4.848892192045849425e-01
4.778556724389395050e-01 4.674703379472093800e-01 4.452989002068830637e-01 4.642961323261266537e-01
4.784953494866681090e-01 4.571111897627508358e-01 4.845924576123558647e-01 4.907219111919409182e-01
4.647639791170759538e-01 4.620359738667807470e-01 5.011584758758539371e-01 4.579985439777368716e-01
4.715490440527593807e-01 4.560352762540179627e-01 4.684493343035382451e-01 4.503580232461282806e-01
4.654757479826613920e-01 4.716800848642980770e-01 4.665439923604330352e-01 4.557287295659384618e-01
4.658855398495994615e-01 4.716700514157614044e-01 4.541883468627929132e-01 4.786132276058198132e-01
4.569796721140545470e-01 4.608087142308552320e-01 4.497886697451273785e-01 4.483061134815218285e-01
4.465567171573635030e-01 4.547047813733413046e-01 4.544283747673036333e-01 4.507396022478737385e-01
4.807534615198773564e-01 4.866600632667543169e-01 4.727894266446427407e-01 4.612448910872141705e-01
4.521693984667465860e-01 4.579066336154941075e-01 4.514949818452202446e-01 4.489096105098719924e-01
4.648555815219883591e-01 4.586790601412459867e-01 4.548740883668260793e-01 4.981928169727329325e-01
4.484677016735073574e-01 4.796139895915982332e-01 4.507062137126925383e-01 4.689512749512990131e-01
4.649734099706020474e-01 4.926600555578873331e-01 4.512115418910974673e-01 4.468106329441072777e-01
4.756749073664352512e-01 4.676043788592016970e-01 4.587005873521166066e-01 4.637010296185819502e-01
4.495722353458415088e-01 4.670644402503965620e-01 4.804657498995458242e-01 5.190079112847638676e-01
4.451450208822883559e-01 4.735562702020005288e-01 4.568981627623242558e-01 4.501319626967112963e-01
4.484961728254956426e-01 4.551055630048115863e-01 4.510875344276423782e-01 4.476719498634338379e-01
4.939424494902293072e-01 4.890990157922117110e-01 4.538189669450121699e-01 4.570124149322508100e-01
5.035014053185774552e-01 4.635836879412336131e-01 4.643211066722874314e-01 4.670302371184026913e-01
4.689095715681712018e-01 4.760560194651286547e-01 4.711348613103230054e-01 4.877586563428243371e-01
4.528870979944865094e-01 4.590574900309243311e-01 4.423148830731705727e-01 4.433022836844125458e-01
4.617203076680503893e-01 5.182803869247438744e-01 5.324430465698245518e-01 4.586015144983920933e-01
4.644016325473783180e-01 4.900338550408681049e-01 4.813718895117445884e-01 4.473535815874739585e-01
4.759046733379367344e-01 4.552973310152689801e-01 4.448520044485722580e-01 4.451166192690534373e-01
4.442823628584542939e-01 4.561367134253187516e-01 4.502682586510975415e-01 4.623149732748666474e-01
4.659738043944037789e-01 4.552382429440812173e-01 4.828951259454090095e-01 4.789541959762572132e-01
4.795087277889245048e-01 4.660775264104209392e-01 4.579069217046102813e-01 4.610372086366015809e-01
4.626450737317402417e-01 4.739094376564026989e-01 4.503979484240210884e-01 4.500669042269387909e-01
4.495098392168688783e-01 4.596015413602194122e-01 4.439011315504708954e-01 4.417832791805268999e-01
4.467093944549559992e-01 4.604536294937130458e-01 5.097651282946266127e-01 4.739459753036494583e-01
4.572870333989462743e-01 4.904074172178903845e-01 4.659500420093534157e-01 4.551497499148045023e-01
4.446694056193032374e-01 4.715691904226941289e-01 4.490952094395956329e-01 4.661809404691061309e-01
4.551495711008706757e-01 4.800876875718437242e-01 4.479302664597827888e-01 4.609699348608652381e-01
4.605749249458309658e-01 4.966209630171458111e-01 4.613623917102814276e-01 4.449270069599150501e-01
4.486208955446876478e-01 4.630272388458251953e-01 4.470743934313461954e-01 4.628283182779953653e-01
4.493172367413838519e-01 4.532168706258139501e-01 4.703690906365713409e-01 4.565883378187815533e-01
4.620833893616994592e-01 4.682894349098203901e-01 4.700946907202409597e-01 4.590098659197486275e-01
4.483906726042431456e-01 4.563545684019728599e-01 4.460393885771431477e-01 4.453217685222624067e-01
4.587774376074470473e-01 4.686831136544545862e-01 4.431653618812559370e-01 4.579111039638513736e-01
4.655661682287855485e-01 4.914864202340440968e-01 5.103558699289955092e-01 4.588215649127958540e-01
4.621489842732740549e-01 4.828982353210453660e-01 4.741331934928894598e-01 4.500994582970940239e-01
4.632810254891712165e-01 4.629557629426322984e-01 4.615127642949424236e-01 4.586069385210672089e-01
4.489498635133107318e-01 4.984233379364019223e-01 4.454687039057411702e-01 4.997086822986601118e-01
4.757856329282123542e-01 4.677897592385613090e-01 4.416690170764922541e-01 4.779468079408014103e-01
4.405497312545773592e-01 4.512089093526207018e-01 4.585833549499508943e-01 4.438833097616832202e-01
4.686244328816731586e-01 4.788720607757568914e-01 4.430670340855923373e-01 4.667740364869434888e-01
4.692632357279459265e-01 4.819152553876240863e-01 5.185020466645557935e-01 5.064523120721182714e-01
4.474023381868994509e-01 4.673399925231930263e-01 4.848204851150518802e-01 4.549573858579005758e-01
4.631243248780573252e-01 4.555462698141732325e-01 4.658704797426855837e-01 4.474721252918245074e-01
4.564718206723531457e-01 4.607424239317570724e-01 4.946654339631394448e-01 4.493194818496698550e-01
4.489552080631253328e-01 4.887308279673255873e-01 4.464743634064991529e-01 4.519167840480801113e-01
4.401939213275909424e-01 4.677400290966037821e-01 4.380824963251744308e-01 4.484586715698239412e-01
4.475152194499968927e-01 4.474349617958070513e-01 4.466546873251593386e-01 4.472097456455241260e-01
4.573782583077750652e-01 4.596227804819743579e-01 4.563342134157817309e-01 4.993889828522998786e-01
4.551287392775216212e-01 5.143545369307196413e-01 4.575652877489727044e-01 4.483075737953184925e-01
4.436274866263069661e-01 4.572613934675854308e-01 4.654342333475749438e-01 4.649729828039804724e-01
4.433547854423526280e-01 4.602168798446655273e-01 4.514679114023846807e-01 4.475753804047902240e-01
4.683898289998372766e-01 4.974311490853624007e-01 4.676115512847900391e-01 4.829827845096589800e-01
4.451149801413217810e-01 4.676359494527175253e-01 4.662598768870038213e-01 4.549115300178521726e-01
4.809380869070686848e-01 4.741970101992291076e-01 4.614298244317374120e-01 4.522196948528295901e-01
4.792445997397108415e-01 4.668227732181547407e-01 4.926943282286329051e-01 4.757767915725706342e-01
4.512077371279401006e-01 4.745960434277852746e-01 4.467232624689733145e-01 4.515572885672246572e-01
4.518126249313360043e-01 4.967245062192277016e-01 4.470466971397397127e-01 4.790556430816649836e-01
4.623036980628967285e-01 4.556354979674024919e-01 4.527179598808293570e-01 4.733501374721522659e-01
4.419035514195758796e-01 4.534566899140676233e-01 4.409363071123761357e-01 4.507173299789426490e-01
4.613937238852185985e-01 4.454122583071387642e-01 4.810920457045239074e-01 4.526265760262808691e-01
4.547876715660101321e-01 4.905239144961036635e-01 4.452463090419776504e-01 4.447708229223890641e-01
4.682297110557553932e-01 4.730854332447051447e-01 4.436303675174713690e-01 5.043868323167176593e-01
4.534102777640022230e-01 4.592280387878418524e-01 4.439408381779988977e-01 4.461751778920486911e-01
4.520176450411481084e-01 4.503251214822128756e-01 4.381736516952518534e-01 4.365646044413247218e-01
4.475237329800920705e-01 4.508245587348936323e-01 4.411397775014239131e-01 4.430427153905233673e-01
4.384226997693374539e-01 4.485334952672320741e-01 4.376736581325527675e-01 4.400140643119810346e-01
4.519961078961684531e-01 4.674356381098429547e-01 4.451140761375430022e-01 4.408679207166040781e-01
4.454077879587812205e-01 4.583391547203062300e-01 4.484807948271435918e-01 4.690259695053100031e-01
4.398265580336252478e-01 5.030919412771861499e-01 4.581352074940993613e-01 4.874782860279077146e-01
4.490576187769567684e-01 4.526973366737367388e-01 4.610172510147091396e-01 5.005246798197431346e-01
4.549130201339721680e-01 4.783605535825094512e-01 4.928775827089938444e-01 4.721751312414805279e-01
4.601640899976094379e-01 4.643784165382383589e-01 4.598675469557444995e-01 4.539392888545996096e-01
5.028108457724251856e-01 4.787245194117223379e-01 4.728667736053466242e-01 4.906938572724655057e-01
4.586733182271323650e-01 4.903920690218611100e-01 4.470136264959970740e-01 4.498628874619805540e-01
4.714890221754707844e-01 4.651409188906353576e-01 4.926827053229018150e-01 4.328638017177580677e-01
4.506156841913858124e-01 4.547160069147738737e-01 4.739030698935192132e-01 4.371445973714185307e-01
4.491652250289914217e-01 4.650555849075319603e-01 4.505540132522581898e-01 4.492828945318858569e-01
4.555797179539998187e-01 4.660221238931018806e-01 4.643238186836243786e-01 4.466710885365805517e-01
4.696775277455645381e-01 4.769280552864071931e-01 4.736317197481795804e-01 4.438907106717430162e-01
4.566579957803096890e-01 4.997280438741052988e-01 4.705742498238885130e-01 4.577276607354487936e-01
4.591040313243862636e-01 4.562330444653826533e-01 4.457703332106268124e-01 4.474223554134366676e-01
4.695243537425993208e-01 4.567239284515390296e-01 4.582206606864931975e-01 4.414906601111092121e-01
4.439670244852698677e-01 4.493328034877776544e-01 4.580748379230496492e-01 4.522919456164045116e-01
4.635833005110431282e-01 4.771334230899809681e-01 4.722645382086438359e-01 4.510671099026997699e-01
4.603109161059061316e-01 4.615952769915268039e-01 4.649351636568704871e-01 4.582623143990836589e-01
4.408782621224721643e-01 4.452453752358758732e-01 4.542368253072101014e-01 4.478465914726252328e-01
4.392785330613452888e-01 4.466536541779839165e-01 4.557742377122244171e-01 4.612256288528444048e-01
4.508115351200102094e-01 4.660657544930782437e-01 4.704678853352862178e-01 4.881788889567056922e-01
4.488613009452814828e-01 4.708150327205659069e-01 4.554693500200912015e-01 4.657312929630282872e-01
4.590956966082255786e-01 4.558373391628262050e-01 4.564169446627294735e-01 4.445291558901470763e-01
4.624856611092884040e-01 4.569316009680428059e-01 4.704628586769103449e-01 4.484702845414480499e-01
4.504936337471010521e-01 4.543198247750601659e-01 4.537532925605769485e-01 4.557247360547389547e-01
4.579037626584373522e-01 4.594008326530452657e-01 4.611616830031078917e-01 4.545719126860296999e-01
4.672782719135279983e-01 4.689552982648215185e-01 4.467281500498451741e-01 4.995228052139278341e-01
4.602986574172974743e-01 4.800014098485310132e-01 4.706480503082277611e-01 4.663884639739992455e-01
4.466902116934455269e-01 4.484557608763376502e-01 4.668733278910315310e-01 4.492724339167271652e-01
4.483713308970136424e-01 4.713783462842303651e-01 4.582099517186480342e-01 4.398223161697383810e-01
4.729217092196145167e-01 4.787807166576382167e-01 4.634191989898687747e-01 4.795396526654559510e-01
4.589584966500599439e-01 4.652422865231830573e-01 4.854896962642673008e-01 4.656903048356371144e-01
4.508990844090777217e-01 4.555549422899887180e-01 4.841789205869037049e-01 4.502392411231993519e-01
4.645762443542479359e-01 4.845116436481478606e-01 4.865063031514485492e-01 4.636806050936378432e-01
4.525289138158160029e-01 4.739350279172264702e-01 4.592327972253171242e-01 4.729083677132923658e-01
4.594769577185320308e-01 4.679865439732869281e-01 4.820236563682556152e-01 4.548626244068148528e-01
5.240349272886909437e-01 4.820970892906192296e-01 4.557785987854006682e-01 4.473133186499279046e-01
4.520080586274464740e-01 4.702070752779645701e-01 4.454512397448224248e-01 4.573128223419186678e-01
4.598848621050510288e-01 4.886360069115956439e-01 4.528674781322482579e-01 4.554981092611939397e-01
4.460473159948988298e-01 4.699022074540455951e-01 4.675906797250113378e-01 4.746280809243518806e-01
4.570029477278390595e-01 4.584050277868906842e-01 4.627730747063954486e-01 4.551330705483751515e-01
4.540704886118575034e-01 4.614596466223402360e-01 4.469156563282007388e-01 4.490945637226103626e-01
4.549398422241220930e-01 4.735867679119113438e-01 5.000131626923880468e-01 4.610704481601712312e-01
4.475974837938946904e-01 4.690976540247601134e-01 4.487937788168592790e-01 4.516951243082678591e-01
4.817702670892083372e-01 4.887116253376007080e-01 4.669366081555682002e-01 4.853418966134385171e-01
4.449761509895325817e-01 4.521854519844054066e-01 4.538047711054485900e-01 4.558836420377101462e-01
4.614557027816775792e-01 4.686104059219358131e-01 4.392741223176323540e-01 4.339370826880136200e-01
4.632721940676372552e-01 4.978643457094829028e-01 4.867322842280080719e-01 5.086374978224434962e-01
4.342541495958970876e-01 4.495814442634583075e-01 4.756940702597295401e-01 4.414066871007285564e-01
4.501588245232894803e-01 4.552145103613534638e-01 4.595911602179215683e-01 4.557737608750666025e-01
4.548289080460867218e-01 4.507823785146075624e-01 4.645973543326054056e-01 4.511958559354148912e-01
4.584746559460953774e-01 4.585277140140531782e-01 4.641184111436211235e-01 4.606282611687980144e-01
5.247811774412793895e-01 4.711554944515232157e-01 4.595882296562198710e-01 4.496610959370929139e-01
4.557301402091981091e-01 4.662543733914690791e-01 4.541978538036344770e-01 4.700528581937154504e-01
4.637431800365449108e-01 4.636847674846651390e-01 4.561840097109479686e-01 4.558013478914894057e-01
4.594294130802153431e-01 4.538102149963379461e-01 4.617790579795842398e-01 4.576799074808754475e-01
4.579475820064542457e-01 4.672063191731773979e-01 4.663636684417724054e-01 4.822369615236919427e-01
4.696582555770875134e-01 4.658388892809554038e-01 4.549665749073019683e-01 4.863813122113543885e-01
4.701588849226638889e-01 4.817513028780616713e-01 4.633580247561130960e-01 4.664065241813662444e-01
4.541927675406138287e-01 4.758953452110295523e-01 4.519940217336017030e-01 4.639063974221546149e-01
4.565296769142151434e-01 4.678049782911940513e-01 4.500386118888860532e-01 4.721610049406688159e-01
4.562213619550065102e-01 4.632471899191535347e-01 4.623525142669677734e-01 4.635978937149048962e-01
4.494572579860687256e-01 4.592693845431007338e-01 4.478119413057967124e-01 4.455330173174540387e-01
4.597828487555185584e-01 4.687069555123642428e-01 4.512695868810017163e-01 4.709301292896274083e-01
4.692153632640839178e-01 4.645550747712456907e-01 4.544656177361804383e-01 4.533288578192392060e-01
4.905620217323303223e-01 4.674976170063011582e-01 4.422840078671776975e-01 4.614885946114855031e-01
4.600606461366013034e-01 4.759812355041504461e-01 4.544251561164858733e-01 4.646475215752918775e-01
4.424364566802975740e-01 4.579159915447230111e-01 4.459574917952219275e-01 4.652452468872074753e-01
4.571652313073479301e-01 4.585712850093844883e-01 4.631669024626416387e-01 4.561443924903868519e-01
4.450307985146840783e-01 4.903009434541064637e-01 4.587991833686823617e-01 4.941599567731215226e-01
4.698801139990486653e-01 4.484220544497168337e-01 4.495862126350402832e-01 4.431773920853933624e-01
4.416235884030660364e-01 4.658598403135935651e-01 4.389201303323108649e-01 4.493488073349000134e-01
4.510998825232187537e-01 4.487701257069904304e-01 4.470390876134233693e-01 4.417124787966418276e-01
4.420934518178304407e-01 4.653692444165545838e-01 4.729570945103964696e-01 4.487386147181198215e-01
5.017740329106644692e-01 4.549564917882283899e-01 4.496977527936302232e-01 4.505874713261923126e-01
4.545935293038682601e-01 4.528505504131319359e-01 4.503984252611794581e-01 4.464231630166379250e-01
5.064715544382730750e-01 4.646514455477394057e-01 4.804186026255283792e-01 4.869050780932108191e-01
5.210522313912711034e-01 4.724497199058529939e-01 4.585895438989008865e-01 4.437191685040796085e-01
4.683545430501303009e-01 4.537612696488699249e-01 4.653381506601969586e-01 4.487739106019338897e-01
4.721991221110024006e-01 4.731861849625904615e-01 4.923645953337352776e-01 4.879822532335915675e-01
4.580068488915757241e-01 4.738208353519438032e-01 4.621146718660990582e-01 4.474428494771321985e-01
4.501174986362459496e-01 4.684048295021057129e-01 4.500818550586704880e-01 4.672550261020655404e-01
4.557803869247438189e-01 4.528443515300747402e-01 4.683013856410970788e-01 4.610082109769187420e-01
4.641695221265162430e-01 4.648288091023761726e-01 4.495590825875603325e-01 4.407589932282767742e-01
4.534980555375415778e-01 4.820051689942682627e-01 4.590463638305672389e-01 4.535661240418751294e-01
4.827781120936077697e-01 4.615613321463267194e-01 4.840526580810542434e-01 4.829729696114851700e-01
4.622707664966579366e-01 4.694496591885888304e-01 4.871257245540616121e-01 4.539509018262223861e-01
4.754717250665023709e-01 4.727302591005953514e-01 4.615495403607684510e-01 4.814743498961129853e-01
4.875292082627617485e-01 4.685118397076922236e-01 5.104230741659799842e-01 4.568459788958231793e-01
4.977849225203200279e-01 4.562417268753060640e-01 4.754309058189393200e-01 4.497151573499050259e-01
4.711123704910281096e-01 4.728974898656208015e-01 4.825994372367858887e-01 4.925575653711953272e-01
4.690397481123597667e-01 4.556539158026383096e-01 4.593389828999837055e-01 4.496195415655772631e-01
4.487996002038320831e-01 4.701449871063232422e-01 4.455850422382348075e-01 4.646657804648086088e-01
4.572326044241586396e-01 4.685455163319902083e-01 4.727215468883511629e-01 4.656814932823177822e-01
4.483620325724288480e-01 4.604310790697734301e-01 4.773199458916984050e-01 4.584298431873315427e-01
4.562400579452512983e-01 4.491755664348599519e-01 4.511865476767222827e-01 4.483446975549066904e-01
4.404249191284184684e-01 4.622385700543719111e-01 4.686494966348015434e-01 4.602299431959789300e-01
4.430567721525827118e-01 4.804387787977852375e-01 4.647593200206760478e-01 4.827444056669871753e-01
4.533219138781232616e-01 4.686549603939056952e-01 4.571124017238610837e-01 4.508677025636042002e-01
4.476526180903119267e-01 4.511184791723887866e-01 4.967330396175381746e-01 4.507212241490686777e-01
4.466392993927002508e-01 4.712944130102793006e-01 4.637129505475356961e-01 4.509421984354655133e-01
4.510230422019955721e-01 4.568191270033520879e-01 4.644006888071696704e-01 4.644842843214666006e-01
4.747460385163626562e-01 5.222677191098533678e-01 4.594493210315706566e-01 4.628251691659291400e-01
4.470231731732689506e-01 4.495201309521994482e-01 4.882194300492603833e-01 4.429262181123095887e-01
4.642546077569320584e-01 4.995249708493553764e-01 4.623862107594802207e-01 4.574794570604964195e-01
4.741313159465790905e-01 4.768123825391137882e-01 4.571576217810316978e-01 4.552939434846243194e-01
5.274407863616943359e-01 4.608925879001619097e-01 4.926530520121252810e-01 4.719107747077948001e-01
4.551223019758859345e-01 4.740179975827530368e-01 4.549244145552319707e-01 4.562614659468334777e-01
4.631194174289702259e-01 4.868792990843455737e-01 4.900204638640083266e-01 4.748302300771081175e-01
4.528084397315982890e-01 4.624197284380595074e-01 4.547916650772094171e-01 4.546596308549241683e-01
4.835854371388760287e-01 4.852869113286327196e-01 4.774846831957498816e-01 4.590816299120585864e-01
4.880591630935670056e-01 4.579273959000906280e-01 4.633402923742928059e-01 4.486262698968251361e-01
4.613282978534699597e-01 4.794591863950097843e-01 4.691953857739762368e-01 4.613532523314153866e-01
4.532909393310545765e-01 4.621084928512571022e-01 4.557896355787914300e-01 4.895038704077399605e-01
4.457152982552839982e-01 4.579235514005028929e-01 5.217933456103004408e-01 5.243520438671112061e-01
4.612003068129226224e-01 4.588214556376133957e-01 4.611743986606599566e-01 4.631942212581633966e-01
4.670924941698709199e-01 4.735445280869802764e-01 4.547079304854079185e-01 4.499946335951488519e-01
4.673836032549542607e-01 4.601858357588445858e-01 4.633568823337554932e-01 4.760823051134743800e-01
4.760304788748417337e-01 4.659948348999022882e-01 4.504046142101281180e-01 4.497571289539337713e-01
4.517092903455096620e-01 4.588427046934759890e-01 4.488524297873170421e-01 4.561465879281362823e-01
4.616345663865401572e-01 4.808125893274940443e-01 4.535738229751584694e-01 4.463332196076702507e-01
6.409485836823787253e-01 4.558987418810525050e-01 4.462065696716304708e-01 4.423824449380239776e-01
4.867704510688780073e-01 4.660036663214363051e-01 4.748890896638232051e-01 4.656597077846522104e-01
4.431724349657698014e-01 4.529753724733989184e-01 4.745208323001863793e-01 4.981667300065354964e-01
4.599964221318569302e-01 4.661787052949266652e-01 4.483419656753540039e-01 4.844786127408342025e-01
4.467599689960484732e-01 4.724899033705391438e-01 5.050363540649414062e-01 4.894506533940631288e-01
4.730788966019949249e-01 4.776445925235753842e-01 4.613591730594638896e-01 4.806156853834788190e-01
4.587621490160629367e-01 4.997121294339501585e-01 4.926242132981615840e-01 4.643546243508656635e-01
4.530173440774288296e-01 4.588941534360248542e-01 4.499953687191010632e-01 4.616235593954720051e-01
4.490166405836743535e-01 4.704902668793994325e-01 4.481129844983410826e-01 4.686098694801323905e-01
4.809526205062863990e-01 4.877627690633138391e-01 4.561029374599455122e-01 4.984288911024733482e-01
4.570581118265788501e-01 4.503392775853475860e-01 4.624494810899101860e-01 4.716220001379649585e-01
4.485283096631371147e-01 5.175997217496236535e-01 4.522316058476766876e-01 4.544695218404135040e-01
4.457991222540539922e-01 4.682446519533793872e-01 4.562026460965476482e-01 4.875648617744445246e-01
4.591141839822128756e-01 4.535229603449500990e-01 4.582985341548921898e-01 4.660821358362829403e-01
4.520786106586455189e-01 4.579981664816544229e-01 4.521152873833976238e-01 4.473611911137899688e-01
4.573814670244856218e-01 4.910556574662525153e-01 4.492813050746917725e-01 4.666616221268973241e-01
5.085783203442894029e-01 4.514101246992744398e-01 4.748365382353462727e-01 4.450555245081580513e-01
4.491781890392300691e-01 4.533971647421516926e-01 4.558467467625940128e-01 4.427360097567240582e-01
4.705293476581575707e-01 4.579505920410152919e-01 4.685200353463489509e-01 4.447658360004425049e-01
4.506769875685376903e-01 4.949710567792254268e-01 4.515760143597919440e-01 4.496659040451043698e-01
4.472942650318137980e-01 4.500608245531717011e-01 4.478014111518855422e-01 4.475688536961872077e-01
4.705856839815777959e-01 4.732372860113778223e-01 4.742600520451861201e-01 4.745339651902514277e-01
4.471835593382514906e-01 4.504173696041106068e-01 4.616332650184629127e-01 4.685447017351782595e-01
4.501337607701622057e-01 4.730930725733440978e-01 4.440238078435270741e-01 4.525326093037928543e-01
4.900508920351668296e-01 4.583390851815541400e-01 4.498801132043207529e-01 4.422595103581742348e-01
4.488110840320584938e-01 4.678227007389069714e-01 4.482205212116244786e-01 4.856609404087060544e-01
4.876535932223002856e-01 4.832110305627186353e-01 5.041242341200512511e-01 4.546649257342023076e-01
4.621336261431382431e-01 4.538383682568867261e-01 4.557472864786787370e-01 4.417374432086944025e-01
4.500646094481149384e-01 4.716326793034869014e-01 4.459503193696338075e-01 4.628553191820781176e-01
4.919134080410001997e-01 4.536170562108358673e-01 4.508903026580809992e-01 4.690345625082647518e-01
4.516613483428958409e-01 4.791801571846013297e-01 4.445168375968931995e-01 4.552086591720582165e-01
4.582606653372444105e-01 4.593908687432607385e-01 4.594243566195165274e-01 4.505086739857992462e-01
4.554021457831064490e-01 4.603781004746761440e-01 4.899032612641650020e-01 4.824510216712951660e-01
4.857577482859294360e-01 4.668630460898083312e-01 4.630202949047089178e-01 5.337125758330029113e-01
4.513518412907918664e-01 4.643815656503036404e-01 5.459630489349366345e-01 4.679248034954072155e-01
4.538393517335255756e-01 4.616976181666058721e-01 4.636955658594760776e-01 4.740643302599589770e-01
5.060161550839734623e-01 4.606413841247554708e-01 6.895210345586141321e-01 4.701681037743885017e-01
4.544409314791363341e-01 4.715991318225863926e-01 4.480316837628676718e-01 5.196666022141780417e-01
5.068795780340825674e-01 4.777458210786181270e-01 5.115714669227597877e-01 4.501677254835766973e-01
4.543811082839969706e-01 4.736785391966505387e-01 4.468568563461308707e-01 4.579209089279171474e-01
4.660421808560687995e-01 4.493647615114843563e-01 4.581182698408763909e-01 4.511957565943394699e-01
4.537864625453949530e-01 4.685465296109519451e-01 4.451104799906409060e-01 4.367665747801467990e-01
4.705204864343006110e-01 4.582908948262537918e-01 4.489057958126063674e-01 4.820904433727261074e-01
4.775951206684111994e-01 4.561153054237366278e-01 4.680179158846530796e-01 4.620130658149724234e-01
4.639926552772522528e-01 4.533963104089098750e-01 4.633125464121503612e-01 4.978517095247904645e-01
4.469307065010064695e-01 4.581675628821055279e-01 4.598233699798585095e-01 4.570292433102927654e-01
4.444454312324517820e-01 4.513533413410187878e-01 4.530980984369911146e-01 4.486659467220306952e-01
4.623657166957854669e-01 5.332332452138263124e-01 4.994192918141682758e-01 4.944346050421399297e-01
4.565304418404890763e-01 4.701155722141262538e-01 4.620207945505775959e-01 4.599240322907759415e-01
5.080051620801300238e-01 4.521683355172471108e-01 4.753440121809638930e-01 4.436631898085276471e-01
4.520300428072605015e-01 4.793393313884733997e-01 5.046511689821882030e-01 4.784778455893207716e-01
4.477407832940417665e-01 4.506213665008544367e-01 4.713936050732932537e-01 4.597048759460447553e-01
4.738277991612753204e-01 4.819894333680468934e-01 4.526214996973682014e-01 4.485521217187247167e-01
4.443941712379451126e-01 4.601927697658541039e-01 4.600443343321478085e-01 4.547080993652339864e-01
4.567855099836986565e-01 4.575939675172165932e-01 4.701755344867703523e-01 4.570071697235101871e-01
4.875825146834057988e-01 4.644163449605305805e-01 4.966046710809070563e-01 4.505959947903956375e-01
4.682452281316119014e-01 4.614789386590321674e-01 4.597714642683664588e-01 4.529820382595063921e-01
4.627140561739598867e-01 4.702897965908046651e-01 4.719756344954175176e-01 4.721930722395583091e-01
4.453097581863403320e-01 4.587602814038595489e-01 4.516454537709554962e-01 4.730539023876195737e-01
4.736515084902447881e-01 4.559635917345677969e-01 4.789349039395649488e-01 4.714966714382170521e-01
4.486325780550642350e-01 4.535945256551103810e-01 4.694535334904986756e-01 4.575822353363040995e-01
4.697975118954973994e-01 4.956578314304351252e-01 4.696893890698751184e-01 4.620292882124588107e-01
4.410391151905057594e-01 4.571840465068815473e-01 4.577315747737885632e-01 4.697863956292465115e-01
4.443683127562207402e-01 4.535120626290634060e-01 4.736636281013490990e-01 4.980627298355103094e-01
4.944877425829573570e-01 4.888809323310846500e-01 4.707600275675457580e-01 4.791828195254011491e-01
4.531436959902438999e-01 4.493288000424705553e-01 4.554448624451954974e-01 4.542899231115983261e-01
4.593152403831480268e-01 4.685168365637459309e-01 4.606968263785041762e-01 4.690200388431542966e-01
4.565603236357370642e-01 4.680872658888496352e-01 4.530224402745560153e-01 4.744475682576500541e-01
4.538444876670836847e-01 4.682475924491880104e-01 4.517725606759389612e-01 4.683919052282968232e-01
4.733672142028810259e-01 4.586634933948519621e-01 4.891912837823232385e-01 4.525977671146386716e-01
4.473303059736892240e-01 4.527582923571267237e-01 4.713009595870968349e-01 4.615628421306613993e-01
4.584864775339766441e-01 4.799788792928062486e-01 4.834646582603451814e-01 4.599420130252839245e-01
4.517066677411397668e-01 4.524888197580973492e-01 4.605007668336231763e-01 4.470958113670349121e-01
4.786880016326905407e-01 4.541236559549970964e-01 4.814171989758816439e-01 4.502789278825121699e-01
4.666165014108029085e-01 4.556973973910018461e-01 4.621758560339611077e-01 4.502343138058974015e-01
4.854444464047742991e-01 4.823692639668780702e-01 4.617742697397873020e-01 4.560379981994629461e-01
4.626253346602123284e-01 4.583813349405927440e-01 4.586746692657471813e-01 4.959082106749218566e-01
4.409423569838203383e-01 4.704383512338006224e-01 4.688710570335382077e-01 4.568580687046047695e-01
4.386786619822186095e-01 4.480539063612616335e-01 4.774135152498877321e-01 4.676088591416677764e-01
4.457106391588850358e-01 4.471774995326996960e-01 4.905593693256377064e-01 5.022892753283185741e-01
4.439834654331208386e-01 4.692729413509367231e-01 4.585492511590321119e-01 4.679700632890061440e-01
4.509973227977752130e-01 4.546890159447978808e-01 4.624692201614377662e-01 5.063370466232294254e-01
5.012882252534230920e-01 4.585098226865130244e-01 4.556577503681190078e-01 4.552103479703268896e-01
4.580922822157541541e-01 4.459764063358313546e-01 4.748377104600273180e-01 4.563189844290412300e-01
4.812793731689459231e-01 4.542789856592812092e-01 4.589321712652840168e-01 4.575738708178204717e-01
4.715988139311474425e-01 4.770749310652417363e-01 5.159196754296628828e-01 4.809993604818978974e-01
4.637450178464259110e-01 4.909296830495205044e-01 4.527717530727388140e-01 4.502796828746796209e-01
4.442583918571470503e-01 4.668301542599994636e-01 4.476837317148845141e-01 4.659689366817470479e-01
4.604935149351760959e-01 4.658259153366090533e-01 4.906936983267467522e-01 4.588826596736909624e-01
4.442000985145571068e-01 4.579644103844962566e-01 4.726901153723393478e-01 4.650471806526180751e-01
4.585737486680349084e-01 4.944849014282223787e-01 4.772059023380276210e-01 4.735999604066215563e-01
4.906210203965507555e-01 4.660044809182484760e-01 4.737379451592761970e-01 4.773766696453097258e-01
4.608950018882749800e-01 4.608168005943300005e-01 4.653563201427459162e-01 4.614522357781725703e-01
4.626024365425110418e-01 4.487185378869371077e-01 4.486359258492787494e-01 5.082064469655346306e-01
4.566667377948759321e-01 4.844072659810377268e-01 4.825751980145771558e-01 4.817530413468679718e-01
4.624478320280711596e-01 4.745803674062096245e-01 4.600110153357192533e-01 4.528876145680740262e-01
4.630196392536166661e-01 4.773716231187189463e-01 4.751953879992167340e-01 4.580411414305370355e-01
4.417416055997212543e-01 4.486742317676545300e-01 4.522253374258681236e-01 4.609154363473252913e-01
4.692550996939337526e-01 4.564977188905083305e-01 4.760602513949075965e-01 4.436907768249509498e-01
4.590780735015871916e-01 4.514785806337993090e-01 4.639988640944168186e-01 4.541524052619937413e-01
4.976961513360344536e-01 4.658264319101969586e-01 4.890066285928096890e-01 4.483427007993062152e-01
4.797959427038830382e-01 4.584914843241378324e-01 4.971699416637425650e-01 4.612863957881924715e-01
4.585265020529429303e-01 5.022045671939857625e-01 4.796244005362195750e-01 5.177057484785716479e-01
4.410021205743155370e-01 4.688467184702556079e-01 4.797222713629413215e-01 4.765183627605431571e-01
4.489295383294424346e-01 4.471504390239718907e-01 4.890466531117755866e-01 4.499407609303787692e-01
4.715958138306933223e-01 4.600294331709542939e-01 4.593932131926213303e-01 4.573562443256384280e-01
4.514625171820330629e-01 4.787498215834299908e-01 4.470511873563131622e-01 4.531945089499153645e-01
4.519547124703725549e-01 4.597355027993514920e-01 4.595241645971939737e-01 4.580236275990804407e-01
4.914773106575009987e-01 4.588844279448193175e-01 4.992387990156812450e-01 4.494435886542007541e-01
4.617918630441029126e-01 4.531906445821125562e-01 4.622765481472013160e-01 4.549444516499837610e-01
4.640879730383554724e-01 4.565949936707813794e-01 4.679821431636808082e-01 4.758472442626955345e-01
4.653848906358082349e-01 4.736132820447280789e-01 4.787960052490231599e-01 4.598904351393383605e-01
4.559060136477144920e-01 4.700906276702878639e-01 4.592894911766051691e-01 4.514440198739371746e-01
4.515267213185633066e-01 4.556849201520279946e-01 4.545026024182639013e-01 4.506606062253315503e-01
4.674144585927331730e-01 4.686045547326402883e-01 4.871403674284619512e-01 4.601717491944633531e-01
4.621348877747850081e-01 4.549465874830874723e-01 4.464143216609950393e-01 4.431669116020203747e-01
4.649611314137779838e-01 4.563740591208141351e-01 4.623389045397442998e-01 4.696829617023471903e-01
4.477689862251281738e-01 4.989203015963231680e-01 4.466840525468190881e-01 4.507929881413775819e-01
4.711332122484840901e-01 5.220499237378437574e-01 5.197199086348220920e-01 4.690307676792148106e-01
4.848848680655158949e-01 4.672298530737560296e-01 4.526719748973844770e-01 4.552720785140988435e-01
4.498461385567984472e-01 4.555849432945248689e-01 4.513134956359863281e-01 4.480206171671549109e-01
4.591076076030725095e-01 4.753705859184259586e-01 4.978962540626526434e-01 4.842734734217327697e-01
4.628027379512782979e-01 4.617338478565210513e-01 4.514458378156032681e-01 4.507983922958375689e-01
4.522632062435156808e-01 4.629010756810503779e-01 4.852932294209800212e-01 4.701700607935587750e-01
4.783739348252618595e-01 4.560246964295702754e-01 4.894283016522726348e-01 4.657215575377146033e-01
4.740401903788240556e-01 5.354871352513628224e-01 4.756641884644828844e-01 4.481449623902636348e-01
4.484532872835794159e-01 4.550689359505973308e-01 4.539284110069278233e-01 4.788432319958999539e-01
