4.424529771010081158e-01 4.448915620644887103e-01 4.548564751942957285e-01 4.519481162230174487e-01
5.078999400138858311e-01 4.721322556336721155e-01 4.591982165972393060e-01 4.668719271818796424e-01
4.442122280597690653e-01 4.678865373134612482e-01 5.137754579385126474e-01 4.775985280672703781e-01
4.673051039377847937e-01 4.529139697551727295e-01 4.883850117524469181e-01 4.791776835918423738e-01
4.523569345474239833e-01 4.784839749336246006e-01 4.527216156323745633e-01 4.588953256607051778e-01
4.653309086958566376e-01 4.770896434783934437e-01 4.527819852034244974e-01 4.764839212099712951e-01
4.879980285962426390e-01 4.621814787387851231e-01 5.095312595367432751e-01 4.868235488732658989e-01
4.517129262288416824e-01 4.503803253173834786e-01 4.553313553333289132e-01 4.505052367846169581e-01
4.569932619730624479e-01 4.627326130867004395e-01 4.809857010841371294e-01 4.502283533414201400e-01
5.311798155307769775e-01 4.497286081314086359e-01 4.951540231704713579e-01 4.539897938569384395e-01
4.566604693730680342e-01 4.830683867136634224e-01 4.499286413192746803e-01 4.527976016203559828e-01
4.455180962880447293e-01 4.586675862471263354e-01 4.838103353977201149e-01 4.916593432426452637e-01
4.654380877812702710e-01 4.746830860773726402e-01 4.644297162691751191e-01 4.636580646038053755e-01
4.944777091344199071e-01 4.540720482667285895e-01 4.671046932538355234e-01 4.466919799645743261e-01
4.459188580512999378e-01 4.659864902496336225e-01 4.476198156674702777e-01 4.827490349610644715e-01
4.571269949277244615e-01 4.518029193083447637e-01 4.503290255864454417e-01 4.469906191031132736e-01
4.448592861493433359e-01 4.500744839509328576e-01 4.489364723364516196e-01 4.446887870629628869e-01
4.450616935888927483e-01 4.531755944093068811e-01 4.770079652468364184e-01 4.813964068889622916e-01
4.503831466039022735e-01 4.465922415256497469e-01 4.395162165164950840e-01 4.659357368946074329e-01
4.541675945123033742e-01 4.568898777167001990e-01 4.543335636456803939e-01 4.656577606995900842e-01
4.621350566546119643e-01 4.531088769435872021e-01 4.536300202210744037e-01 5.179035663604734108e-01
4.680232902367907344e-01 4.841398894786835827e-01 5.017534891764325877e-01 5.316823720932017938e-01
5.035034616788227613e-01 4.654655655225118926e-01 4.641287426153823947e-01 4.637898902098341880e-01
4.731759031613672617e-01 5.018885533014930678e-01 4.565609792868296490e-01 4.591824511686960486e-01
5.029652714729309082e-01 4.788948694864909594e-01 4.686233003934228702e-01 4.534424146016434176e-01
4.944559335708621495e-01 4.594306250413254800e-01 4.809789657592771217e-01 4.477238655090323705e-01
4.467112421989441473e-01 4.678397079308826978e-01 4.513099789619443580e-01 4.471014440059670747e-01
4.799366792043053276e-01 4.571443696816759328e-01 4.571094612280527936e-01 4.653473695119219600e-01
4.629721542199454754e-01 4.848519464333855278e-01 4.810868998368583727e-01 4.474174082279215314e-01
4.511994520823163213e-01 4.559212525685625850e-01 4.750344554583238454e-01 4.628608922163645056e-01
4.826937417189277602e-01 4.582665562629704148e-01 5.051894982655841249e-01 5.026724537213641542e-01
4.762308001518245626e-01 4.520891805489851145e-01 4.672143459320066139e-01 4.533387422561651614e-01
4.479181269804641818e-01 4.581402639547984545e-01 4.529936412970223536e-01 4.877582490444179464e-01
4.823567469914759598e-01 4.883450567722320557e-01 4.826881786187492418e-01 4.762122333049776390e-01
4.566004474957785497e-01 4.729887346426648875e-01 4.612741370995840362e-01 5.061546762784314701e-01
4.501579304536185155e-01 4.656525055567423688e-01 4.665713707605995131e-01 4.850591321786251187e-01
4.544964631398522581e-01 4.516181449095412193e-01 4.819521208604177764e-01 4.847823778788253324e-01
4.671829144159952429e-01 4.596497416496278521e-01 4.645676414171851509e-01 5.117473502953847619e-01
4.645970563093814176e-01 4.578520854314178101e-01 4.578829209009803725e-01 4.701480368773138241e-01
4.497734904289248936e-01 4.747389356295268481e-01 4.981340964635209700e-01 4.564991295337677557e-01
4.926058252652487646e-01 4.764234821001682718e-01 4.636667072772985287e-01 4.523371656735741264e-01
4.677754938602445289e-01 4.930280049641923013e-01 4.761133889357251348e-01 5.314095119635272590e-01
4.489975770314536541e-01 4.551569124062854743e-01 4.450685083866126046e-01 4.414442876974740138e-01
4.529016017913812253e-01 4.617338975270587342e-01 4.762567083040874505e-01 4.504112005233764648e-01
5.013939440250398949e-01 4.572518368562060176e-01 4.489365120728809333e-01 4.486361642678577399e-01
4.703355232874550929e-01 4.527288575967157724e-01 4.578562577565508662e-01 4.425325890382132421e-01
4.434535900751753190e-01 4.468713104724890139e-01 4.780055681864419093e-01 4.730839133262627616e-01
4.593422810236608145e-01 4.567664563655855492e-01 4.560990532239277973e-01 4.497505227724714061e-01
4.949369927247372347e-01 4.679859578609461002e-01 4.589683214823404578e-01 4.571012357870743448e-01
4.619231919447584489e-01 4.763831595579778311e-01 4.494514962037405859e-01 4.614217480023702911e-01
4.709679683049523558e-01 4.524077574412028735e-01 4.800830781459808350e-01 4.485553602377579940e-01
4.668929179509475058e-01 4.599846998850500857e-01 4.458605249722794595e-01 4.629603127638491911e-01
4.408392906188964844e-01 4.457138081391647799e-01 4.695177475611373441e-01 4.658831059932714846e-01
4.575928449630735639e-01 4.657695790131888280e-01 4.509957532087958132e-01 4.553455114364621248e-01
4.617345432440438380e-01 4.806369344393407461e-01 4.649655918280284905e-01 4.518159627914434817e-01
4.457665483156839081e-01 4.596930245558420447e-01 4.498403072357179955e-01 4.651943544546759957e-01
4.443594117959338563e-01 4.479681352774301240e-01 4.441898862520846647e-01 4.533916513125097469e-01
4.975849588712058513e-01 4.486492971579232880e-01 4.579297900199891802e-01 4.558876653512323185e-01
4.491648773352304724e-01 4.588590363661446125e-01 4.530638655026753558e-01 4.512268006801593012e-01
4.707775910695393140e-01 4.564834535121914394e-01 4.763740996519724158e-01 4.553101956844335940e-01
4.820063809553781220e-01 4.502411087354025732e-01 4.551291366418204754e-01 4.545144935448959256e-01
4.402935206890112307e-01 4.616988698641457667e-01 4.477485120296479382e-01 5.028697053591414390e-01
4.563061296939854850e-01 4.474670588970188212e-01 4.610063433647157982e-01 4.480477770169581930e-01
4.591905772685997422e-01 4.486951629320783397e-01 4.621843496958421005e-01 4.556009670098623010e-01
4.635866185029346997e-01 4.490007559458411013e-01 4.647585550944005606e-01 4.446216324965165390e-01
4.585330784320837405e-01 4.528075655301413427e-01 4.450969000657400976e-01 4.430047571659086469e-01
4.516871670881909551e-01 4.661068220933277106e-01 4.502946635087329286e-01 4.593498806158706205e-01
4.549541374047604281e-01 4.534274439016984792e-01 4.584715167681370773e-01 4.452076256275175337e-01
4.469614426294959975e-01 4.513095716635383003e-01 4.523065984249109994e-01 4.693543712298073323e-01
4.666028122107189202e-01 4.580436547597246388e-01 4.920586844285325667e-01 4.574977457523343727e-01
4.637753764788310473e-01 4.550713896751404919e-01 4.618823130925496234e-01 4.676036834716800206e-01
4.761679867903391150e-01 4.589247405529023882e-01 4.620652397473654083e-01 4.432741701602935236e-01
4.678884645303091894e-01 4.691632191340124325e-01 4.582669337590536962e-01 4.673358798027038019e-01
4.625944097836812707e-01 4.749254584312436744e-01 4.667407572269438032e-01 4.571557243665062553e-01
4.953662951787313751e-01 4.585624138514206027e-01 4.785526394844054066e-01 4.630183378855388110e-01
4.708721935749053400e-01 4.776776830355320413e-01 4.402238527933758916e-01 4.391387999057771441e-01
4.613370895385743853e-01 5.089043577512104566e-01 4.424295723438259054e-01 4.432182610034943182e-01
4.714763065179187196e-01 4.841375648975371759e-01 4.478826224803926226e-01 4.464147190252942821e-01
4.500101407368974349e-01 4.576181173324584961e-01 4.508011937141421788e-01 4.469430545965834001e-01
4.436857899030048347e-01 4.457993308703103730e-01 4.462572435537973670e-01 4.468266765276588948e-01
4.595515429973605626e-01 4.744721551736196807e-01 4.857095181941986639e-01 4.661869307359056136e-01
4.525090754032132234e-01 4.612148006757099128e-01 4.454710483551024836e-01 4.496608674526211824e-01
4.474988778432215653e-01 4.511161347230270846e-01 4.382653137048085901e-01 4.406244456768039774e-01
4.538794954617820232e-01 4.594033360481266648e-01 4.408926963806149013e-01 4.491916199525195497e-01
4.653735856215159283e-01 4.871849020322164825e-01 4.452999730904895204e-01 4.601660668849944513e-01
4.491887390613562014e-01 4.520039856433870629e-01 4.600502848625182550e-01 4.476612210273739345e-01
4.562195042769113806e-01 4.591583311557767555e-01 4.845179021358492211e-01 4.489659368991854582e-01
4.635493457317345634e-01 4.673298696676884689e-01 4.609305163224537982e-01 4.522974590460462352e-01
4.749710063139595539e-01 4.520344833532974893e-01 4.898019532362623552e-01 4.359134137630463757e-01
4.801203211148576955e-01 4.555738071600594630e-01 4.686043858528137207e-01 4.625167151292167156e-01
4.514876008033753552e-01 4.695417980353037146e-01 4.646840691566461734e-01 5.010393758614860582e-01
4.800496002038318055e-01 4.602991243203479188e-01 4.700966874758397696e-01 4.575666983922317965e-01
4.453199704488122745e-01 4.472448329130808142e-01 4.786679844061528244e-01 4.487848579883573219e-01
5.087371865908301150e-01 4.708966811498005445e-01 4.604593217372892067e-01 4.759614070256545371e-01
4.782782892386118756e-01 4.548736313978830048e-01 4.569735527038574219e-01 4.539150695006050062e-01
4.548725485801702884e-01 4.711076021194455232e-01 4.495275119940438935e-01 4.663820266723628372e-01
4.675326248009998298e-01 4.803996185461677504e-01 4.640650649865467603e-01 4.533076584339137960e-01
4.641289810339614963e-01 4.780130883057909230e-01 4.560742775599155863e-01 4.610312283039098014e-01
4.563111364841461737e-01 4.650462567806245007e-01 4.570807218551635187e-01 4.585721592108408795e-01
4.939369956652317484e-01 4.572800993919364232e-01 4.482109347979226222e-01 4.437505106131230947e-01
4.501193165779115435e-01 4.733751018842055625e-01 4.478604495525360663e-01 4.644222954909010825e-01
4.572600126266479492e-01 4.500663677851360345e-01 4.834170242150628294e-01 4.673157731691994776e-01
4.653274913628894227e-01 4.626778662204740766e-01 4.451503853003184741e-01 4.600773155689243943e-01
4.561909735202785976e-01 4.835204680760699647e-01 4.630733033021295353e-01 4.496104319890338319e-01
4.562524457772566544e-01 4.524323145548501124e-01 4.687129557132717617e-01 4.714530905087785939e-01
4.861465295155845689e-01 4.620828628540043503e-01 4.604685604572293367e-01 4.808632731437679220e-01
4.700845976670580684e-01 4.574684302012124726e-01 4.513651827971142394e-01 4.619305431842805065e-01
4.490538835525517136e-01 4.770930707454681396e-01 4.434849818547572098e-01 4.432281951109571239e-01
4.565259814262397353e-01 4.876378377278654530e-01 4.758524298667906050e-01 4.775878190994261030e-01
4.599004387855529230e-01 4.662973185380296370e-01 4.688803255558008920e-01 4.532778561115263782e-01
4.561380346616105141e-01 4.712888995806382431e-01 4.442063570022589114e-01 4.432837466398878989e-01
4.844265182813004000e-01 4.717099765936537126e-01 4.470480879147851749e-01 4.449217816193899444e-01
4.740563531716662227e-01 4.537607630093891120e-01 4.645191033681233539e-01 4.664158523082728713e-01
4.698441227277122545e-01 4.779253701368966212e-01 4.684008955955514253e-01 4.602212905883787952e-01
4.696602821350102097e-01 4.883878926436109325e-01 4.511971573034926908e-01 4.881187975406647284e-01
4.529888927936556176e-01 4.882217645645141602e-01 4.570559859275824532e-01 4.507291217645003623e-01
4.560781319936114686e-01 4.510736068089798989e-01 4.613825877507530260e-01 4.562530120213828533e-01
4.645382563273114940e-01 4.682518541812893398e-01 4.476205905278520247e-01 4.701306720574696674e-01
4.643776416778566118e-01 4.683142304420469526e-01 4.706259866555529414e-01 4.478760560353592379e-01
4.630676408608755956e-01 4.535105029741920424e-01 4.472509920597073640e-01 4.462518493334449721e-01
4.488121370474494332e-01 4.511226018269857696e-01 4.386074642340336838e-01 4.410265386104585961e-01
4.779156645139062132e-01 4.686175684134168962e-01 4.438727895418801972e-01 4.553370674451192590e-01
4.535118242104848596e-01 5.001745323340106575e-01 4.567650357882180878e-01 4.603144427140554162e-01
4.593958655993145013e-01 4.857112864653269635e-01 4.574439426263171016e-01 4.596454799175261341e-01
4.572952588399251117e-01 4.720618029435478813e-01 4.583219091097517905e-01 4.695558647314711509e-01
4.799184004465734121e-01 4.803606172402700158e-01 4.548772573471069336e-01 4.920708437760669685e-01
4.695483942826593204e-01 4.737565815448758766e-01 5.054251650969189269e-01 4.507651627063753441e-01
5.147777398427327844e-01 4.499398767948145084e-01 4.659584164619444135e-01 4.505005776882169966e-01
4.444031218687694018e-01 4.495840271313978342e-01 4.647160172462463934e-01 4.699415365854898718e-01
4.433135886987057406e-01 4.515155553817751244e-01 4.420487284660333249e-01 4.692766865094501472e-01
4.555392662684121241e-01 4.478428661823273260e-01 4.752290348211926641e-01 4.354686439037322998e-01
4.555511772632601097e-01 4.685542980829867088e-01 4.527700543403624378e-01 4.522062043348948901e-01
4.606919189294185757e-01 4.611223042011257101e-01 4.458316365877783571e-01 4.483316739400223794e-01
5.060757994651791103e-01 4.667419791221623648e-01 5.282959838708243261e-01 4.607527454694118618e-01
4.649360279242201743e-01 4.899076124032333834e-01 4.568946460882826188e-01 4.461678167184197075e-01
4.537122150262193898e-01 4.869945446650191245e-01 4.400270581245420143e-01 4.430803557236983603e-01
4.747585852940879314e-01 5.383076171080269923e-01 4.849421183268224356e-01 4.519320825735728686e-01
4.477080603440602435e-01 4.982371032238003261e-01 4.511461158593497722e-01 4.531631966431940439e-01
4.736602405707039942e-01 4.967012504736579848e-01 4.614676237106318801e-01 4.508296449979151688e-01
4.660570224126187600e-01 4.725467860698697176e-01 4.914267559846241529e-01 4.576709866523744896e-01
4.747023979822794226e-01 4.452311793963117936e-01 4.541184604167936012e-01 4.539825618267062657e-01
4.637464781602227415e-01 4.538055260976149863e-01 4.519349932670596037e-01 4.574332535266869004e-01
4.825282692909237392e-01 4.858860870202382221e-01 4.488359391689303313e-01 4.650571147600805477e-01
4.836059212684632458e-01 4.530284106731412574e-01 4.725346763928735538e-01 4.728840092817945262e-01
4.615314006805423808e-01 4.781974554061886318e-01 4.492593705654139291e-01 4.503610829512276759e-01
4.557896753152210767e-01 4.523701568444569165e-01 4.759467144807179584e-01 4.508013228575395992e-01
4.825502534707390989e-01 4.501916567484534615e-01 4.597636759281159002e-01 4.455619653066001939e-01
4.545957148075101539e-01 4.472858905792237993e-01 4.616750081380205928e-01 4.506186048189795845e-01
4.678653379281360047e-01 4.732562601566313032e-01 4.713970323403673945e-01 4.634496668974555367e-01
4.475386738777168416e-01 4.654527306556702215e-01 4.549344976743061597e-01 4.510975877443954563e-01
4.876356919606528173e-01 4.769790073235830596e-01 4.576167364915217917e-01 4.719040294488265896e-01
4.444700876871748307e-01 4.633137186368303517e-01 4.589642385641737876e-01 4.706280430157977479e-01
4.471521476904553594e-01 4.728030065695445483e-01 4.442828993002565507e-01 4.975469708442683547e-01
4.643937548001603188e-01 4.832574427127838690e-01 4.723172485828402989e-01 4.581617613633469643e-01
4.529871145884187267e-01 4.747807681560522464e-01 4.433664083480835516e-01 4.414232571919753934e-01
4.579051434993746117e-01 4.665379921595259050e-01 5.248079796632129090e-01 4.599719047546393935e-01
4.418490727742512836e-01 4.622827271620433276e-01 4.438174068927766003e-01 4.470307628313699433e-01
4.705915947755183737e-01 4.838294188181555544e-01 4.661870300769802022e-01 4.737889965375260415e-01
4.704808990160618265e-01 4.518969655036925159e-01 5.032603243986769614e-01 4.502976934115086594e-01
4.691351751486458888e-01 5.020986894766492625e-01 4.659369786580403461e-01 4.481650590896600894e-01
4.690014719963072620e-01 4.848503569761910548e-01 4.501093228658037404e-01 4.898315668106077991e-01
4.606444636980690510e-01 4.613757431507120588e-01 4.590935210386913323e-01 4.598088761170704419e-01
4.877466162045797082e-01 4.596896270910898474e-01 4.561389784018197169e-01 4.537134865919754678e-01
4.890305499235786391e-01 4.587824145952865695e-01 4.469376901785544476e-01 4.559141496817265549e-01
4.513786335786184045e-01 4.660906692345936353e-01 4.479750891526537715e-01 4.587547580401105107e-01
4.569059312343598522e-01 4.552070299784340968e-01 4.469892581303917534e-01 4.457387228806810597e-01
5.023874739805859191e-01 4.605666001637772622e-01 4.431588252385457727e-01 4.468251963456474352e-01
4.622292816638942647e-01 4.806593259175618860e-01 4.549662371476496658e-01 4.548159639040620927e-01
4.551223715146385795e-01 4.852322836716974619e-01 4.530971944332122248e-01 4.575519561767579790e-01
4.711867074171696146e-01 4.650711814562477064e-01 4.636720220247901869e-01 4.864068428675332179e-01
4.540849924087522194e-01 4.915257592995962432e-01 4.538735051949818189e-01 4.612747033437095134e-01
4.607428113619492782e-01 4.537535210450491796e-01 4.604775706926982903e-01 4.544411102930702717e-01
4.806250830491383685e-01 4.699447154998784293e-01 4.785204927126563423e-01 4.670182963212325400e-01
4.588901797930400317e-01 4.572540024916333379e-01 4.909153580665593375e-01 4.452769557634991271e-01
4.944350421428677089e-01 4.818294743696855398e-01 4.428862333297730047e-01 4.483408431212108636e-01
4.681768119335173450e-01 4.724758565425881129e-01 4.436000883579253595e-01 4.398586849371589613e-01
4.671990176041916909e-01 4.769845704237622996e-01 4.744011064370481368e-01 4.367422759532929577e-01
4.478176732858021869e-01 4.542644123236336817e-01 4.614859620730083489e-01 4.589693148930863442e-01
4.515429337819414912e-01 4.599477748076117867e-01 4.492638607819873786e-01 4.505770603815712483e-01
4.826765060424805798e-01 4.593980511029555625e-01 4.775544703006738279e-01 4.558682342370357632e-01
4.508137007554371967e-01 4.524771571159357797e-01 4.404663741588598080e-01 4.644785920778903843e-01
4.565033912658683080e-01 4.520254631837207215e-01 4.551742176214852997e-01 4.392057259877525377e-01
4.482945501804353472e-01 5.107116599877667973e-01 4.470732907454180172e-01 5.058707694212597472e-01
4.624857505162558446e-01 4.746656219164528401e-01 4.736235241095228532e-01 4.603064656257631060e-01
4.593950311342874793e-01 5.171566506226857873e-01 4.514989554882051781e-01 4.403931299845378344e-01
4.489709635575608870e-01 4.475142856438957262e-01 4.558141529560095218e-01 4.619486629962919477e-01
4.820677638053901259e-01 4.541557431221011631e-01 4.692623317241670922e-01 4.499080379803974128e-01
4.478506843249001057e-01 5.175626675287881007e-01 4.515531659126285624e-01 4.794638951619462075e-01
4.456348717212674226e-01 4.613472918669381251e-01 4.474032918612166898e-01 4.500822424888610285e-01
4.617584943771365080e-01 4.460406104723606546e-01 5.052821636199957833e-01 4.691884318987530333e-01
4.917714893817902166e-01 4.697100122769671815e-01 5.110711753368376575e-01 4.794652660687763190e-01
5.089815258979797363e-01 4.586256146430974234e-01 4.593049387137096984e-01 4.754900932312011164e-01
4.907472133636471834e-01 5.252931316693628672e-01 4.715587397416437510e-01 4.468478759129842492e-01
4.533971846103665437e-01 4.653253952662149140e-01 4.655046761035918634e-01 4.481118122736618137e-01
4.733696083227790785e-01 4.623757104078927149e-01 4.687359035015101205e-01 4.637132684389748682e-01
4.583108921845751027e-01 4.718321859836585030e-01 4.404082695643106171e-01 4.440307319164272792e-01
4.823433756828311991e-01 5.043815672397615746e-01 4.410691360632585378e-01 4.549174110094705847e-01
4.517443577448532754e-01 4.634787440299990013e-01 4.482333660125727981e-01 4.636258284250898143e-01
4.572545786698661296e-01 4.875485400358832155e-01 4.752543568611148905e-01 4.453482429186503277e-01
4.666496217250823419e-01 4.576350251833593008e-01 4.546937247117362468e-01 4.641851584116614138e-01
4.801863431930532000e-01 4.561202526092532628e-01 4.466788470745088890e-01 4.599910080432887405e-01
4.506083428859704587e-01 4.611901740233104730e-01 4.682871898015337764e-01 4.481037656466161923e-01
4.729952613512677928e-01 4.498768647511800500e-01 5.147542953491213158e-01 4.511830608050031444e-01
5.124313731988271448e-01 4.535416066646577038e-01 4.485344787438713121e-01 4.453316430250799374e-01
4.616476992766062049e-01 4.999816517035168273e-01 5.289620856444040564e-01 4.493376016616831281e-01
4.404383202393849506e-01 4.538998107115429503e-01 4.535537362098694403e-01 4.620282252629597797e-01
4.471636712551114723e-01 4.577350517114003869e-01 4.552043875058485733e-01 4.866709212462104750e-01
4.813676774501801647e-01 4.658752779165903357e-01 4.493116239706677617e-01 4.519019325574234469e-01
4.575456480185189356e-01 4.584253132343296677e-01 5.017815430959068346e-01 4.655358294645953188e-01
4.804252088069920767e-01 4.571570654710136461e-01 5.370515584945678711e-01 4.532972176869708991e-01
4.444369773070018792e-01 4.547006487846371181e-01 4.505542119344073115e-01 4.590005079905196128e-01
4.765056371688835557e-01 5.070173641045885304e-01 4.637240370114644183e-01 4.638725717862437481e-01
4.666345318158468536e-01 4.662957092126207015e-01 4.608958462874090944e-01 4.764743546644846228e-01
4.953019221623738422e-01 4.630194207032516940e-01 4.533015986283616683e-01 4.519801636536915357e-01
4.587707122166951867e-01 4.599372049172714694e-01 4.499476850032803066e-01 4.506099621454878190e-01
4.458736876646677838e-01 4.826865692933404173e-01 4.570910235246020137e-01 5.182324449221292761e-01
4.645931224028273521e-01 4.548464119434350028e-01 5.365035335222880786e-01 4.419841368993125408e-01
4.479534924030306731e-01 4.465138614177707188e-01 4.463893572489414652e-01 4.667911330858869334e-01
4.632263680299119057e-01 4.494709372520448443e-01 4.638013641039528401e-01 4.484009246031443463e-01
4.509239097436267829e-01 4.524396856625871322e-01 4.521145621935533931e-01 4.637762705485031223e-01
4.890491465727486164e-01 4.536288678646091532e-01 4.564053614934284187e-01 4.497599999109906377e-01
4.626466433207192530e-01 4.685758153597509579e-01 4.943323334058123963e-01 4.729353785514836539e-01
4.467113415400184584e-01 4.524418910344448208e-01 4.417348305384314888e-01 4.455273151397706188e-01
5.332600375016531835e-01 4.972573618094124903e-01 4.627982278664905524e-01 4.677019417285917524e-01
4.668283561865488318e-01 4.617533385753631037e-01 5.293438037236540827e-01 4.496312042077380555e-01
4.552210569381709981e-01 4.462444484233846764e-01 4.669923484325406160e-01 4.468138118584951135e-01
4.487105111281076142e-01 4.543061355749766772e-01 4.450695614020027113e-01 4.416589041550953443e-01
4.723110198974613261e-01 4.639520148436219737e-01 4.529113173484805022e-01 4.972023963928218770e-01
4.533937970797224382e-01 4.473797678947453726e-01 4.496324559052788383e-01 4.399803876876833275e-01
5.541544258594512939e-01 4.591265817483262124e-01 4.453935325145721991e-01 4.446439941724142364e-01
4.492955605189005164e-01 4.556743403275804183e-01 4.469956755638119228e-01 4.456619123617805989e-01
4.734640916188559978e-01 4.607567091782889257e-01 4.461633662382764043e-01 4.416625698407485867e-01
4.749452074368799015e-01 4.629462460676831981e-01 4.658668537934622655e-01 4.542605578899382990e-01
4.583780467510223944e-01 4.624550143877664832e-01 4.494457244873050761e-01 4.816452364126838082e-01
4.418749213218687855e-01 4.450552364190424326e-01 4.393154978752136230e-01 4.521949191888176567e-01
4.561441640059159530e-01 4.597179094950355482e-01 4.526019394397737816e-01 4.404478669166564941e-01
4.537156522274015114e-01 4.709074695905048902e-01 4.498278597990670313e-01 4.837929606437681440e-01
4.543132881323497241e-01 4.721818069616953717e-01 4.972956379254661052e-01 4.622035821278885903e-01
4.771565894285834664e-01 4.587901731332143518e-01 4.619237482547760010e-01 4.395371079444882478e-01
4.652173916498816841e-01 4.537820120652515388e-01 4.694189429283140980e-01 4.537369708220165276e-01
4.479229052861536386e-01 4.560847878456110172e-01 4.439635972181953383e-01 4.485448698202768036e-01
4.584024051825207891e-01 4.633546272913611208e-01 4.444587330023446747e-01 4.501924216747281715e-01
4.501785933971406140e-01 4.537922541300453694e-01 4.696946640809376294e-01 4.560531675815582831e-01
4.503492315610250762e-01 4.627094268798831456e-01 4.583169619242352111e-01 4.582772354284924687e-01
4.664977192878719814e-01 4.496232171853380977e-01 4.408508936564125014e-01 4.501315454641975355e-01
4.553429087003071918e-01 4.570434987545012318e-01 4.423364400863641910e-01 4.441857238610590897e-01
4.877281387646991151e-01 4.616537888844809423e-01 4.591014186541240716e-01 4.568723837534586774e-01
4.559467931588491174e-01 4.712095459302277356e-01 4.543576439221693186e-01 4.592004915078477523e-01
4.429320196310677638e-01 4.701725741227467670e-01 4.526682595411927190e-01 4.866413672765099729e-01
4.436557789643602034e-01 4.556363721688588830e-01 4.570197363694514237e-01 4.640182554721836161e-01
4.470558166503902364e-01 4.602968792120612496e-01 4.843720595041911547e-01 5.081391632556915283e-01
4.581697881221775681e-01 4.578263560930893039e-01 4.553134938081109251e-01 4.621268808841702547e-01
4.921999772389726857e-01 4.767675896485644160e-01 5.379359722137450062e-01 4.708951910336811597e-01
4.486389458179468326e-01 4.568846126397453355e-01 4.562252064545944674e-01 4.622385303179425420e-01
4.497340818246209904e-01 4.526949226856233910e-01 4.579104582468668805e-01 4.644277691841128264e-01
4.688125252723697178e-01 5.007773041725160912e-01 4.527304768562322446e-01 4.499572813510890334e-01
4.627272288004560807e-01 4.929846922556554989e-01 4.493162631988528166e-01 4.539028207461044961e-01
4.483660558859505763e-01 4.730963210264831909e-01 4.467580616474153277e-01 4.617553452650706713e-01
5.301819046338401842e-01 4.730354547500609796e-01 4.558610121409102378e-01 4.530783494313553872e-01
4.968277911345163611e-01 4.603834350903831529e-01 5.121903518835699831e-01 4.500895738601685125e-01
4.632696012655895812e-01 4.775515794754026100e-01 4.419000248114270946e-01 4.481605390707650849e-01
4.599143266677854780e-01 4.650526146094009494e-01 4.496855934460954884e-01 4.502864976723987556e-01
4.534802337487535140e-01 4.727765023708342396e-01 4.769900341828657853e-01 4.621487259864801578e-01
4.720167617003123706e-01 4.717178940773009144e-01 4.609872599442801366e-01 4.435905019442245023e-01
4.451708396275836921e-01 4.551552236080171343e-01 4.619568288326258432e-01 4.665227532386774789e-01
4.784720937410986141e-01 4.725395341714227482e-01 4.603480001290636281e-01 4.888533055782317005e-01
4.571839074293773120e-01 5.054398377736408765e-01 4.568927586078638248e-01 4.672744274139399856e-01
4.539495309193926631e-01 4.643394649028780297e-01 4.562287628650665283e-01 4.522574047247563955e-01
4.508338173230482804e-01 4.546133776505786872e-01 4.469257891178134434e-01 4.461344182491301380e-01
4.550577402114865944e-01 4.587494035561881511e-01 4.495176871617633241e-01 4.513244132200878167e-01
4.453965524832405598e-01 4.813685317834219268e-01 4.733321567376451156e-01 4.674256543318427437e-01
4.558746417363481185e-01 4.590900441010796751e-01 4.465187092622125986e-01 4.530246158440909277e-01
4.489152133464814898e-01 4.579498767852782648e-01 4.585096836090090666e-01 5.005260010560353967e-01
4.696143567562101606e-01 4.629368086655931136e-01 4.646991590658826055e-01 4.694073299566902113e-01
4.487976431846615322e-01 4.527415732542674487e-01 4.520930548508961255e-01 4.523075918356577185e-01
4.498210748036706730e-01 4.506562550862636685e-01 4.510159889856973914e-01 5.347265104452773032e-01
4.482175608476010598e-01 4.451389412085214325e-01 4.623063306013740492e-01 4.459665218989055102e-01
4.581495225429538798e-01 4.808675448099772876e-01 4.759448866049449389e-01 4.539031088352201704e-01
4.506451487541200396e-01 4.560644129912059808e-01 4.546404778957369164e-01 4.788750112056725516e-01
4.601971308390296889e-01 4.969191749890642384e-01 4.488109548886613509e-01 4.751011828581491736e-01
4.441755414009097014e-01 4.861108263333640545e-01 4.541544119517013089e-01 4.496091008186344773e-01
4.838815430800120221e-01 4.611265162626905778e-01 4.824794828891755816e-01 4.486988385518390632e-01
4.811243911584219268e-01 4.826427102088925447e-01 4.521772960821787146e-01 4.500163793563840553e-01
4.541977842648821095e-01 4.491112828254693601e-01 4.671401878197990465e-01 4.432461063067114071e-01
4.446974098682405785e-01 4.893320699532826001e-01 4.436255196730296002e-01 4.486912886301671066e-01
4.654862483342487867e-01 4.890188574790955700e-01 4.391914804776509418e-01 4.449027578035992803e-01
5.499828358491257729e-01 4.546480973561602412e-01 5.542906820774077259e-01 4.491560558478039922e-01
4.477577706178030303e-01 4.702973266442617151e-01 4.480741024017334539e-01 4.487834771474202844e-01
4.585255185763039698e-01 4.633778731028240783e-01 4.552154242992401678e-01 4.598032633463542407e-01
4.518547554810846134e-01 4.597265521685279244e-01 4.607556263605751545e-01 4.504984021186832499e-01
4.527545571327210028e-01 4.718353152275086004e-01 4.509673317273461546e-01 4.794705510139467552e-01
4.516309499740594480e-01 4.729200800259911186e-01 4.603184064229331462e-01 4.478299816449486936e-01
4.941182335217794708e-01 4.609126249949135889e-01 4.719399015108743378e-01 4.494046866893766645e-01
4.587094386418663072e-01 4.710646967093150006e-01 4.543765286604565801e-01 4.680796166261039781e-01
4.454153378804522889e-01 4.717521866162617816e-01 4.613333245118460546e-01 4.615187545617415732e-01
4.896932045618695439e-01 4.822813173135122589e-01 4.565778672695158802e-01 4.521975219249728672e-01
4.547356267770131799e-01 4.591816663742067095e-01 4.511022667090096583e-01 4.507588545481357456e-01
4.478987753391270865e-01 4.494701822598775043e-01 4.584317803382881307e-01 4.527587890624998890e-01
4.543918867905935577e-01 4.602245589097342382e-01 4.475132723649339894e-01 4.506200551986692115e-01
4.941157599290212921e-01 4.620453317960102613e-01 4.634736776351925380e-01 4.414160450299582372e-01
4.548760354518882609e-01 4.694895247618358081e-01 4.471686283747351998e-01 4.612026015917456978e-01
4.515498479207355476e-01 4.553826649983725994e-01 4.457626442114511200e-01 4.431745509306588837e-01
4.542207618554437998e-01 5.013563136259708841e-01 4.463773071765901879e-01 4.806549747784932825e-01
4.961433410644530140e-01 4.909667869408921304e-01 4.712367653846740723e-01 4.668527642885840767e-01
4.528642992178600890e-01 4.702682693799343783e-01 4.418808420499167888e-01 4.533550838629407109e-01
4.602913161118828977e-01 4.602295259634651692e-01 4.426777362823482442e-01 4.431877533594765217e-01
4.553987979888919346e-01 4.581724603970846466e-01 4.482013881206512451e-01 4.508710304896037524e-01
4.616722762584682949e-01 4.622527062892922700e-01 4.500801066557564289e-01 4.918940464655559563e-01
4.570775926113128662e-01 4.598955412705741375e-01 4.887724717458084567e-01 4.530396958192196011e-01
4.838445285956070041e-01 4.635041852792100570e-01 4.727467298507687099e-01 4.712128043174744763e-01
5.290036797523499645e-01 4.588260253270471933e-01 4.645244280497234923e-01 4.521374007066092382e-01
4.665378133455913012e-01 4.799957573413852763e-01 4.491881032784776906e-01 4.747258126735691142e-01
4.558492998282112074e-01 4.892729421456656347e-01 4.445904294649757338e-01 4.559579094250994502e-01
4.438462952772780357e-01 4.536920487880711783e-01 4.542632202307380629e-01 4.698445300261180901e-01
4.692472120126094381e-01 4.715462028980254572e-01 4.584541519482928096e-01 4.679433405399324730e-01
4.480182031790413411e-01 4.847414791584013227e-01 4.710843265056608997e-01 4.798203309377039871e-01
4.601538181304930530e-01 4.777293602625531932e-01 4.843628406524655428e-01 4.916748503843948459e-01
4.702643752098081831e-01 4.806768596172331653e-01 5.018489162127179881e-01 4.915067454179133377e-01
4.546088278293612395e-01 5.213948190212255307e-01 4.604676663875576503e-01 4.955980877081548330e-01
4.793047408262884335e-01 4.930343727270760645e-01 4.723321894804637378e-01 4.875951409339902565e-01
4.564870595932005171e-01 4.597448011239366195e-01 4.587562680244443580e-01 4.485613306363425701e-01
4.668589333693185517e-01 4.609639247258501271e-01 4.523407916227974446e-01 4.529192745685573507e-01
4.694683651129409885e-01 4.506715138753256134e-01 4.490649799505873618e-01 4.452874958515164461e-01
4.636524518330884526e-01 4.640625615914664714e-01 4.655494888623555316e-01 4.671447972456613251e-01
4.527424673239388020e-01 4.813136458396913286e-01 4.509939750035609762e-01 4.500422378381089272e-01
4.455600579579673814e-01 4.593791067600251354e-01 4.458579619725543397e-01 4.629334012667338794e-01
4.865236580371855024e-01 4.636718630790710449e-01 4.749168554941817222e-01 4.606667061646784744e-01
4.692197839419049998e-01 4.866934716701498131e-01 4.600366353988649126e-01 4.786190191904698965e-01
4.690540631612142297e-01 4.699602723121643622e-01 4.714594185352324329e-01 4.876510600248969429e-01
4.637074470520022862e-01 4.734166661898293604e-01 4.474710027376812560e-01 4.622099995613093149e-01
4.672208527723947236e-01 4.660996297995251836e-01 5.220881799856829097e-01 4.500352044900257087e-01
4.536840716997782574e-01 4.576994081338246478e-01 4.790302117665610204e-01 4.808058838049567574e-01
4.522337516148883796e-01 4.778694113095597884e-01 4.490672250588736425e-01 4.583913584550209919e-01
4.574838777383168353e-01 4.757021069526671808e-01 4.823403259118399511e-01 4.678057829538975754e-01
4.645978212356571269e-01 4.894363582134248492e-01 4.503744641939797511e-01 4.527057905991871412e-01
4.496988058090209406e-01 4.610616564750667501e-01 4.489559133847552119e-01 4.740301668643954192e-01
4.659088353315993247e-01 4.712852040926613362e-01 4.625654220581054132e-01 4.613787233829494405e-01
4.457397361596421859e-01 4.510114490985872027e-01 4.762484927972155946e-01 4.488966961701708058e-01
4.703069031238552578e-01 4.873805840810142009e-01 4.527811606725056226e-01 4.671708742777516687e-01
4.612734516461690637e-01 4.682037731011708392e-01 4.774192869663233529e-01 4.707084894180296186e-01
4.628019432226818108e-01 4.707805216312415109e-01 4.662739435831709800e-01 4.533868928750352523e-01
4.385543366273246813e-01 4.453069468339287962e-01 4.499623576800029778e-01 4.518935481707246904e-01
5.162770052750901284e-01 4.674786428610486211e-01 5.287699401378643804e-01 4.535470803578688370e-01
4.531890451908110462e-01 4.526250064373013027e-01 4.527764320373529605e-01 4.492363929748532936e-01
4.679459333419802580e-01 4.573979079723350383e-01 4.769438902537031510e-01 4.565984209378564085e-01
4.525561134020490428e-01 4.505865275859834429e-01 4.739101926485693728e-01 4.541353881359099787e-01
4.523509542147319262e-01 4.533637861410778069e-01 4.799336294333136910e-01 4.644268353780109382e-01
4.612740278244020775e-01 4.623773495356247043e-01 4.845303197701774645e-01 4.615315496921538196e-01
4.724739491939542457e-01 4.807761410872142815e-01 4.598123927911119679e-01 4.691105683644617441e-01
4.810511867205307657e-01 4.681231081485753842e-01 4.955707589785247613e-01 4.768450657526657199e-01
4.576922555764518785e-01 4.584911962350208259e-01 4.537860751152036909e-01 4.551810820897422283e-01
4.794534742832180507e-01 4.581648111343382679e-01 5.048781832059229258e-01 4.690041840076447643e-01
4.553789397080740264e-01 4.595954318841302677e-01 4.530346890290586903e-01 4.743646383285529677e-01
4.685543874899552041e-01 4.605498711268110057e-01 4.774102965990704162e-01 4.627921084562935938e-01
4.547874331474303644e-01 4.577404956022899651e-01 4.682157337665557306e-01 4.597552518049875525e-01
4.805028835932415587e-01 4.566251337528233201e-01 4.878100653489432226e-01 4.853763381640114338e-01
4.555875559647880602e-01 4.666760067145033219e-01 4.788695772488917313e-01 4.661126931508385862e-01
4.989183445771533387e-01 5.003773272037504993e-01 4.740455945332844312e-01 4.581847985585534855e-01
4.770689407984417540e-01 4.583720564842220235e-01 4.706406493981678540e-01 4.611785014470414223e-01
4.589136838912966643e-01 4.882764220237728048e-01 4.529279967149097974e-01 4.690178732077278090e-01
4.865360458691920797e-01 4.810084899266560687e-01 4.618266622225447038e-01 4.614670574665069025e-01
4.528693656126657197e-01 4.647787014643352532e-01 4.613349139690400835e-01 4.731905062993368438e-01
4.506641626358035557e-01 4.607664545377093135e-01 4.984960258007047895e-01 5.156309902667997047e-01
4.761019845803580730e-01 4.588799873987831068e-01 4.756200412909190045e-01 4.625436365604400635e-01
4.494049847126007635e-01 4.558599293231956895e-01 4.583162069320674825e-01 4.737806916236877997e-01
4.574832419554388241e-01 4.762836992740629438e-01 4.573852916558575621e-01 4.748518367608387525e-01
4.481815596421558912e-01 4.603801767031351910e-01 4.509822626908623899e-01 4.482368131478628448e-01
4.774067699909205764e-01 4.583052098751067005e-01 4.740592737992597172e-01 4.632966617743176641e-01
4.671227633953093372e-01 4.965803821881618618e-01 4.603935976823175236e-01 4.784379601478569999e-01
4.832335213820135866e-01 4.704137345155083305e-01 4.767997364203130917e-01 4.602126777172081407e-01
4.588282803694412326e-01 4.597198665142064877e-01 4.539192418257402828e-01 4.555873274803167172e-01
4.944202899932856887e-01 5.039058725039164965e-01 4.851580460866299349e-01 4.633418222268427811e-01
4.722683131694793146e-01 4.585708777109787082e-01 4.685007631778719817e-01 4.548265933990476295e-01
4.535402953624725897e-01 4.649496475855513511e-01 4.600360790888463614e-01 4.612845778465270996e-01
4.564371307690938684e-01 4.863318403561913139e-01 4.568380614121755334e-01 4.987481832504266355e-01
4.536076287428533749e-01 4.545329809188838888e-01 4.624009629090625739e-01 4.484190245469411584e-01
4.588484466075898327e-01 4.593008160591127154e-01 4.683259030183155591e-01 4.698069194952643746e-01
4.678546885649361720e-01 4.547470311323805747e-01 4.633102913697562109e-01 4.788416028022768334e-01
4.630280733108521063e-01 4.528947273890177039e-01 4.520735740661621649e-01 4.673840800921122418e-01
4.587394893169405852e-01 4.638407031695044869e-01 4.659581482410430353e-01 4.492800831794745986e-01
4.788318375746409838e-01 4.674249688784274381e-01 4.905947347482054188e-01 4.678344031174979101e-01
4.615368247032171078e-01 4.625237286090856936e-01 4.618628025054934971e-01 4.573295513788867006e-01
4.570667644341786517e-01 4.657186667124437185e-01 4.657985170682269471e-01 4.598899781703955636e-01
4.874187012513478412e-01 5.187950630982715028e-01 5.221605102221174022e-01 4.954371253649392792e-01
4.691775838534038567e-01 4.608248174190521240e-01 4.511136114597317226e-01 4.414223631223043731e-01
4.593486189842224121e-01 4.717320601145426617e-01 4.519120852152501699e-01 4.499311049779260996e-01
4.562226335207620331e-01 4.698954323927559962e-01 4.575062990188599743e-01 4.544027547041576409e-01
4.546529452006017880e-01 4.840090374151861385e-01 4.466121494770046163e-01 4.491945405801139324e-01
4.704398214817051005e-01 4.856175780296324573e-01 4.908591608206425705e-01 4.591721494992573316e-01
4.660301009813944129e-01 4.539846380551652016e-01 4.650126894315086412e-01 4.670104682445526123e-01
4.466754893461862275e-01 4.606083432833355529e-01 4.937660296758022982e-01 4.885315497716267719e-01
4.495933254559838499e-01 4.891536931196847626e-01 4.707451661427815570e-01 4.600455760955811657e-01
4.756463368733726549e-01 4.778306086858112867e-01 4.543678462505341686e-01 4.526940683523811293e-01
4.658582806587215353e-01 4.865689774354298724e-01 4.688891271750130207e-01 4.919936060905455988e-01
4.548082550366718824e-01 4.585933983325962138e-01 4.662711918354030538e-01 4.681721031665808108e-01
4.842261473337814426e-01 4.525636931260428319e-01 4.679223795731858870e-01 4.523043533166257735e-01
4.615308940410610128e-01 4.583147068818412273e-01 4.688089787960051935e-01 4.608144164085380967e-01
4.846296211083726546e-01 4.675209025541937069e-01 4.873374303181964851e-01 4.486713608105977746e-01
4.560575485229491632e-01 4.907673796017963941e-01 4.469619294007620147e-01 4.775596062342327697e-01
4.732843339443202901e-01 4.839378794034323583e-01 4.535095791021985789e-01 4.845736821492512281e-01
4.655672907829279117e-01 4.670603076616927085e-01 4.484882851441698848e-01 4.487003485361735766e-01
4.682457447052001398e-01 4.821923176447550086e-01 4.561865429083506451e-01 4.796418547630305063e-01
4.538411498069759853e-01 4.586536884307871320e-01 4.628393153349554812e-01 4.614078303178155149e-01
4.708062311013541112e-01 4.582564135392498961e-01 4.564209083716072035e-01 4.535701374212896542e-01
4.461700320243835449e-01 4.575631320476531982e-01 4.891731043656663558e-01 4.437132279078166985e-01
4.547334512074788226e-01 4.649360477924344703e-01 4.501473108927405153e-01 4.650288422902418284e-01
4.554231762886050694e-01 4.617355167865758725e-01 4.565006295839950101e-01 4.528229931990305768e-01
5.076999465624481012e-01 4.634081224600471449e-01 4.459351102511084353e-01 4.584555725256603265e-01
4.609988729159038567e-01 4.763829211393990071e-01 4.490781724452970192e-01 4.607830345630650193e-01
4.855852325757347709e-01 4.683949152628583690e-01 4.919576644897459272e-01 4.445125659306841670e-01
4.634447594483697697e-01 4.904041786988579399e-01 4.474870463212332061e-01 4.760772585868832674e-01
4.689213732878368401e-01 4.723959267139437035e-01 4.466039836406711649e-01 4.542133708794914293e-01
4.841368496417998712e-01 5.006094674269366829e-01 5.117330650488538524e-01 6.413642168045047276e-01
4.560291965802503733e-01 4.549457728862760786e-01 4.545596043268839703e-01 4.739346007506053393e-01
4.510902861754097493e-01 4.805490970611574486e-01 4.541380206743880765e-01 4.451831479867299213e-01
4.808352788289388391e-01 4.561951855818433543e-01 4.686691164970392953e-01 4.535871446132666018e-01
4.732944766680399207e-01 4.568092226982116144e-01 4.786822696526842336e-01 4.674841761589054734e-01
4.538239240646366746e-01 4.613438049952194864e-01 4.986116985479989161e-01 4.722766180833185556e-01
4.709981183211009448e-01 4.630810717741650762e-01 4.766226609547931647e-01 4.521035055319460594e-01
4.480463167031603078e-01 4.785236517588301042e-01 4.643987218538921935e-01 4.864103396733595597e-01
4.796958863735204526e-01 4.612266918023426587e-01 4.549280504385628254e-01 4.629890620708461690e-01
4.534287651379899642e-01 4.664587378501888759e-01 4.590019881725311834e-01 4.640943706035608463e-01
4.419438640276590613e-01 4.505980014801030387e-01 4.401694734891257732e-01 4.561049242814384508e-01
4.655707478523253839e-01 4.972562293211619799e-01 4.525368611017866471e-01 4.768856863180794825e-01
4.594182471434273829e-01 4.591084420680993095e-01 4.519168237845099245e-01 4.597943822542828740e-01
4.644716580708820874e-01 4.608378310998276217e-01 4.638581474622089917e-01 4.734417597452802995e-01
4.523897568384808165e-01 4.526390532652541654e-01 4.618775943915043869e-01 4.447502096494039825e-01
4.604398707548778003e-01 4.589083890120185805e-01 4.701283872127528518e-01 4.609501361846923273e-01
4.625847140947978997e-01 5.057833989461262281e-01 4.479755659898123077e-01 4.531196852525076202e-01
4.646737674872079560e-01 4.525752663612364612e-01 4.521539707978572409e-01 4.500277439753215813e-01
5.053500036398566042e-01 4.827844401200611646e-01 4.513019919395441781e-01 4.555592536926270086e-01
4.598564803600309614e-01 4.689517517884565501e-01 4.516936341921491405e-01 4.528600970904034795e-01
4.982360800107321075e-01 4.650899867216750083e-01 4.485325813293455921e-01 4.529943168163299561e-01
4.656493663787834580e-01 4.653084774812065727e-01 4.552034437656402033e-01 4.532428483168274846e-01
4.828755855560308841e-01 4.941422045230865479e-01 4.840216437975561892e-01 4.506912231445317496e-01
4.527432322502136786e-01 4.712048669656112576e-01 4.724965691566469506e-01 4.811374048391984237e-01
4.581413964430493535e-01 4.654102524121607742e-01 4.560603300730391996e-01 4.489270746707918480e-01
4.740774234135943788e-01 4.620372255643207526e-01 4.769641458988186922e-01 4.618071118990578205e-01
4.664815366268155183e-01 4.539030492305756170e-01 4.543150067329403408e-01 4.561848044395450108e-01
4.789993067582447583e-01 4.705793360869090503e-01 4.805861016114550965e-01 4.910897314548491877e-01
4.585450887680062593e-01 4.566936294237775029e-01 4.619532326857244686e-01 4.562810361385346014e-01
4.695041974385583128e-01 4.781499803066249221e-01 4.611539343992865359e-01 4.558192590872447991e-01
5.064185162385304029e-01 4.666055639584865689e-01 4.786104063193004077e-01 4.552358786265049972e-01
4.476109345753984115e-01 5.133337179819742468e-01 4.706893165906264609e-01 5.235112309455872692e-01
4.652241667111720602e-01 4.483989675839736844e-01 4.755254586537675521e-01 4.815592865149184165e-01
4.848351081212368685e-01 5.204983552296954530e-01 4.842679202556615103e-01 4.627242088317869984e-01
4.920374949773148598e-01 4.656408826510109455e-01 4.512617985407512133e-01 4.514682094256080580e-01
4.805027743180589339e-01 4.796983599662775766e-01 4.570113221804300574e-01 4.674517711003620124e-01
4.579643607139594064e-01 4.552002449830375719e-01 4.594280719757085074e-01 4.663470685482024591e-01
4.551403025786078804e-01 4.913291533788051724e-01 4.582124948501587469e-01 4.530945320924126274e-01
4.484366377194716757e-01 4.752863446871439246e-01 4.556978344917306245e-01 4.645039836565656444e-01
4.615361491839088393e-01 5.026000142097474255e-01 4.684941371281940437e-01 5.114526847998304149e-01
5.493888159592951181e-01 4.844830433527631541e-01 4.993051389853158661e-01 4.744010070959723824e-01
4.519999424616493178e-01 4.841559330622358659e-01 4.590975443522130051e-01 4.661824305852247385e-01
4.833706617355342794e-01 4.752834737300874468e-01 5.151640971501662003e-01 4.679531057675678229e-01
4.765616158644360167e-01 4.605952302614848004e-01 4.492327670256295313e-01 4.523542622725166829e-01
4.635034402211502536e-01 4.717308481534325248e-01 4.724636773268379719e-01 4.510336319605507960e-01
4.558380444844565282e-01 4.685705105463662812e-01 4.497746328512824410e-01 4.501237173875173858e-01
4.577471117178597004e-01 4.533900916576385498e-01 5.306891302267707777e-01 4.820838669935860188e-01
4.653677741686498837e-01 4.843699634075159799e-01 4.786543647448229244e-01 4.987907509009042450e-01
4.595945278803506562e-01 4.550874829292300694e-01 5.268118083477024705e-01 4.589153329531355796e-01
4.789358079433442827e-01 4.858786463737486683e-01 5.083957314491267532e-01 4.903115431467695018e-01
4.494111041227983883e-01 4.754156072934472843e-01 4.633764227231344512e-01 4.841260612010951925e-01
4.822701414426168176e-01 4.731173912684121241e-01 4.698665142059325062e-01 4.807240068912494446e-01
4.718073705832161457e-01 4.592110415299734960e-01 5.192578931649518559e-01 4.562246898810065621e-01
4.572790861129757967e-01 4.545850455760954700e-01 4.589471022288000301e-01 4.721753299236297052e-01
4.824678699175511398e-01 4.569755693276724151e-01 4.724623461564388394e-01 4.717019498348228312e-01
4.519302050272621663e-01 4.574721256891881582e-01 4.445151686668397661e-01 4.421416024367010866e-01
4.534396231174473435e-01 4.692188103993736870e-01 4.517764747142799520e-01 4.518403212229408217e-01
4.592678646246594609e-01 4.661255081494651287e-01 5.219093461831405545e-01 4.696217676003773822e-01
5.010404586791999959e-01 4.831823209921519702e-01 5.567699968814854294e-01 4.714716076850891668e-01
4.543682634830475409e-01 4.688722590605419738e-01 4.582205017407731673e-01 4.657428065935769190e-01
4.660486082235974492e-01 4.742853244145708858e-01 4.914086560408280069e-01 4.707384010155992726e-01
4.570845464865371799e-01 4.642907381057736482e-01 4.630381663640338874e-01 4.698599477608999542e-01
4.692021906375880014e-01 4.544486105442042678e-01 4.702945649623866964e-01 4.522880117098492248e-01
4.614459673563640618e-01 4.547323584556575704e-01 4.647951324780781324e-01 4.578781127929689720e-01
4.634662071863810962e-01 4.469108283519742097e-01 4.594180484612778170e-01 4.529469708601628342e-01
4.761597911516822212e-01 4.811852673689523963e-01 4.927720328172044972e-01 4.618465701738996843e-01
4.769957760969796290e-01 4.648147225379942182e-01 4.526562988758089379e-01 4.649558762709306015e-01
4.529248277346297757e-01 4.579351544380191874e-01 4.590563277403509890e-01 4.546656509240471489e-01
4.491528471310936577e-01 4.582929412523906176e-01 5.363083283106482302e-01 4.558435877164205841e-01
4.477910598119103081e-01 4.719380637009946700e-01 4.557853738466900451e-01 4.690332015355426765e-01
4.467700918515523645e-01 4.934887290000911086e-01 4.602040549119312818e-01 4.843889077504478502e-01
4.924633204936980091e-01 4.586348732312517940e-01 4.678368171056111469e-01 4.579227169354758709e-01
4.903955161571503796e-01 4.653039574623110686e-01 4.604782859484356505e-01 4.529655277729036089e-01
4.619120061397553045e-01 4.626827041308086974e-01 4.682698249816890645e-01 4.625857472419742100e-01
4.522398014863331928e-01 4.596857329209644294e-01 4.570574462413794503e-01 4.561792413393654377e-01
4.534207781155908945e-01 4.576816260814661197e-01 4.537344972292583489e-01 4.864275157451624088e-01
4.555592536926271752e-01 5.204444924990335730e-01 4.577033718427024334e-01 4.528493881225587603e-01
4.784098962942758271e-01 5.047899881998695326e-01 4.577277898788458810e-01 4.497698446114860027e-01
4.784012536207840061e-01 4.710407058397928504e-01 4.946656028429666785e-01 4.493225018183395481e-01
4.611452023188270521e-01 4.920170505841566788e-01 4.739767313003541149e-01 4.758395552635185655e-01
4.743921359380089409e-01 4.600932101408642949e-01 4.634944697221116683e-01 4.511518577734630608e-01
4.567306538422903350e-01 4.769478936990105278e-01 4.527008136113484515e-01 4.678919613361356422e-01
4.527880450089775688e-01 4.700360000133513849e-01 4.549793601036076218e-01 4.867390692234039862e-01
4.527475237846374512e-01 4.917983611424763812e-01 4.653874437014260401e-01 4.541689455509185791e-01
4.467209776242573871e-01 4.572539627552029140e-01 4.769182701905574362e-01 4.554257790247596693e-01
