4.439019362131748081e-01 4.592485229174286809e-01 4.643753568331401849e-01 4.610686202843985448e-01
4.517851372559862355e-01 4.978657563527421059e-01 4.510162870089213238e-01 4.850561916828154407e-01
4.615369141101835493e-01 4.548389216264089874e-01 4.659689068794254374e-01 4.501864910125731867e-01
4.462375740210205999e-01 4.601467549800870582e-01 4.499963819980622448e-01 4.840271572271983569e-01
4.456330537796020508e-01 4.602910876274108887e-01 4.474086463451392159e-01 4.488405386606849623e-01
4.465568463007604239e-01 4.894199271996816925e-01 4.445598324139916069e-01 4.795489311218261164e-01
5.272098680337273802e-01 4.598238269488014174e-01 4.496313730875651782e-01 4.859498242537186319e-01
4.623201191425326262e-01 4.680416584014894799e-01 4.519383112589520080e-01 4.612026214599608265e-01
4.836707313855495571e-01 4.641798138618479230e-01 4.491446614265445780e-01 4.627733131249746612e-01
4.471935431162519237e-01 4.991649488608045360e-01 4.597588777542121474e-01 4.497920374075571881e-01
4.508170286814372485e-01 4.598157604535416665e-01 4.521883428096773461e-01 4.819535712401064043e-01
4.545910159746806012e-01 4.627225200335186583e-01 4.477611084779098971e-01 4.556937217712409005e-01
4.518873393535619565e-01 4.555689295132958061e-01 4.593933622042339349e-01 4.513436059157057700e-01
4.605982601642604202e-01 4.686353206634517599e-01 4.499653776486713941e-01 4.578211406866709021e-01
4.731612900892889217e-01 4.583553671836855803e-01 5.009926954905195018e-01 4.562797049681343586e-01
4.541569848855332991e-01 4.745413959026333339e-01 4.505719343821207312e-01 4.524140159289041230e-01
4.661901195844015966e-01 4.653433561325075463e-01 4.585412939389542641e-01 4.670061965783444125e-01
4.472122291723895082e-01 4.577609300613404431e-01 4.490256210168200868e-01 4.683297177155809621e-01
4.522518416245779882e-01 4.839316010475156471e-01 4.593754609425855229e-01 4.709983170032501221e-01
4.717907011508936654e-01 4.717466731866196139e-01 4.444389541943866706e-01 4.569009939829511979e-01
4.577766954898833673e-01 4.673680563767751983e-01 4.741609195868175530e-01 4.461709956328074878e-01
4.337791403134663160e-01 4.498621920744582670e-01 4.409316082795464720e-01 4.661211868127184688e-01
4.848373929659523518e-01 4.621033867200209921e-01 4.873843193054195333e-01 4.400585889816286400e-01
4.483995636304219379e-01 4.886347154776256030e-01 4.441845615704856920e-01 4.440777301788328968e-01
4.515585800011954754e-01 4.493515491485598479e-01 4.915487865606941731e-01 4.479480087757108375e-01
4.487714370091752114e-01 4.575405220190683631e-01 4.621775845686602047e-01 4.435720741748806484e-01
4.437714020411170357e-01 4.458826780319221639e-01 4.658710360527040240e-01 4.447885553042087436e-01
4.462713400522865803e-01 4.795809189478559276e-01 4.575596153736116167e-01 4.803483684857686176e-01
4.548830986022947553e-01 4.740664561589557069e-01 4.647651612758634254e-01 4.784031112988791912e-01
4.568354884783425440e-01 4.534660776456197473e-01 4.608885049819953506e-01 4.538849890232091733e-01
4.748739997545876057e-01 4.712355633576714165e-01 4.436443547407782351e-01 4.467746317386626642e-01
4.501568973064418722e-01 4.673681457837420838e-01 4.670458734035489168e-01 4.535999000072489240e-01
5.156183342138926928e-01 4.853017528851816254e-01 4.662293096383417490e-01 4.512685835361484599e-01
4.670867224534350215e-01 4.569390118122098610e-01 4.690200289090475372e-01 4.526986281077068908e-01
4.889326691627503552e-01 5.145797530810045650e-01 4.810228546460468824e-01 4.965919454892484541e-01
4.475491046905518133e-01 4.719737271467847051e-01 4.762170314788818914e-01 4.601445794105520348e-01
4.497799873352050226e-01 4.519093036651606332e-01 4.930305679639181982e-01 4.598736365636191814e-01
4.378793040911360679e-01 4.629115362962086810e-01 4.514239529768629411e-01 4.422627985477449175e-01
4.804238379001616877e-01 4.725647668043773675e-01 4.617856641610464385e-01 4.583973785241435839e-01
4.430467883745824453e-01 4.579354524612434529e-01 4.582266112168632000e-01 4.484263658523561791e-01
5.507896443208056825e-01 4.704311788082128909e-01 4.690608878930405123e-01 4.450821876525880572e-01
4.483206768830615974e-01 4.590921103954319626e-01 4.493314226468405614e-01 4.496086736520132354e-01
4.511044621467591997e-01 4.567524790763854425e-01 5.100534061590836776e-01 4.520904521147414146e-01
4.497932891050976933e-01 4.549913406372069202e-01 4.472215473651880435e-01 4.430366059144334456e-01
4.411462048689526738e-01 4.433591266473130843e-01 4.651426573594413250e-01 4.880715509255729723e-01
4.436563750108084569e-01 4.636265138785051199e-01 4.585585892200482183e-01 4.527201354503633812e-01
4.566387732823687373e-01 4.568218191464741285e-01 4.841802815596257248e-01 4.647351404031113686e-01
4.458659092585244288e-01 4.743245045344035571e-01 4.464968542257948814e-01 4.736663003762560664e-01
4.830796917279553959e-01 4.537965854008991773e-01 4.462205966313678163e-01 4.659386475880937795e-01
4.505775173505147668e-01 4.558889468510942122e-01 4.517409602801005786e-01 4.450109004974368010e-01
4.598555167516069631e-01 4.610835115114836347e-01 4.672569831212362579e-01 4.543451964855191316e-01
4.649727046489717242e-01 4.639226794242855001e-01 4.494800269603732579e-01 4.758877754211422451e-01
4.918743371963501532e-01 4.810190697511037006e-01 4.565712511539462004e-01 4.498285154501606709e-01
4.488214155038195985e-01 4.652681847413382976e-01 4.549566606680558456e-01 4.742216169834137518e-01
4.481422404448191510e-01 5.150470634301504980e-01 4.989500741163886977e-01 5.557999809583034079e-01
4.610810279846184745e-01 4.613908231258389003e-01 4.424184858798984044e-01 4.732554356257122063e-01
4.546990990638733465e-01 4.650155007839210097e-01 4.541800022125246361e-01 4.673814773559568647e-01
4.724356631437943155e-01 5.042060017585755505e-01 4.492967625459027281e-01 4.561224182446797504e-01
4.460423191388455666e-01 4.538008968035382451e-01 4.495618144671119643e-01 4.481540819009138255e-01
4.560517668724061169e-01 4.557471573352818162e-01 5.044521093368533604e-01 4.498324890931445497e-01
4.658131301403044544e-01 4.492026865482327547e-01 4.718376696109771729e-01 4.484614431858059969e-01
4.703627725442247609e-01 4.613189498583478709e-01 4.761552214622494228e-01 4.607858856519065904e-01
4.531628986199701115e-01 4.591338137785593299e-01 4.491784969965619823e-01 4.643232822418217332e-01
4.482873479525246729e-01 4.459497630596157003e-01 4.564473529656727369e-01 4.459829231103258906e-01
4.677434861660004217e-01 4.602879981199898274e-01 4.950522879759469697e-01 4.366763830184937079e-01
4.902854661146801574e-01 4.606560369332626803e-01 4.637609024842582195e-01 4.623927275339758669e-01
4.934796094894409735e-01 4.514987468719485197e-01 4.803977807362876384e-01 5.143733123938242224e-01
4.652051329612732489e-01 4.538878897825882053e-01 4.877060453097024073e-01 4.544003804524740509e-01
4.533138970534005274e-01 4.538506070772810874e-01 4.520658850669858064e-01 4.475916127363835928e-01
4.500123461087549570e-01 4.520070751508080131e-01 4.556564887364703553e-01 4.438923796017960610e-01
4.699852466583252508e-01 4.681393404801684199e-01 4.479405979315442821e-01 4.450353980064388759e-01
4.491934180259702925e-01 4.513172705968222509e-01 4.473627805709831096e-01 4.479884405930831259e-01
4.603417913119002836e-01 4.635369380315150223e-01 4.571321705977118843e-01 4.769533773263296417e-01
4.684638182322188316e-01 4.636018872261050139e-01 4.841042757034303423e-01 4.519665837287901167e-01
4.531067013740539551e-01 4.774005413055426583e-01 4.652042488257087105e-01 4.932485222816467285e-01
4.525953233242033247e-01 4.807934065659847933e-01 4.586136341094970703e-01 4.490546981493624412e-01
4.577824175357818604e-01 4.509206513563797647e-01 4.514869550863896408e-01 4.610469639301300604e-01
4.642526706059768582e-01 4.708974560101826801e-01 4.442603190739947139e-01 4.687809248765312242e-01
4.863693316777548126e-01 5.057690838972724867e-01 4.841764569282528408e-01 4.440952440102891585e-01
4.494292338689165889e-01 4.538101355234782641e-01 4.623065590858460583e-01 4.727444450060531156e-01
4.541203280289966004e-01 4.549997250239046220e-01 4.788980086644494816e-01 4.542127947012582490e-01
4.526716768741607111e-01 4.665332237879437627e-01 4.583875437577569767e-01 4.524967471758525872e-01
4.593342641989396347e-01 4.543240368366245341e-01 4.553164343039187156e-01 4.511907398700720773e-01
4.687546690305075536e-01 4.739936192830407902e-01 5.110619266827899354e-01 4.950385789076482967e-01
4.585796991984050219e-01 4.505876302719114546e-01 4.526097575823467278e-01 4.575990537802371860e-01
4.609601795673371472e-01 4.566368758678437390e-01 4.944344560305273251e-01 5.668746531009671852e-01
4.557661910851802389e-01 4.652652740478511739e-01 4.586579898993177751e-01 4.588197469711298160e-01
5.022350052992499148e-01 4.452527960141495211e-01 4.805758595466609884e-01 5.124880373477939122e-01
4.483228623867034357e-01 4.536961416403451075e-01 4.591825604438786179e-01 4.552899698416387753e-01
4.939455588658652196e-01 4.955341120560959323e-01 4.489678839842483615e-01 4.493869344393410237e-01
4.532091518243160366e-01 4.593007961908980308e-01 4.617351094881704254e-01 4.614652097225189209e-01
4.549130499362945557e-01 4.603199760119116024e-01 4.480320811271665260e-01 4.677988688151042407e-01
4.545012613137556778e-01 4.762757321198786697e-01 4.596015810966493365e-01 4.459893306096392451e-01
4.575000802675888711e-01 4.786909222602846459e-01 4.625765979290010210e-01 4.710342884063716262e-01
4.679786662260689845e-01 4.519444704055785023e-01 4.569593667984011010e-01 4.526772399743395625e-01
5.154831210772198302e-01 4.838606814543403023e-01 5.165706674257920517e-01 4.983289837837213687e-01
4.463076392809539605e-01 4.800393283367156427e-01 4.534878532091776160e-01 4.884372055530551981e-01
4.530672232309980729e-01 4.597716232140858228e-01 4.544850786526992148e-01 4.897280534108482963e-01
4.690527220567072830e-01 5.362373689810432387e-01 4.730680386225380452e-01 4.650625785191850325e-01
4.573819140593212151e-01 4.767710566520688698e-01 4.639053146044419540e-01 4.604791502157849492e-01
4.494905372460684112e-01 5.072492957115170009e-01 4.735997319221497692e-01 4.791036844253536153e-01
5.014711121718083975e-01 4.673764606316880288e-01 4.563410381476090683e-01 4.478428860505425657e-01
4.650953114032744806e-01 4.685325920581819292e-01 4.510896007219952764e-01 4.563054343064618101e-01
4.572465221087140819e-01 4.924306968847916854e-01 4.624053339163461951e-01 4.818100035190585051e-01
4.641425708929695637e-01 4.618467887242634906e-01 4.547684888044992157e-01 4.472136000792186206e-01
4.886522988478342877e-01 4.610998928546908848e-01 5.323318938414255408e-01 4.504138628641764508e-01
4.676742951075238408e-01 4.893380502859753789e-01 4.502118229866032273e-01 4.428601463635764013e-01
4.502019584178925671e-01 4.762387176354727081e-01 4.516280194123589165e-01 4.528649051984156571e-01
4.720535973707833399e-01 4.782166083653757727e-01 4.526744584242501923e-01 4.456612467765811436e-01
4.671045839786532872e-01 4.592312375704448724e-01 4.786305228869120465e-01 4.497103691101071443e-01
4.827559689680736010e-01 4.610979259014125753e-01 4.578577081362402712e-01 4.557124873002370014e-01
4.625339011351268792e-01 4.935360550880436570e-01 4.550951520601905775e-01 4.603929917017616225e-01
4.532720843950904799e-01 4.546603957811995445e-01 4.790620704491930781e-01 4.495553274949387612e-01
4.534098605314896280e-01 4.574233392874402782e-01 4.534711241722108599e-01 4.574296971162153946e-01
4.519191185633338881e-01 4.605267941951747268e-01 4.535022675991063901e-01 4.557473162810005696e-01
4.596950014432275577e-01 4.606608450412748024e-01 4.485648870468141869e-01 4.464587668577831292e-01
4.708813130855553086e-01 4.485764900843300929e-01 5.140638947486884103e-01 4.400300979614262253e-01
4.530566434065503301e-01 4.578194916248321533e-01 4.491530656814577971e-01 4.484426081180569734e-01
4.424216250578557608e-01 4.470284283161160555e-01 4.689426223436997665e-01 4.622844556967416474e-01
4.796757598718008886e-01 4.777012070020045242e-01 4.756990472475686738e-01 4.706810017426810155e-01
4.581066767374671334e-01 4.602474172910051009e-01 4.588863551616668701e-01 5.021555026372269692e-01
4.548986256122590222e-01 4.599832296371452744e-01 4.647389650344849743e-01 4.465508759021755703e-01
4.644742012023924116e-01 5.181383490562436744e-01 4.533259769280745810e-01 5.201899508635201563e-01
4.536637167135881832e-01 4.610016942024228737e-01 4.771045148372648481e-01 4.661384622255959065e-01
4.549311101436619986e-01 4.618517855803168093e-01 4.519168138504031096e-01 4.743983844916019321e-01
4.993155201276145427e-01 4.552323520183569339e-01 4.434844156106313995e-01 4.438559909661614067e-01
4.549580812454226408e-01 4.545697271823883057e-01 4.554938773314156086e-01 4.414046406745912310e-01
4.762417773405718813e-01 4.889956514040628699e-01 4.554687341054287630e-01 4.696112871170040615e-01
4.661281605561576891e-01 4.522633353869121020e-01 4.531162480513257207e-01 4.708480735619867685e-01
4.506871898969013746e-01 4.956009387969969593e-01 4.492180446783704539e-01 4.530681868394215162e-01
4.697043100992838727e-01 4.759808878103890528e-01 4.497279922167465305e-01 4.680379132429754452e-01
4.734460512797038501e-01 4.792938530445096657e-01 4.652789135773980345e-01 4.537083804607389137e-01
4.560430745283761689e-01 4.636446237564088024e-01 4.691503345966343552e-01 4.716818133989970629e-01
4.760893583297725606e-01 4.881168007850649193e-01 4.638217290242507285e-01 4.511283040046696891e-01
4.811523358027139374e-01 4.590114355087284714e-01 4.943700134754180908e-01 4.472182989120483954e-01
4.557064870993304262e-01 4.556212921937308202e-01 4.530943433443697654e-01 4.699851572513577547e-01
4.678250153859460636e-01 4.550431470076242157e-01 4.524664183457696165e-01 4.661193788051606890e-01
4.576502044995628404e-01 4.532646536827087957e-01 4.459939599037168745e-01 4.346256852149963934e-01
4.726248780886332379e-01 4.588066041469577860e-01 4.681010842323302668e-01 4.329604804515837513e-01
4.494223495324448092e-01 4.731035331885022899e-01 4.614677727222438186e-01 4.397274951140090482e-01
4.662650823593141314e-01 4.592927396297449283e-01 4.821179906527202075e-01 4.435892800490061627e-01
4.543727139631907330e-01 4.774719576040903357e-01 4.577320516109469883e-01 4.473075071970623595e-01
4.595830043156938771e-01 4.610476493835447553e-01 4.657603204250339024e-01 4.484690427780149702e-01
4.564825892448430289e-01 4.523867269357047527e-01 4.559134145577750097e-01 4.381478031476338519e-01
4.698794782161712646e-01 4.640891949335736455e-01 4.658490220705667206e-01 4.512527982393902959e-01
4.686756034692125539e-01 4.718360106150313316e-01 4.516106545925145377e-01 4.473521510759980169e-01
4.535666704177849229e-01 4.566044807434082031e-01 4.622326393922173149e-01 4.680375357468923303e-01
4.759507576624557035e-01 4.764614701271064345e-01 4.584620098272961242e-01 4.560638268788651528e-01
4.709958334763848509e-01 4.586948653062182801e-01 4.972813924153647869e-01 4.354157149791716974e-01
4.769598046938584579e-01 4.608491460482282420e-01 4.627348184585567403e-01 4.490284025669099566e-01
4.662423133850099322e-01 4.554874698321027537e-01 4.612161417802171925e-01 4.491976896921795470e-01
4.537290136019394016e-01 4.611644347508753183e-01 4.835743804772690835e-01 4.646420578161870596e-01
4.543057084083559349e-01 4.539376894632977111e-01 4.583045045534768769e-01 4.670156737168629779e-01
4.584110180536903334e-01 4.796193937460581647e-01 4.505906005700434647e-01 4.570821424325310356e-01
4.676542480786647360e-01 4.693477352460230234e-01 4.571323394775386739e-01 4.555963277816773016e-01
4.636212090651193884e-01 4.699438114960992618e-01 4.550525844097141892e-01 4.525578518708551212e-01
4.609621365865069764e-01 4.823196232318884280e-01 4.727151691913603626e-01 4.521165490150457211e-01
4.586555759112039277e-01 4.721416234970099435e-01 4.625834027926131742e-01 4.638292690118151484e-01
4.517301917076108619e-01 4.572746555010476222e-01 4.475311140219369044e-01 4.417831202348075914e-01
4.643333852291107178e-01 4.611616929372151508e-01 4.583505193392436450e-01 4.494148890177404598e-01
4.544521868228909023e-01 4.570474425951646658e-01 4.628711442152657063e-01 5.088269611199697229e-01
4.718699554602303059e-01 4.757417639096571116e-01 4.569438795248668694e-01 4.761118590831761588e-01
4.682057003180181698e-01 4.858945310115809768e-01 4.571006496747340164e-01 4.692738354206081319e-01
4.554078082243598891e-01 4.579218029975888893e-01 4.592009584108983633e-01 4.748984575271605335e-01
4.497925639152521859e-01 4.544404049714409477e-01 4.561493496100113010e-01 4.466721117496497695e-01
4.717297454675041246e-01 4.781302611033124150e-01 4.529789586861925343e-01 4.734053015708918899e-01
4.553573826948800751e-01 4.542014996210732014e-01 4.531090160210924922e-01 4.501875440279641261e-01
4.694225490093233422e-01 4.637637535731002347e-01 4.647806982199349513e-01 4.608471989631658938e-01
4.828991492589317924e-01 4.880691468715662729e-01 4.696691731611889464e-01 5.141869882742567954e-01
4.699948529402408481e-01 4.853526453177133271e-01 4.427312612533571556e-01 4.489865799744924835e-01
4.571347534656526879e-01 4.651336570580800744e-01 4.902239938577019895e-01 5.195605754852292701e-01
4.558929701646164401e-01 4.747061530749008829e-01 4.468859831492099643e-01 4.436615208784733810e-01
4.668194651603698730e-01 4.607033729553220436e-01 4.718370735645297520e-01 4.615010619163512073e-01
5.200946430365241957e-01 4.671941200892130719e-01 4.580250183741247927e-01 4.538373251756031568e-01
4.476780295372007057e-01 4.529372652371725927e-01 4.481465518474576082e-01 4.477196335792537063e-01
4.496785302956903263e-01 4.593039353688559978e-01 4.479664862155916527e-01 4.856851597627003247e-01
4.575102229913083907e-01 4.603837430477147885e-01 4.732639392217003471e-01 4.462868769963581617e-01
4.523228009541827022e-01 4.888576269149786935e-01 4.429135123888652825e-01 4.531803727149964489e-01
5.004197657108299113e-01 4.883109529813131067e-01 4.560277561346687270e-01 4.669421017169948507e-01
4.842419624328614391e-01 4.472280939420061330e-01 4.325749874114986349e-01 4.334497253100077496e-01
4.728721280892688172e-01 4.611740410327909712e-01 4.495484928290045534e-01 4.662792583306631933e-01
4.454262852668762207e-01 4.519272645314536541e-01 4.453144371509554778e-01 4.394827087720237224e-01
4.454580942789717057e-01 4.642292161782580751e-01 4.488955438137057219e-01 4.526644448439280932e-01
4.451410671075187175e-01 4.522407452265418404e-01 4.745953083038333409e-01 4.641810158888496352e-01
4.578401048978170129e-01 4.571190277735392993e-01 4.544872244199122946e-01 4.526066184043883167e-01
4.645446240901948687e-01 4.825458923975631809e-01 4.687971274058023163e-01 4.500033756097158166e-01
4.770198961098988666e-01 4.740193287531538346e-01 4.715287188688914721e-01 4.761404196421314405e-01
4.660109976927429565e-01 4.629893700281784152e-01 4.793913960456849255e-01 4.623246490955352228e-01
4.502646724383035370e-01 4.565061330795290861e-01 4.577810267607369532e-01 4.573758244514461446e-01
4.614740014076232355e-01 4.651410977045694617e-01 4.639860987663265712e-01 4.613590041796367114e-01
4.851644535859428453e-01 4.603197177251173167e-01 5.303463538487750428e-01 4.744523962338764167e-01
5.084481139977776731e-01 4.741935034592944520e-01 4.659528930981954864e-01 4.432269036769873605e-01
4.949649969736736876e-01 4.599585135777785605e-01 4.470934768517809688e-01 4.418118099371584617e-01
4.569705824057262444e-01 4.591874976952876608e-01 4.514743685722346633e-01 4.516109128793082683e-01
4.638197422027588446e-01 4.629148244857788641e-01 4.910253882408145976e-01 4.627300997575125030e-01
4.542743464310966539e-01 4.570601681868235455e-01 4.669967889785772153e-01 4.486737449963881241e-01
4.779287179311123013e-01 4.692436158657075640e-01 4.708221455415086409e-01 4.525846640268967880e-01
4.480407635370889929e-01 4.673755069573719556e-01 4.478839933872220125e-01 4.469170769055680892e-01
5.051071147123968874e-01 4.874415298302965383e-01 4.467396835486093787e-01 4.527676800886791808e-01
4.604697922865554349e-01 4.572046200434362051e-01 4.920229415098828496e-01 4.563950796922044972e-01
4.506647288799288664e-01 4.570000370343523244e-01 4.715939561525976931e-01 4.476713836193088603e-01
4.685337841510770485e-01 4.610030949115748178e-01 4.669485092163082052e-01 4.536298016707102088e-01
4.883309602737423427e-01 5.100760261217754943e-01 4.947080512841542377e-01 4.764655729134877338e-01
4.428348640600839881e-01 4.562963048617050821e-01 4.602826933066054838e-01 4.350179433822631281e-01
4.558546443780265855e-01 4.586150248845421995e-01 4.641986389954892989e-01 4.533211787541713278e-01
4.847823083400730204e-01 4.501481950283045541e-01 4.721451699733734131e-01 4.502986172835033440e-01
4.528936445713043768e-01 4.611119826634731411e-01 4.618093768755597295e-01 4.729343851407369903e-01
4.660882055759428821e-01 4.570939838886261541e-01 4.827370047569268241e-01 4.526081085205074794e-01
4.509350558122006691e-01 4.650178452332812684e-01 4.584701458613071323e-01 4.455707768599192486e-01
4.819524586200716887e-01 4.836260974407199376e-01 4.452188710371650648e-01 4.500540594259903604e-01
4.457612236340840473e-01 4.456017514069876562e-01 4.933795730272926838e-01 4.590476155281068560e-01
4.519670406977334132e-01 4.666007061799370970e-01 4.642791152000423915e-01 4.476806223392480466e-01
4.582728842894240318e-01 4.497029383977255712e-01 4.602810541788734389e-01 4.485541681448618201e-01
4.602482616901391599e-01 4.557547469933829754e-01 4.451451102892559075e-01 4.479901989301046661e-01
4.445904791355128061e-01 4.632037778695428654e-01 4.778086145718887789e-01 4.442292551199591988e-01
4.392087658246356940e-01 4.424615701039638638e-01 4.424046079317729974e-01 4.388312300046284808e-01
4.561327993869778163e-01 4.625714321931196360e-01 4.504742026329036086e-01 4.477305610974630090e-01
4.668609897295634692e-01 4.447015325228375615e-01 4.481958051522569875e-01 4.387840330600746852e-01
4.481236934661873561e-01 4.641385773817690019e-01 4.810702701409660942e-01 4.602108498414354543e-01
4.579516549905144340e-01 4.476154545942941931e-01 4.532450437545779698e-01 4.455278714497888926e-01
4.613535503546397631e-01 4.424427052338921196e-01 4.471449851989747759e-01 4.438790480295817242e-01
4.860270619392399460e-01 4.522295395533245665e-01 4.561532338460286273e-01 4.562469919522599282e-01
4.481919010480251986e-01 4.536546568075818797e-01 4.593616028626763548e-01 4.480049709479017039e-01
4.737802644570671129e-01 4.841240545113888460e-01 4.893851677576698256e-01 4.648700455824533173e-01
4.456700881322229191e-01 4.516022503376004305e-01 4.408420026302335426e-01 4.389870762825014983e-01
4.469749331474304754e-01 4.455009897549941922e-01 4.447664916515351452e-01 4.884265859921776975e-01
4.655909836292266291e-01 4.457901616891222774e-01 4.469651679197942373e-01 4.413036008675895183e-01
4.483171701431272194e-01 4.695362945397698606e-01 4.399772882461551737e-01 4.394065241018926815e-01
4.447444578011834904e-01 4.501616756121319951e-01 4.426927864551550851e-01 4.379875461260484548e-01
4.775386253992711660e-01 4.636607170104978248e-01 4.785608053207399126e-01 4.778148134549456971e-01
4.432375629742941747e-01 4.561606744925184032e-01 4.437300463517502291e-01 4.555493990580238850e-01
4.397183855374652839e-01 4.617264668146771056e-01 4.420722921689350660e-01 4.558611810207369719e-01
4.568553666273752478e-01 4.474638501803078205e-01 4.689353704452511873e-01 4.366296231746672474e-01
4.437707960605619117e-01 4.463146229585012170e-01 4.380540847778325309e-01 4.383132755756379284e-01
4.473867118358613171e-01 4.542052745819093462e-01 4.541668395201368669e-01 4.528613289197286895e-01
4.483678738276165032e-01 4.646193881829580041e-01 4.474874635537468559e-01 4.608718554178869442e-01
4.606393078962961463e-01 4.509932498137150803e-01 4.514417648315431353e-01 4.483292003472648668e-01
4.456028143564860766e-01 4.594811499118801046e-01 4.533117612202958169e-01 4.498356183369955352e-01
4.651524027188615462e-01 4.508867661158243445e-01 4.473672906557725759e-01 4.390073120594024103e-01
4.435826738675439085e-01 4.524977902571352129e-01 4.605322778224943403e-01 4.600233634312946851e-01
4.788730442523952968e-01 4.582889974117278498e-01 4.875374436378477894e-01 4.639885624249773244e-01
4.667938351631163441e-01 4.539888203144071821e-01 4.522096912066139729e-01 4.685817956924436256e-01
4.563654065132141113e-01 4.623658855756121455e-01 4.618800381819402889e-01 4.560078978538514294e-01
4.566025336583459660e-01 4.521934886773426032e-01 4.570156037807469041e-01 4.432521859804791631e-01
4.558052122592924915e-01 4.551986157894131191e-01 4.500338236490879495e-01 4.461882412433621492e-01
4.441747069358827349e-01 4.474623799324033979e-01 4.490286211172741515e-01 4.546199242273974983e-01
4.624507228533427661e-01 4.511163433392847422e-01 4.563142160574596984e-01 4.505254626274108332e-01
4.811221758524579228e-01 4.565179646015165571e-01 4.817423323790231415e-01 4.556998411814376926e-01
4.521815776824948951e-01 4.629013935724897721e-01 4.375210305054982873e-01 4.421386420726777233e-01
4.496806065241485406e-01 5.005381703376772240e-01 4.466676811377207068e-01 4.449828068415325744e-01
4.571407735347751689e-01 4.482740461826326128e-01 4.423782924811042738e-01 4.518637359142304577e-01
4.645055830478674874e-01 4.639993906021114833e-01 4.492493669192003103e-01 4.502006272474924908e-01
4.502203762531283848e-01 4.615935981273655564e-01 4.394036034742992425e-01 4.456050793329877080e-01
4.812758465607966385e-01 4.489383896191919132e-01 4.822976986567180657e-01 4.544350306193039035e-01
4.496792356173195948e-01 4.453415473302207994e-01 4.530659814675638830e-01 4.418267110983531976e-01
4.478592077891029311e-01 4.562701880931861464e-01 4.412333567937217205e-01 4.413395226001742278e-01
4.475552340348561420e-01 4.487332204977673156e-01 4.955254991849258883e-01 4.543187320232391357e-01
5.092371702194209426e-01 4.600311219692233000e-01 4.511126975218451296e-01 4.441358248392741626e-01
4.519717196623480593e-01 4.452027181784312115e-01 4.615505337715146150e-01 4.425940712292992241e-01
4.570686320463814289e-01 4.500749806563064670e-01 4.415732125441232947e-01 4.404635230700180704e-01
4.430910448233284504e-01 4.582950174808508859e-01 4.549586077531179162e-01 4.650869369506834827e-01
4.648891488711039410e-01 4.775222539901731178e-01 4.693872829278312730e-01 4.540220598379775541e-01
4.726021190484369083e-01 4.643905262152351887e-01 4.561908543109892689e-01 4.592246810595192463e-01
4.705717265605923183e-01 4.530263543128970616e-01 4.553227623303735538e-01 4.451516369978582022e-01
4.428947965304056433e-01 4.490666091442102048e-01 4.583026071389516010e-01 4.504396220048269006e-01
4.497831265131628231e-01 4.589401483535767712e-01 4.469694793224333607e-01 4.417582551638289945e-01
4.570071001847585412e-01 4.575651884078972831e-01 4.616781870524089837e-01 4.487683773040767043e-01
4.594701031843825834e-01 4.581638971964527296e-01 4.594875176747635348e-01 4.625748594601942765e-01
4.540212055047354589e-01 4.601213435331982238e-01 4.603262444337212766e-01 4.552372694015502375e-01
5.008905728658041845e-01 4.502018988132470145e-01 4.593237241109215385e-01 4.496955772240960880e-01
4.533007144927975185e-01 4.529789388179776277e-01 4.762970407803849282e-01 4.460879862308502197e-01
4.520618021488185811e-01 4.603123068809503726e-01 4.572621782620748254e-01 4.568226337432860218e-01
4.628776212533310952e-01 4.492812256018319239e-01 4.514975448449449202e-01 4.566511213779445577e-01
4.584500590960185473e-01 4.478602608044948141e-01 4.646594425042470111e-01 4.486182332038876619e-01
4.837442239125569476e-01 4.529199600219722677e-01 4.769925375779477394e-01 5.154039363066357238e-01
4.480027059714000170e-01 4.547793765862785387e-01 4.653795659542080965e-01 4.556023975213364663e-01
4.465977450211838784e-01 4.473640521367390210e-01 4.538791477680205744e-01 4.466374913851417494e-01
4.728127121925354004e-01 4.688916206359861616e-01 4.824993014335631769e-01 4.634027183055873800e-01
4.603349069754282819e-01 4.689787328243254505e-01 4.866769909858698062e-01 4.575074215730029481e-01
4.506802161534625983e-01 4.527675906817118512e-01 4.683035512765251207e-01 4.435527523358662738e-01
4.509726961453758287e-01 4.692588845888779336e-01 4.505840639273330228e-01 4.625181357065836218e-01
4.558535218238831122e-01 4.987956782182058069e-01 4.714884459972383257e-01 4.640215138594305788e-01
4.494429628054303349e-01 4.495765566825868920e-01 4.628030359745030076e-01 4.542735318342843165e-01
4.494466682275138902e-01 4.503849347432450356e-01 5.228846768538156775e-01 4.634991884231569048e-01
4.598518212636314439e-01 4.831094841162360543e-01 4.467528065045669461e-01 4.756927589575450366e-01
4.570796887079872639e-01 5.104746023813886424e-01 4.441309273242944333e-01 4.398410320281982422e-01
4.561816553274790631e-01 4.519153436024982984e-01 4.600398242473601185e-01 4.419593811035159581e-01
4.973672628402714402e-01 4.612647692362460417e-01 4.704550902048750260e-01 4.455527762571970807e-01
4.655616978804271167e-01 4.559633433818823245e-01 4.537874360879257662e-01 4.512202143669126198e-01
4.548564851284026544e-01 4.658847351868944942e-01 4.521611730257669159e-01 4.536549746990204413e-01
5.084984600543975830e-01 4.929348627726231058e-01 4.549414614836368997e-01 4.503099819024408146e-01
4.832291205724082994e-01 4.687790671984357616e-01 4.875100851058963847e-01 4.487162530422207363e-01
4.658331175645193944e-01 4.647096395492562593e-01 5.037040015061693410e-01 4.530539611975355485e-01
4.701014459133150969e-01 4.561042388280231452e-01 4.802460173765821794e-01 4.495013356208802935e-01
4.437663853168485328e-01 4.741123517354327577e-01 4.765730301539101710e-01 4.451628228028615686e-01
4.678113659222921106e-01 4.643135766188313251e-01 4.630070924758911688e-01 4.603139658768977127e-01
4.709461331367489900e-01 4.741066992282865766e-01 4.387849569320682042e-01 4.378212591012315968e-01
4.515672127405804259e-01 4.756622016429900013e-01 4.450525244077040976e-01 4.539084931214650842e-01
4.506649871667222640e-01 4.714747567971552811e-01 4.586148560047143552e-01 4.464979370435079864e-01
4.507198234399162895e-01 4.915841519832612194e-01 4.462478955586754448e-01 4.770794212818151858e-01
4.818528095881138285e-01 4.667551517486570600e-01 4.571112394332886852e-01 4.599350392818449818e-01
4.568894406159719757e-01 4.583385984102887889e-01 4.517081876595812062e-01 4.377111097176865639e-01
4.699767629305522942e-01 4.974514941374461041e-01 4.543552299340569145e-01 4.514855146408071618e-01
4.721328119436905002e-01 4.765409330526986786e-01 4.569167892138166764e-01 4.468922615051270086e-01
4.525561630725862816e-01 4.675165812174479352e-01 4.441866974035893478e-01 4.470725059509274013e-01
4.668805797894798881e-01 4.924392700195311390e-01 4.979956150054934971e-01 4.384659528732289813e-01
4.460616707801821623e-01 4.650285641352329136e-01 4.467325210571292393e-01 4.788254102071128337e-01
4.569265047709143435e-01 4.777466058731082432e-01 4.615511993567142923e-01 4.575753509998323754e-01
4.480087359746298681e-01 4.801876743634544420e-01 4.528032839298247736e-01 4.387475748856859425e-01
4.636782904465996391e-01 5.086717704931891237e-01 4.687231183052062433e-01 4.749681154886876699e-01
4.760642747084308790e-01 4.546337425708771862e-01 4.608036875724789705e-01 4.404011368751525324e-01
4.443453450997667531e-01 4.515692889690400835e-01 4.550193647543588904e-01 4.392035305500034403e-01
4.378676712512975522e-01 4.517489572366074069e-01 4.468320707480111786e-01 4.428997337818139646e-01
4.430161317189534320e-01 4.717549681663514294e-01 4.336975415547687507e-01 4.853244125843053647e-01
4.607232809066771906e-01 4.512625237305964987e-01 4.594839513301847700e-01 4.406815071900685443e-01
4.612621168295546470e-01 4.775234063466395340e-01 4.504167636235554273e-01 4.844591518243153705e-01
4.690147439638766014e-01 4.597257574399311597e-01 4.700644016265879688e-01 4.455431401729581520e-01
4.596983293692274986e-01 4.476987222830453028e-01 4.613108833630881200e-01 4.711723029613497649e-01
4.863560795783992696e-01 4.577475190162670349e-01 5.103681782881419604e-01 4.393935600916545337e-01
4.550132056077318965e-01 4.622922539710997980e-01 4.537515242894487044e-01 4.542114635308579507e-01
4.576903084913888642e-01 4.587021768093110796e-01 4.613040387630464867e-01 4.719826380411785705e-01
4.431174496809635044e-01 4.419669508934022106e-01 4.442723393440252133e-01 4.457288881142936199e-01
4.546616375446320690e-01 4.763503173987073125e-01 4.591825008392336760e-01 4.874995648860931952e-01
4.765572845935826529e-01 4.557696580886843596e-01 4.769965410232543390e-01 4.775685966014859840e-01
4.665285448233289500e-01 4.558588763078044725e-01 4.619902869065602991e-01 4.694695373376214231e-01
4.528884589672093619e-01 4.830585916837050742e-01 4.508509536584216493e-01 4.470614393552138632e-01
5.016216337680813320e-01 4.520547688007354181e-01 4.573109447956081319e-01 4.542878568172457610e-01
4.465422828992204884e-01 4.468985299269355727e-01 4.505827824274700188e-01 4.681656658649454572e-01
4.502691229184468957e-01 4.525101184844968483e-01 4.641286631425220466e-01 4.416822095712021889e-01
4.597230553627015825e-01 4.638891518115993984e-01 4.660137295722964201e-01 4.604119360446933262e-01
4.491179585456850365e-01 4.620543022950495127e-01 4.505470792452493378e-01 4.590757191181182306e-01
4.564055204391482268e-01 4.475678900877633759e-01 4.867682456970213734e-01 4.806597232818610732e-01
4.447456796964012193e-01 4.473302463690441155e-01 4.654726286729176099e-01 4.506011009216310259e-01
4.479854504267375415e-01 4.654203255971266495e-01 4.500117897987362947e-01 4.434960087140397689e-01
4.419418871402739368e-01 4.512589871883393999e-01 4.513686895370483954e-01 4.890314936637877308e-01
4.597136874993645317e-01 4.522060950597123763e-01 4.573898712793980081e-01 4.420439004898070179e-01
4.455397625764209724e-01 4.558320244153343803e-01 4.422167638937633538e-01 4.628762900829315186e-01
4.542718032995853306e-01 4.538552959760028815e-01 4.400115311145783581e-01 4.385145405928289608e-01
4.476247827212013752e-01 4.568769435087841058e-01 4.514851172765095288e-01 4.949561059474947289e-01
4.658081730206810045e-01 4.613660176595049123e-01 4.596696794033046096e-01 4.657933016618092670e-01
4.512671331564585553e-01 4.685002366701765397e-01 4.484424789746603301e-01 4.597017069657638455e-01
4.906624356905622819e-01 4.503950079282124652e-01 4.525512258211771832e-01 4.583977063496911253e-01
4.584557414054870605e-01 4.598487615585324373e-01 4.763421416282657139e-01 4.506994783878331967e-01
4.959760606288911022e-01 4.594459335009258849e-01 5.052278041839602940e-01 4.484244783719383287e-01
4.514862398306525582e-01 4.712670942147567099e-01 4.623191853364309045e-01 4.533899128437048343e-01
4.520058830579111731e-01 4.616139630476639444e-01 4.456228117148081092e-01 4.599526127179461854e-01
4.955874482790630364e-01 4.581378201643629411e-01 4.579547842343652531e-01 4.460234045982363615e-01
4.794944624106088349e-01 4.785950879255925217e-01 4.456744889418282063e-01 4.871158699194592101e-01
4.621669948101043701e-01 4.588633775711055129e-01 4.657452305157981920e-01 4.570925732453660073e-01
4.525544047355651855e-01 4.568888247013093706e-01 5.082740684350334215e-01 4.510692556699112399e-01
4.807372192541763400e-01 4.561824103196454594e-01 4.666672547658288761e-01 4.385352333386740575e-01
4.500644902388256652e-01 4.666756987571719639e-01 4.398298362890880608e-01 4.739254713058477231e-01
4.679923653602604539e-01 4.682736694812777989e-01 4.462492068608602813e-01 4.581494132677705888e-01
4.792820513248443604e-01 4.774744411309561620e-01 4.706790049870809289e-01 4.485151271025341058e-01
4.772627552350364732e-01 4.641178945700326075e-01 4.454770386219020772e-01 4.729957282543181263e-01
4.754884541034705148e-01 4.731897115707398571e-01 4.681455592314406333e-01 4.554164608319598573e-01
4.721834659576416016e-01 4.743910729885100208e-01 4.468950728575385445e-01 4.510238965352373341e-01
4.473375678062441185e-01 4.535535573959349476e-01 4.675630629062649812e-01 4.458404580752049484e-01
4.453398187955219245e-01 4.579287370045978522e-01 4.986754258473721224e-01 4.427455067634589181e-01
4.834129710992178808e-01 4.531032840410865736e-01 4.550658563772834730e-01 4.508582154909767659e-01
4.442236721515660514e-01 4.503109455108643133e-01 4.397685925165813470e-01 4.394636452198028564e-01
4.640891949335730349e-01 4.565781354904177580e-01 4.830768406391144354e-01 4.410728712876638702e-01
4.555251797040306139e-01 4.786664148171738131e-01 4.926590422789258183e-01 4.733731746673581764e-01
4.526840647061662892e-01 4.488107760747276909e-01 4.725673298041028203e-01 4.761641224225353630e-01
4.417138695716860131e-01 4.505416750907901280e-01 4.371509750684109963e-01 4.563402930895490428e-01
4.526784320672353479e-01 4.671546220779420611e-01 4.463942249615994173e-01 4.301807979742687249e-01
4.855383038520811323e-01 4.723498821258548808e-01 4.493922293186183303e-01 4.629123906294504986e-01
4.694732427597045343e-01 4.567862451076510344e-01 4.764964183171589429e-01 4.426192939281458627e-01
4.490605195363364666e-01 4.707584977149963379e-01 4.661574463049573125e-01 4.519225259621937330e-01
4.458013971646628271e-01 4.698046545187632983e-01 4.454316000143687115e-01 4.343954225381216339e-01
4.666238824526468543e-01 4.503364264965059038e-01 4.572705030441283069e-01 4.368051290512084961e-01
4.587531983852389805e-01 4.638102153937020966e-01 4.659230907758079576e-01 4.929568270842235034e-01
4.570585191249845747e-01 4.723990758260087630e-01 4.614900648593898702e-01 4.563698569933569704e-01
4.512165089448288424e-01 4.480358064174651544e-01 4.471349120140077904e-01 4.400834540526073480e-01
4.814096987247468151e-01 4.793478747208909096e-01 4.673342704772947553e-01 4.870537916819258073e-01
4.505359828472136896e-01 4.518987536430356666e-01 4.437534809112552714e-01 4.466679692268373802e-01
4.478715161482492157e-01 4.526716470718386010e-01 4.439736107985171598e-01 4.395380914211275969e-01
4.824585517247514943e-01 4.901763697465253977e-01 4.532247583071385977e-01 4.597871005535123512e-01
4.409724275271101335e-01 4.469317893187202961e-01 4.728777110576636300e-01 4.612408280372616853e-01
4.778704146544137665e-01 4.816856682300577619e-01 4.476789136727650220e-01 4.526108105977375562e-01
4.439882834752396090e-01 4.541484812895460466e-01 4.457082351048790581e-01 4.542511502901715459e-01
4.575499991575875947e-01 4.662553568681083727e-01 4.418474535147341453e-01 4.482801059881842409e-01
4.803246160348262350e-01 4.568310379981989633e-01 4.679506421089180135e-01 4.569375018278764022e-01
4.603208204110466051e-01 4.879616995652509837e-01 5.008765757083893932e-01 4.570942123730976636e-01
4.573584993680312460e-01 4.538286626338953744e-01 4.538209835688268856e-01 4.810127218564352325e-01
4.710502723852792450e-01 5.040189921855926514e-01 4.628576238950093402e-01 4.540649354457851894e-01
4.528022905190788316e-01 4.530647794405618933e-01 4.560656845569608930e-01 4.563052256902059844e-01
4.476195474465686774e-01 4.505334595839182721e-01 4.715368251005810363e-01 5.009811520576478161e-01
4.406725267569229776e-01 4.494161705176037414e-01 4.594873984654747612e-01 4.610490898291269568e-01
4.646433095137282865e-01 4.523675243059798734e-01 5.243102212746940660e-01 5.167683362960815430e-01
4.618591566880537735e-01 4.584810237089795848e-01 4.844978451728825242e-01 4.737794697284696821e-01
4.576516548792519123e-01 4.642091989517207473e-01 4.570234119892119806e-01 4.693490068117771585e-01
4.538272817929587255e-01 4.731852610905963874e-01 4.466984868049616586e-01 4.664159516493480706e-01
4.497587382793422628e-01 4.692347844441731586e-01 4.818992813428246147e-01 4.872058232625323670e-01
4.720986584822337573e-01 4.574684699376425079e-01 4.875045716762543835e-01 5.111786623795820939e-01
4.593620598316190407e-01 4.703452686468754806e-01 4.963019390900929029e-01 4.552395244439443323e-01
4.621667762597398421e-01 4.525741835435231897e-01 4.532169103622429862e-01 4.788412253061930524e-01
4.658896625041962225e-01 4.668984015782673413e-01 4.524974425633754294e-01 4.770192702611292246e-01
4.486343562602991830e-01 4.887277583281200433e-01 4.436010718345637649e-01 4.434918761253354158e-01
4.436289767424269059e-01 4.434116383393607030e-01 4.959041972955068878e-01 4.527268409729002796e-01
4.455963273843124850e-01 4.873199760913851653e-01 4.659226437409716426e-01 4.745247364044193894e-01
4.554264148076374585e-01 4.675236940383904471e-01 4.546829462051388826e-01 4.580205480257664719e-01
4.795892437299092981e-01 4.651239713033041845e-01 4.492303828398390153e-01 4.534806807835894404e-01
4.506442844867704633e-01 4.504947264989221933e-01 4.431429704030356298e-01 4.451276361942289594e-01
4.470222194989523778e-01 4.587252537409463593e-01 4.434245824813846104e-01 4.430682659149172142e-01
4.664020339647934055e-01 4.571050604184474508e-01 4.697848856449126087e-01 4.414351383845017129e-01
4.505058924357092098e-01 4.905884861946111508e-01 4.524907569090524384e-01 4.596660335858663848e-01
4.718669454256690377e-01 4.822534918785097990e-01 4.637283086776733398e-01 4.524776339530943159e-01
4.691888789335887378e-01 4.513979256153103359e-01 4.701759020487469298e-01 4.467078546682990425e-01
4.490198393662770959e-01 4.541012644767765116e-01 4.516029854615526973e-01 4.538343052069347405e-01
4.659300943215688995e-01 5.314577718575796972e-01 4.521088600158691406e-01 4.740518530209865133e-01
4.547485907872519384e-01 4.645415445168809554e-01 4.479417701562252718e-01 4.556468625863390742e-01
4.721032381057738703e-01 4.591054022312163196e-01 4.590499897797902795e-01 4.713388482729591877e-01
4.482146501541138250e-01 4.566755692164106151e-01 4.535330335299173621e-01 4.458923538525901842e-01
4.664115607738493208e-01 4.917047321796420567e-01 4.556961953639985796e-01 4.590465227762857703e-01
4.549148877461753893e-01 4.556894799073542002e-01 4.482831458250681744e-01 4.477021197477969450e-01
4.512696266174315296e-01 4.781539440155029297e-01 4.478137592474620288e-01 4.463479518890375308e-01
4.624791045983630000e-01 4.672534565130870288e-01 4.916132489840188691e-01 4.684910575548807965e-01
4.761115014553065627e-01 4.508940974871320506e-01 4.635032713413243521e-01 4.425993661085757536e-01
4.465214113394414541e-01 4.503787060578663959e-01 4.505158861478168464e-01 4.660550355911254328e-01
4.522849023342139230e-01 4.598072965939839496e-01 4.492903550465893736e-01 4.552592933177951329e-01
4.662750065326686233e-01 4.641695320606237241e-01 4.581031302611037748e-01 4.657243291536970475e-01
4.640261729558310400e-01 4.640928010145819460e-01 4.461069007714585921e-01 4.437124629815420440e-01
4.714853167533878397e-01 4.577468236287434156e-01 4.986057877540586158e-01 4.535977244377130124e-01
4.409408569335938610e-01 4.442918002605438232e-01 4.412492513656615656e-01 4.441097676753997248e-01
4.598716000715890040e-01 4.590080579121907922e-01 4.445435702800755173e-01 4.554566840330760424e-01
4.531405866146087091e-01 4.486448963483177788e-01 4.993390738964078590e-01 4.571053683757779762e-01
4.423842430114749424e-01 4.432076613108321128e-01 4.533601601918538782e-01 4.556312759717300875e-01
4.570267995198565303e-01 4.459575613339739619e-01 4.689434270064040677e-01 4.511562089125315533e-01
4.836250046888988519e-01 4.563301503658298008e-01 5.299739241600033290e-01 4.590244392553974317e-01
4.508768816788988887e-01 4.722972909609477465e-01 4.488415022691087386e-01 4.593340555826822547e-01
4.658235808213549989e-01 4.535723427931463436e-01 4.724714656670893631e-01 4.468973278999331389e-01
4.649517436822262484e-01 4.671036601066596017e-01 4.708691736062365352e-01 4.686520000298826094e-01
4.728388984998067590e-01 4.596604406833647571e-01 4.544533789157870207e-01 4.609709680080412153e-01
4.509377479553215995e-01 4.579932490984593985e-01 4.549225568771358974e-01 4.734170238176985124e-01
4.574084381262459309e-01 4.530754586060840583e-01 5.274753272533411197e-01 4.554196298122406006e-01
4.647569060325620893e-01 4.730941454569501103e-01 4.536378284295395913e-01 4.500790635744729151e-01
4.632092316945401467e-01 4.601527452468870405e-01 4.599355161190032959e-01 4.669968485832222127e-01
4.765796462694811275e-01 4.490542411804204215e-01 4.573815266291307857e-01 4.691239992777508916e-01
4.763144552707672674e-01 4.675233562787373121e-01 4.473050534725188099e-01 4.571239252885178628e-01
4.629860222339631237e-01 4.777317047119140070e-01 4.549946586290987138e-01 4.810445110003160329e-01
4.492094914118447968e-01 4.561404486497246391e-01 5.722891589005791868e-01 4.478676815827694058e-01
4.787405033906298457e-01 4.477883378664649361e-01 4.684136410554253782e-01 4.632048408190416189e-01
4.840096036593121154e-01 4.567916591962176143e-01 4.726044833660125732e-01 4.490161140759788005e-01
4.447793761889132780e-01 4.531753063201908738e-01 4.590224921703336403e-01 4.584866762161261544e-01
4.909197489420577543e-01 4.644020299116766171e-01 4.479053119818367512e-01 4.966583649317422022e-01
5.060228010018663625e-01 4.859915077686312590e-01 5.139598349730180038e-01 4.809567232926686420e-01
4.860875407854720609e-01 4.532215197881063751e-01 4.411908884843196432e-01 4.584459265073144718e-01
4.836630125840504779e-01 4.499126275380451734e-01 4.538819293181096115e-01 4.420341551303858529e-01
4.693145354588827978e-01 4.531746009985602730e-01 4.626497328281403143e-01 5.181322296460476595e-01
4.601642688115435975e-01 4.559676051139830433e-01 4.551270504792538918e-01 4.660573800404868572e-01
4.463326632976533093e-01 5.039014418919880445e-01 4.466527899106340072e-01 4.548968275388081128e-01
4.729759196440384006e-01 4.551899631818137060e-01 4.698886871337890625e-01 4.499696989854184426e-01
4.495100875695546283e-01 4.607315361499780271e-01 4.471612970034281598e-01 4.523735046386719305e-01
5.937441686789201034e-01 4.490511715412141003e-01 4.620355864365900400e-01 4.466047585010523013e-01
4.561753968397779802e-01 4.687692026297250458e-01 4.573327600955965355e-01 4.743708074092859994e-01
4.570414622624710543e-01 4.600044488906859796e-01 4.644466439882913855e-01 4.464260439078012177e-01
4.844787518183391040e-01 4.631073971589404481e-01 4.670680065949761595e-01 4.534937540690101576e-01
4.576622049013773785e-01 4.556717276573180042e-01 4.508831501007081188e-01 4.660513003667192677e-01
5.017928083737694944e-01 4.471644163131714422e-01 4.528909822305044464e-01 4.474573433399204325e-01
4.458087484041839965e-01 4.504778881867728124e-01 4.728734791278839666e-01 4.506348272164664714e-01
4.659183422724405554e-01 5.096390545368193470e-01 4.539624849955243291e-01 4.413047830263772675e-01
4.748742977778118712e-01 4.851564268271129077e-01 4.809345006942748468e-01 4.606902698675783836e-01
4.562062422434490783e-01 4.535817305246993003e-01 4.420125583807630321e-01 4.514777461687720095e-01
4.401862323284139733e-01 4.425832629203794166e-01 4.394050439198813884e-01 4.447795053323105874e-01
4.622577528158820503e-01 4.625943303108213667e-01 4.468609193960828563e-01 4.685758352279663641e-01
4.819416205088291050e-01 4.584457576274869051e-01 4.465476373831435142e-01 4.473038613796233021e-01
4.589729805787405303e-01 4.699785610040022599e-01 4.716177483399701109e-01 4.665444095929461854e-01
4.563248058160140896e-01 4.636463026205702165e-01 4.829743007818857459e-01 4.640060762564336416e-01
4.547400077184040601e-01 4.681598643461858944e-01 4.671340982119240315e-01 5.116050938765207556e-01
4.527997871239983207e-01 4.800262153148654454e-01 4.498889148235321600e-01 4.689807792504626649e-01
4.488176008065543066e-01 4.587017794450122810e-01 4.582759042580918929e-01 4.478220343589782160e-01
4.548462728659314336e-01 4.578266739845276434e-01 4.841818312803903290e-01 4.769187172253927520e-01
4.524132212003071363e-01 4.738652706146238014e-01 4.569963514804839533e-01 4.649400711059565872e-01
4.558407664299005124e-01 4.617645541826888023e-01 4.840071201324456229e-01 4.535862306753796758e-01
4.513780375321708171e-01 4.556180536746972098e-01 4.562936524550119111e-01 4.463626543680824232e-01
4.640949865182238954e-01 4.676270683606472134e-01 4.692341486612959245e-01 4.647738536198933179e-01
4.747239450613657263e-01 4.675657053788505602e-01 4.486505389213560346e-01 4.406672219435375237e-01
4.895636538664501214e-01 4.757074217001593941e-01 4.494918882846832831e-01 4.435320198535918079e-01
4.722940226395927477e-01 4.867851535479232328e-01 4.678110877672828072e-01 4.663876493771865750e-01
4.622048536936445573e-01 4.646462003389991713e-01 4.687425692876183714e-01 4.567875961462657397e-01
4.498317042986550440e-01 4.589067995548252177e-01 4.537530938784282153e-01 4.523851772149400374e-01
4.681865870952605646e-01 4.564943015575406715e-01 4.970512290795646715e-01 4.563607772191367040e-01
4.559499224026993813e-01 4.576566318670911571e-01 4.492964545885727023e-01 4.515812893708553433e-01
4.708248774210603838e-01 4.643554786841078141e-01 4.532379209995265890e-01 4.683962364991506311e-01
4.560015996297202001e-01 4.619625111420946895e-01 4.754178424676261394e-01 4.626360535621641956e-01
4.609797795613608806e-01 4.656356871128075059e-01 4.719971517721812670e-01 4.689309696356452895e-01
4.490210811297098981e-01 4.655141433080031144e-01 4.637864430745446409e-01 4.621555109818775708e-01
4.512635171413424406e-01 4.897098839282992278e-01 4.479106664657596104e-01 4.680423339207970268e-01
4.569545388221739612e-01 4.685655434926350726e-01 4.668031831582384883e-01 4.494042992591861241e-01
4.564038813114167925e-01 4.742553730805714740e-01 4.484213590621948242e-01 4.751792252063753996e-01
4.523168802261350319e-01 4.539459844430289714e-01 4.499245484670006956e-01 4.501067399978643246e-01
4.449005027612053520e-01 4.497620264689129455e-01 4.552772144476564531e-01 4.621216555436452045e-01
4.519276519616445276e-01 4.650065799554186641e-01 4.561016658941898783e-01 4.520651499430334841e-01
4.656731486320490609e-01 4.713192085425057520e-01 4.453312357266737687e-01 4.463282326857254123e-01
4.519051710764571128e-01 4.645085036754610375e-01 4.538053075472520681e-01 4.589262008666989412e-01
4.508988757928216184e-01 4.566191931565604656e-01 4.446059664090473151e-01 4.518545468648268448e-01
