4.644192854563394257e-01 4.718382557233174457e-01 4.695246716340381599e-01 4.587677717208856198e-01
4.664163390795392772e-01 4.671130776405331142e-01 4.728422065575919042e-01 4.612621863683069035e-01
4.642762243747707851e-01 4.688557982444763184e-01 4.726815025011702476e-01 4.621616899967202485e-01
4.652286668618515475e-01 4.679218232631681684e-01 4.719489713509872897e-01 4.645807445049280893e-01
4.630218048890434313e-01 4.716013769308727288e-01 4.702731271584828510e-01 4.663807849089303126e-01
4.683921237786606295e-01 4.673441549142203777e-01 4.739150106906896420e-01 4.649110734462737482e-01
4.678874015808109355e-01 4.724093973636622756e-01 4.723051488399513942e-01 4.625473022460938055e-01
4.639747242132825078e-01 4.694240291913350793e-01 4.688209891319277678e-01 4.598049620787302283e-01
4.642228980859110510e-01 4.666258593400320898e-01 4.686963260173799273e-01 4.650588134924574235e-01
4.655081232388815771e-01 4.697784086068474418e-01 4.729141394297275425e-01 4.630352159341177831e-01
4.685188134511314439e-01 4.714260399341584917e-01 4.736876090367632686e-01 4.625107049942017712e-01
4.655873278776806456e-01 4.644077718257905718e-01 4.719532430171968773e-01 4.592984318733215332e-01
4.661915500958765390e-01 4.702691535154968072e-01 4.749391277631123121e-01 4.601333240667976332e-01
4.660562078158059229e-01 4.718104302883144308e-01 4.673661291599268686e-01 4.632327059904730593e-01
4.646501640478766793e-01 4.649299383163448263e-01 4.724013408025105054e-01 4.643405377864839312e-01
4.631338417530062590e-01 4.679151177406314366e-01 4.755297799905142675e-01 4.601441224416095710e-01
4.639428158601131558e-01 4.685329397519431005e-01 4.735176563262941674e-01 4.603518148263298637e-01
4.604523579279582446e-01 4.682064851125081750e-01 4.731762409210201747e-01 4.603322843710588863e-01
4.629480739434564396e-01 4.678109387556721455e-01 4.725145796934766551e-01 4.617528617382055112e-01
4.640661478042608645e-01 4.660873115062720284e-01 4.701032439867654511e-01 4.616035024325053082e-01
4.638011256853737940e-01 4.685928126176200914e-01 4.726759592692056366e-01 4.640877147515612422e-01
4.637491603692373010e-01 4.687755207220712927e-01 4.757020970185592557e-01 4.641457398732508621e-01
4.601563811302182838e-01 4.701404670874270164e-01 4.747036397457127799e-01 4.617751141389213054e-01
4.644060234228770678e-01 4.700579047203068961e-01 4.707425733407337720e-01 4.614898463090264524e-01
4.631750881671905518e-01 4.688725372155510551e-01 4.726378321647641267e-01 4.631839791933693440e-01
4.603280822436011110e-01 4.729760189851126562e-01 4.724715252717339165e-01 4.617863893508916129e-01
4.640532235304514197e-01 4.692843655745184694e-01 4.706200857957203998e-01 4.647098879019424533e-01
4.623042543729143916e-01 4.683041473229724305e-01 4.701498945554093978e-01 4.630666772524516528e-01
4.655906458695726613e-01 4.710803131262463195e-01 4.712411860624949322e-01 4.591822524865469268e-01
4.645593265692392615e-01 4.675170183181761585e-01 4.699960450331371331e-01 4.639474451541898969e-01
4.668405055999751418e-01 4.673545757929481459e-01 4.706367154916125117e-01 4.627629617849979837e-01
4.646512269973754883e-01 4.686011274655660919e-01 4.705686469872790156e-01 4.645384550094606713e-01
4.620016217231754374e-01 4.690308173497516053e-01 4.744081695874531324e-01 4.676397244135540032e-01
4.639854133129118208e-01 4.677393337090812175e-01 4.683769444624578115e-01 4.668631752332050855e-01
4.650790393352505769e-01 4.698203901449846676e-01 4.729434152444202399e-01 4.647220969200141494e-01
4.640993078549707218e-01 4.642726977666214450e-01 4.722374876340230676e-01 4.655316273371378766e-01
4.606811106204982131e-01 4.655967652797696754e-01 4.719883799552918036e-01 4.615138967831931560e-01
4.668316046396893126e-01 4.670111636320751214e-01 4.709293345610301440e-01 4.633563558260606063e-01
4.658293823401138400e-01 4.694310426712035578e-01 4.721803764502209289e-01 4.617027143637340569e-01
4.643264512221016438e-01 4.703968664010370060e-01 4.712153573830926701e-01 4.637625614802040608e-01
4.645075102647151510e-01 4.700556993484497625e-01 4.752490023771923644e-01 4.582104285558064594e-01
4.666839639345810586e-01 4.706259071826933704e-01 4.753114481767015120e-01 4.635941882928215074e-01
4.635191361109418096e-01 4.668941795825951591e-01 4.697905083497367351e-01 4.621900717417399274e-01
4.642053445180261972e-01 4.661354720592497669e-01 4.736774166425070653e-01 4.612275958061213266e-01
4.646598498026534574e-01 4.712152679761245078e-01 4.739942650000260049e-01 4.633137484391529615e-01
4.612190127372742254e-01 4.731618066628770491e-01 4.713354309399921394e-01 4.612698356310526160e-01
4.671509265899659868e-01 4.729088644186656976e-01 4.721732934315995833e-01 4.604283571243284467e-01
4.646229048569999187e-01 4.669558803240460576e-01 4.717597961425778474e-01 4.666322271029152979e-01
4.628457129001623538e-01 4.667945106824235579e-01 4.717724720637003766e-01 4.635973076025646789e-01
4.595013658205667761e-01 4.713704387346898672e-01 4.673366248607637163e-01 4.637868702411654387e-01
4.672378897666932818e-01 4.684176941712694942e-01 4.703492224216461182e-01 4.636559287707011090e-01
4.650840262571972472e-01 4.676349759101863790e-01 4.739532768726349987e-01 4.662731190522511615e-01
4.619638621807088397e-01 4.643975496292108152e-01 4.698551992575329961e-01 4.646990795930226459e-01
4.677307307720184881e-01 4.734372595945991469e-01 4.693090816338854609e-01 4.641713897387189092e-01
4.693198601404819370e-01 4.669646024703976162e-01 4.714690446853640471e-01 4.598618745803831898e-01
4.698667625586193664e-01 4.715013901392620665e-01 4.714323778947198118e-01 4.652634660402936162e-01
4.631579319636024428e-01 4.701721568902331727e-01 4.745366871356965222e-01 4.627244273821515264e-01
4.651169975598656858e-01 4.687773088614140549e-01 4.687121212482446286e-01 4.620864490667980773e-01
4.638959368069968670e-01 4.711367388566333747e-01 4.706447720527652812e-01 4.614599347114556327e-01
4.655965864658356268e-01 4.680567979812622625e-01 4.718446036179854142e-01 4.623223741849262769e-01
4.616557459036499944e-01 4.692056079705557714e-01 4.706293841203051387e-01 4.635077317555743592e-01
4.640012184778847804e-01 4.676699837048846065e-01 4.765887955824533173e-01 4.617495238780973121e-01
4.667582611242934720e-01 4.668977558612822376e-01 4.710416396458947386e-01 4.637483060359959830e-01
4.632867872715000224e-01 4.727545976638796166e-01 4.698414504528042879e-01 4.654468993345901029e-01
4.641446967919667932e-01 4.639178911844895614e-01 4.690507948398590643e-01 4.628404776255292119e-01
4.699648618698121783e-01 4.654285510381060420e-01 4.737186829249069309e-01 4.647298355897271915e-01
4.607761700948077022e-01 4.684514701366421785e-01 4.743185242017119441e-01 4.652486344178514699e-01
4.643686413764955834e-01 4.709976414839431302e-01 4.718055427074431263e-01 4.641784826914470141e-01
4.630044003327691837e-01 4.674272139867149956e-01 4.705703755219779461e-01 4.589798649152115884e-01
4.669535259405770966e-01 4.675674835840862298e-01 4.682666858037314861e-01 4.658695459365848057e-01
4.669086833794909297e-01 4.706664681434623576e-01 4.698375860850018126e-01 4.636203348636629973e-01
4.638666212558741897e-01 4.676544268925986181e-01 4.740786055723831827e-01 4.637552499771117054e-01
4.637841582298274923e-01 4.643142720063524465e-01 4.733855426311487924e-01 4.624694784482327181e-01
4.638408819834384800e-01 4.656674365202588817e-01 4.675386448701226438e-01 4.611813227335611054e-01
4.630469580491382575e-01 4.658119181791942065e-01 4.723295867443085827e-01 4.586732784907020521e-01
4.665114482243861715e-01 4.683801929155987365e-01 4.762428899606070964e-01 4.650531212488814847e-01
4.640392859776821255e-01 4.671128292878469201e-01 4.721173147360478994e-01 4.656464060147601502e-01
4.626136819521584065e-01 4.671421150366464881e-01 4.709761937459305825e-01 4.643687804540004294e-01
4.638197918732963054e-01 4.660117129484813714e-01 4.732502301534008970e-01 4.647236863772081783e-01
4.623130162556967626e-01 4.643853704134627836e-01 4.715488652388251656e-01 4.640718897183728764e-01
4.628969530264538945e-01 4.648678799470268852e-01 4.694053928057359548e-01 4.614015519618980821e-01
4.609514176845551647e-01 4.675857722759253488e-01 4.689874649047850452e-01 4.642844398816423079e-01
4.625469148159024879e-01 4.688673814137775953e-01 4.755390087763461948e-01 4.647610286871592944e-01
4.627563556035361181e-01 4.694039225578310881e-01 4.713984330495204489e-01 4.647136330604553223e-01
4.648033380508427848e-01 4.674200514952339680e-01 4.736283818880719365e-01 4.624995291233062189e-01
4.640080730120337282e-01 4.636487861474355987e-01 4.705444077650710599e-01 4.656793773174289219e-01
4.643991589546204168e-01 4.683785140514378775e-01 4.697437683741248482e-01 4.618046085039769766e-01
4.623338083426152267e-01 4.693225622177122913e-01 4.717528919378916052e-01 4.617120822270707747e-01
4.594045182069143585e-01 4.718834161758427292e-01 4.683561821778619016e-01 4.558737874031073001e-01
4.625407954057059179e-01 4.661681552728013100e-01 4.706181585788727362e-01 4.664891362190248802e-01
4.624601403872175553e-01 4.697986443837482429e-01 4.695092340310417223e-01 4.631040990352630615e-01
4.636038243770594369e-01 4.668170313040415076e-01 4.686234394709266060e-01 4.617178837458288387e-01
4.624876280625662694e-01 4.683008392651876739e-01 4.710572262605026150e-01 4.608614047368361777e-01
4.619428515434265692e-01 4.651166896025341613e-01 4.702720046043395996e-01 4.668149550755815724e-01
4.648925761381789146e-01 4.685790141423545885e-01 4.704527954260510625e-01 4.612851242224379478e-01
