4.623272220293679902e-01 4.857696990172076790e-01 4.721377094586691192e-01 4.651422599951424708e-01
4.610071082909902307e-01 4.725216527779895759e-01 4.702001412709552186e-01 4.809420704841613214e-01
4.635143975416818329e-01 4.777665932973221841e-01 4.729187786579132080e-01 4.736624956130985886e-01
4.676256378491720489e-01 4.905643562475840991e-01 4.738327662150068620e-01 4.631218115488689446e-01
4.648576080799100008e-01 4.675305485725401722e-01 4.682630797227225194e-01 4.830888609091439911e-01
4.642429947853088379e-01 4.674389064311975650e-01 4.693846702575684704e-01 4.868622521559398675e-01
4.610411028067269434e-01 4.691569109757747769e-01 4.715350468953447560e-01 4.855066736539208061e-01
4.612502257029212349e-01 4.692550301551823289e-01 4.733895361423494652e-01 4.868631362915039062e-01
4.603492418924962082e-01 4.684473176797229743e-01 4.690071344375607021e-01 4.825226068496699661e-01
4.641257723172508287e-01 4.881699681282037351e-01 4.716710547606151605e-01 4.616471429665880422e-01
4.607994059721628455e-01 4.704464872678115750e-01 4.727461238702140300e-01 4.845444858074191008e-01
4.618001778920492462e-01 4.682070314884189677e-01 4.683794180552164343e-01 4.862307012081145685e-01
4.650697112083436169e-01 4.673624436060588305e-01 4.682273864746090974e-01 4.807805716991418454e-01
4.626490175724022325e-01 4.688766002655028742e-01 4.737381537755335770e-01 4.905565083026889317e-01
4.621623853842409257e-01 4.919746816158299119e-01 4.719165066878001635e-01 4.646629194418593345e-01
4.622805217901862496e-01 4.944753547509508351e-01 4.690588414669035200e-01 4.615138669808699912e-01
4.605596264203389301e-01 4.853304227193196985e-01 4.714762866497043681e-01 4.728260835011803831e-01
4.677898784478504157e-01 4.778594076633457255e-01 4.707934359709421424e-01 4.686768154303227463e-01
4.654428859551751341e-01 4.878399670124052290e-01 4.689780275026955159e-01 4.655349751313535567e-01
4.611934324105582683e-01 4.687223037083941279e-01 4.681415657202393499e-01 4.854506452878313283e-01
4.617482225100201787e-01 4.645995597044624281e-01 4.708172678947449286e-01 4.819914996623996251e-01
4.638870954513547029e-01 4.806415041287742662e-01 4.690005381902062065e-01 4.750996927420300109e-01
4.624519646167754017e-01 4.674021800359088319e-01 4.683988789717361545e-01 4.848943750063583469e-01
4.642967184384663160e-01 4.923105041186015551e-01 4.686027963956191922e-01 4.669271210829422092e-01
4.611323873202008428e-01 4.912634392579404152e-01 4.723202685515083266e-01 4.592198828856152715e-01
4.693289101123817586e-01 4.676545759042106121e-01 4.873766104380284347e-01 4.648139973481495990e-01
4.665123621622727645e-01 4.718190630276998254e-01 4.662178854147590035e-01 4.811312754948941506e-01
4.616459806760151441e-01 4.704031546910599770e-01 4.731842080752055035e-01 4.809908767541254959e-01
4.644181132316588245e-01 4.735342065493257646e-01 4.720790386199948396e-01 4.809207916259767290e-01
4.635700484116875852e-01 4.658101598421737211e-01 4.700079659620921557e-01 4.862208962440487392e-01
4.589585363864896461e-01 4.668821394443510298e-01 4.706593950589495479e-01 4.870804250240323707e-01
4.614877005418143718e-01 4.659473299980170791e-01 4.712052245934809092e-01 4.856415390968330525e-01
4.654161334037786313e-01 4.885138571262363505e-01 4.693033695220942825e-01 4.654727180798843844e-01
4.657999376455949081e-01 4.682664970556892348e-01 4.695641895135247990e-01 4.910100599129991750e-01
4.599096079667415182e-01 4.674072861671446644e-01 4.688297112782791043e-01 4.880146781603495465e-01
4.632436831792198784e-01 4.822417000929516417e-01 4.695683320363367996e-01 4.724649190902711071e-01
4.638713697592415919e-01 4.921584427356719416e-01 4.722831249237052775e-01 4.584673146406808009e-01
4.614275495211279665e-01 4.801445603370668169e-01 4.695412218570711449e-01 4.722375969092047487e-01
4.630166093508403247e-01 4.907961885134380364e-01 4.722323517004649029e-01 4.617259899775189580e-01
4.637225468953453111e-01 4.658857385317487498e-01 4.720512131849923798e-01 4.841138819853471054e-01
4.642448723316201509e-01 4.921614627043405799e-01 4.709449907143910541e-01 4.596681694189707068e-01
4.640283683935806369e-01 4.954624672730767454e-01 4.730333586533860268e-01 4.624539812405909500e-01
4.608912567297622775e-01 4.917900661627451764e-01 4.670654535293575771e-01 4.585599700609847562e-01
4.589498440424597536e-01 4.932074844837183170e-01 4.709131717681888096e-01 4.660205245018008702e-01
4.619786043961844335e-01 4.888595541318256354e-01 4.729446768760681152e-01 4.583411316076914099e-01
4.654228587945301587e-01 4.676355123519895240e-01 4.691144625345867181e-01 4.869240025679275607e-01
4.662274916966758775e-01 4.687138895193737609e-01 4.690493245919546417e-01 4.845833281675972493e-01
4.649634063243868742e-01 4.832876026630406607e-01 4.665048023064931049e-01 4.717069764931999809e-01
4.644891321659092021e-01 4.929876923561098967e-01 4.680592517058055901e-01 4.663489262262979773e-01
4.621778329213463987e-01 4.912268916765844540e-01 4.705460369586949576e-01 4.619142512480416407e-01
4.640423655509947620e-01 4.644210636615754284e-01 4.865736564000445741e-01 4.752944310506183045e-01
4.660136004288991662e-01 4.763267040252682216e-01 4.720988273620601583e-01 4.745854437351225696e-01
4.608143468697865619e-01 4.924739698568980084e-01 4.721314311027519084e-01 4.622380236784615626e-01
4.624352554480232746e-01 4.694421192010243549e-01 4.706294635931653203e-01 4.781615237394967188e-01
4.604687492052713660e-01 4.884730875492098168e-01 4.684472183386483302e-01 4.638233780860903654e-01
4.628386795520783026e-01 4.773981869220734198e-01 4.691727658112839205e-01 4.742704431215924443e-01
4.636730949083958664e-01 4.696884353955592672e-01 4.694757262865703606e-01 4.857883354028062484e-01
4.613486031691231837e-01 4.649326105912524043e-01 4.718843201796211750e-01 4.850322306156158447e-01
4.637256463368732429e-01 4.695440232753755327e-01 4.682115912437437855e-01 4.858368734518684895e-01
4.626368582248686079e-01 4.760525027910872398e-01 4.708448251088463987e-01 4.771168132623037628e-01
4.626058737436932189e-01 4.668482740720119595e-01 4.707173903783163360e-01 4.878697295983630000e-01
4.651666680971788814e-01 4.890686372915903912e-01 4.710185130437213874e-01 4.629255036513003629e-01
4.597072899341582142e-01 4.796132246653245779e-01 4.738371968269348700e-01 4.768731892108913351e-01
4.641148348649341560e-01 4.697093864281973175e-01 4.706685443719230699e-01 4.854430059591925417e-01
4.624622265497844165e-01 4.643558859825129836e-01 4.703866342703501569e-01 4.842411080996199546e-01
4.673604965209963713e-01 4.811783730983733021e-01 4.714944760004682323e-01 4.716589053471879067e-01
4.657844801743831198e-01 4.863451123237613194e-01 4.685997565587362024e-01 4.641601741313928220e-01
4.608574310938516327e-01 4.696094294389083768e-01 4.715955158074700559e-01 4.832919637362163567e-01
4.602905313173932811e-01 4.652925431728366923e-01 4.785151183605191871e-01 4.728163381417597178e-01
4.607081115245812430e-01 4.675071835517881080e-01 4.704886376857763119e-01 4.843998253345489502e-01
4.645603497823084238e-01 4.693971474965415447e-01 4.704555372397108415e-01 4.814927875995631545e-01
4.592694739500681744e-01 4.839483102162675521e-01 4.709010918935137568e-01 4.706299006938930996e-01
4.600222806135811915e-01 4.697427650292714252e-01 4.723029235998789099e-01 4.836677610874177136e-01
4.614029129346211011e-01 4.919975399971000529e-01 4.708323975404100636e-01 4.626510242621105773e-01
4.623662630716964261e-01 4.894656439622244171e-01 4.689771234989162929e-01 4.613509277502692019e-01
4.628199239571887946e-01 4.684608578681941915e-01 4.716392656167351372e-01 4.845353762308759471e-01
4.646720588207242653e-01 4.906526406606034896e-01 4.724882046381628786e-01 4.607283174991610442e-01
4.626454710960383188e-01 4.684015810489648435e-01 4.705813527107238214e-01 4.864993691444401969e-01
4.629904230435690216e-01 4.908900360266363894e-01 4.728453457355500933e-01 4.646947880585985957e-01
4.772860507170357813e-01 4.765888353188829640e-01 4.698245624701174461e-01 4.652415513992308460e-01
4.665610889593757027e-01 4.724091788132983583e-01 4.760326544443763130e-01 4.736948112646730547e-01
4.634787440299985573e-01 4.737055301666261986e-01 4.717081785202025812e-01 4.823790788650519912e-01
4.614081581433610024e-01 4.767233828703560938e-01 4.695204198360440340e-01 4.754923582077023592e-01
4.609618584314981171e-01 4.732139805952705336e-01 4.691636463006344515e-01 4.842368364334108666e-01
4.684862593809762110e-01 4.692989786465965873e-01 4.693306982517239656e-01 4.792261521021526360e-01
4.652074873447415992e-01 4.859512150287625398e-01 4.716907838980352041e-01 4.712061583995814651e-01
4.647569755713146789e-01 4.643519222736364749e-01 4.725021223227178213e-01 4.875429073969531069e-01
4.644032319386802166e-01 4.654657244682311457e-01 4.663169781366981459e-01 4.845530788103740716e-01
4.637196362018586870e-01 4.968157907327018230e-01 4.675025741259257184e-01 4.673426250616710131e-01
4.609091679255164498e-01 4.905889034271243010e-01 4.697519838809972592e-01 4.656214018662764853e-01
4.639674325784051701e-01 4.956038296222688433e-01 4.679857790470118295e-01 4.652383923530579724e-01
4.603528082370759722e-01 4.865069091320038952e-01 4.720121622085574620e-01 4.667662878831229656e-01
4.650187492370606024e-01 4.755973915259043561e-01 4.714765548706048026e-01 4.867054025332134826e-01
4.782636066277821674e-01 4.741560618082685252e-01 4.734391868114471436e-01 4.635395308335622522e-01
4.625149567921957305e-01 4.683188895384473027e-01 4.731561144193008328e-01 4.883577624956764729e-01
