4.647110303242996676e-01 4.715071519215903728e-01 4.685499270757039758e-01 4.614904125531513190e-01
4.649755656719209429e-01 4.716296494007113371e-01 4.683179358641307855e-01 4.670909245808924082e-01
4.651968876520798379e-01 4.672949810822797367e-01 4.727523426214851332e-01 4.647033810615543992e-01
4.663589696089427972e-01 4.674432476361592981e-01 4.748486181100204373e-01 4.623803098996483452e-01
4.631419678529104522e-01 4.690703650315608542e-01 4.725663463274634712e-01 4.653359552224479723e-01
4.646714528401694189e-01 4.674376249313348386e-01 4.715112845102946704e-01 4.643024802207944557e-01
4.667671918869018555e-01 4.655618568261459256e-01 4.738401671250656033e-01 4.638845622539526370e-01
4.658545851707461272e-01 4.693452815214795848e-01 4.696110486984252375e-01 4.656421542167658578e-01
4.681759377320604543e-01 4.709186851978298116e-01 4.722447693347924802e-01 4.617085158824923985e-01
4.626239935557048266e-01 4.696709016958868221e-01 4.728196958700814356e-01 4.661299983660378565e-01
4.651406009991964075e-01 4.706673026084903233e-01 4.726438025633490359e-01 4.628947079181665036e-01
4.657803277174627499e-01 4.709665278593698767e-01 4.743657112121585362e-01 4.641699294249216901e-01
4.645329614480340763e-01 4.710333546002706262e-01 4.743837614854176099e-01 4.649618069330854198e-01
4.634576638539626980e-01 4.701043963432310901e-01 4.729623993237814239e-01 4.599066774050390438e-01
4.654769102732340680e-01 4.692677358786268571e-01 4.724643528461461850e-01 4.685213069121042517e-01
4.671340286731720526e-01 4.644433458646139989e-01 4.702776074409478757e-01 4.668868184089660645e-01
4.640962481498717707e-01 4.697525401910142562e-01 4.725682139396670256e-01 4.634184936682381739e-01
4.645617306232455723e-01 4.704549709955850312e-01 4.706705907980602843e-01 4.630203644434615073e-01
4.656137625376382538e-01 4.711092015107471997e-01 4.687449932098389227e-01 4.655978778998058898e-01
4.648430049419403076e-01 4.714913666248323754e-01 4.743567506472272099e-01 4.647808770338693884e-01
4.676697254180910424e-01 4.677929878234868832e-01 4.708662430445355596e-01 4.661698838075006845e-01
4.644148151079813824e-01 4.676896433035532263e-01 4.740397830804185531e-01 4.636597633361813631e-01
4.619990289211277634e-01 4.670695662498474676e-01 4.732990364233653491e-01 4.600560764471693376e-01
4.668913781642911598e-01 4.710601468880967757e-01 4.702960749467218204e-01 4.649242162704463333e-01
4.636249542236324239e-01 4.683680733044944255e-01 4.732072154680885823e-01 4.641924103101091048e-01
4.615164697170259789e-01 4.710801243782042347e-01 4.731214046478274815e-01 4.628344178199765846e-01
4.623380104700720583e-01 4.702342053254453536e-01 4.756302734216057426e-01 4.637417793273923006e-01
4.664655228455862335e-01 4.710475206375126511e-01 4.678749938805901731e-01 4.641050597031913805e-01
4.648234844207765892e-01 4.705313245455420845e-01 4.729715486367538357e-01 4.688228567441302674e-01
4.615470965703334372e-01 4.697325925032296845e-01 4.691467185815178520e-01 4.650030930836994703e-01
4.654777646064755525e-01 4.671490689118704132e-01 4.738481442133585797e-01 4.633865356445314720e-01
4.664152165253955817e-01 4.713114102681475459e-01 4.732631842295325075e-01 4.643021325270335065e-01
4.647378226121264833e-01 4.681910574436184413e-01 4.700573682785036400e-01 4.606908162434894538e-01
4.620565573374423307e-01 4.783352514108018538e-01 4.737615784009296949e-01 4.669845898946122786e-01
4.612644414107002766e-01 4.672076404094697710e-01 4.706427355607343821e-01 4.674310684204103228e-01
4.652509589989979322e-01 4.691856106122334613e-01 4.742030600706739207e-01 4.642289876937862880e-01
4.644965330759683320e-01 4.703157941500339390e-01 4.733340442180635210e-01 4.653336207071939179e-01
4.606262048085532079e-01 4.692985415458680865e-01 4.744582970937097355e-01 4.649718205134077964e-01
4.667981664339702630e-01 4.704849421977988499e-01 4.722652633984885662e-01 4.668721755345666136e-01
4.641801714897154096e-01 4.704613486925758314e-01 4.686172107855482993e-01 4.636214971542360619e-01
4.662099579970043206e-01 4.694082041581474907e-01 4.729105631510414631e-01 4.655431807041166548e-01
4.645194709300992097e-01 4.716662168502809838e-01 4.714774191379549340e-01 4.649289151032767742e-01
4.659333328406022323e-01 4.762804210186007969e-01 4.720631937185926774e-01 4.665332635243732984e-01
4.687046507994330202e-01 4.734492897987365168e-01 4.697515865166976834e-01 4.654384255409246829e-01
4.675122400124870903e-01 4.681274692217509137e-01 4.697428047657015715e-01 4.680257141590117853e-01
4.674029052257536176e-01 4.673467874526975874e-01 4.711961150169373114e-01 4.633965392907459790e-01
4.641752938429514752e-01 4.693024357159932825e-01 4.752976298332214911e-01 4.650031030178071179e-01
4.661726454893748151e-01 4.709405799706778972e-01 4.731040199597680296e-01 4.640660583972935349e-01
4.637695352236429480e-01 4.690788189570107569e-01 4.752884805202487462e-01 4.627918104330699944e-01
4.628246625264483827e-01 4.687126775582632354e-01 4.700375298659010270e-01 4.628005127112069239e-01
4.657775461673739903e-01 4.699570337931315289e-01 4.738176663716633930e-01 4.633439481258390669e-01
4.637495875358583208e-01 4.677053888638810220e-01 4.738011260827383886e-01 4.632302721341451934e-01
4.639834562937423246e-01 4.663909574349721088e-01 4.747479458649957462e-01 4.629031717777247756e-01
4.643261432647709519e-01 4.718096256256110732e-01 4.732226828734076851e-01 4.691257377465570255e-01
4.621611336867014752e-01 4.680029253164931236e-01 4.706359207630156916e-01 4.660134315490723211e-01
4.648633797963461212e-01 4.681561092535654889e-01 4.771140217781068005e-01 4.635305603345234449e-01
4.663519064585367468e-01 4.715132912000019605e-01 4.709434707959496147e-01 4.642589886983228831e-01
4.664464195569359428e-01 4.686569174130755799e-01 4.737184743086504390e-01 4.656211237112686252e-01
4.611636499563849800e-01 4.705620110034946513e-01 4.730187654495242033e-01 4.660332103570295481e-01
4.670221507549286999e-01 4.696742792924243348e-01 4.694130619366961299e-01 4.641144275665279317e-01
4.686920444170631361e-01 4.724915524323776150e-01 4.724753101666770982e-01 4.669599831104273568e-01
4.646526277065273214e-01 4.659195641676582844e-01 4.740975201129914440e-01 4.625187615553535414e-01
4.639310638109847007e-01 4.685615897178656009e-01 4.739065567652390176e-01 4.639045695463817620e-01
4.634847541650139457e-01 4.677586654822037393e-01 4.759594102700550056e-01 4.636018276214595724e-01
4.643913706143697473e-01 4.696291883786518628e-01 4.713098605473831082e-01 4.661875069141380168e-01
4.657681683699290143e-01 4.746537506580356114e-01 4.733074506123856606e-01 4.639863570531214121e-01
4.620044827461243786e-01 4.708386560281113686e-01 4.732888042926788885e-01 4.641121625900269665e-01
4.630223611990605947e-01 4.695910314718887424e-01 4.750500420729324991e-01 4.669806559880568808e-01
4.683843652407331803e-01 4.668029348055520167e-01 4.746054112911222700e-01 4.650237162907920885e-01
4.659507870674139407e-01 4.706515371799471215e-01 4.695903360843656782e-01 4.623296459515889301e-01
4.659570554892224492e-01 4.686440924803417785e-01 4.743167161941530541e-01 4.648726185162861402e-01
4.628922243913008994e-01 4.703478415807090252e-01 4.715697566668193286e-01 4.641455511252083888e-01
4.650192956129706179e-01 4.694808026154838609e-01 4.699896971384686095e-01 4.660165011882781427e-01
4.657470583915709894e-01 4.674563209215800708e-01 4.755288263161969731e-01 4.613253374894453196e-01
4.651629726092025852e-01 4.694259961446123341e-01 4.707124431927993680e-01 4.632391134897865803e-01
4.662852187951409544e-01 4.689773718516029866e-01 4.693527619043986743e-01 4.665692945321404661e-01
4.642114241917923989e-01 4.684967100620268665e-01 4.720865686734520006e-01 4.666732649008439870e-01
4.650510350863141795e-01 4.736918906370800597e-01 4.735387067000070838e-01 4.597808519999190824e-01
4.619413117567700566e-01 4.710479378700245245e-01 4.742127060890197754e-01 4.637011984984081847e-01
4.643408854802449359e-01 4.708659748236329046e-01 4.696547091007235442e-01 4.653799037138621753e-01
4.687538941701251960e-01 4.671280980110171233e-01 4.702066977818804006e-01 4.649213453133895224e-01
4.641421337922407853e-01 4.714647332827249793e-01 4.692450960477190236e-01 4.653537273406979091e-01
4.648407002290091405e-01 4.702562888463338586e-01 4.730781018733981602e-01 4.624882638454433925e-01
4.630265136559801875e-01 4.692108730475108569e-01 4.734041492144269725e-01 4.611646433671321987e-01
4.661585688591001198e-01 4.671329756577809467e-01 4.775366783142097615e-01 4.618973433971400588e-01
4.636725485324857954e-01 4.706541498502092025e-01 4.749519030253087082e-01 4.650911887486777196e-01
4.649655520915985663e-01 4.687618017196658049e-01 4.736372331778205269e-01 4.667174617449442731e-01
4.642306069533031487e-01 4.708068172136942175e-01 4.704743623733514957e-01 4.596731166044870087e-01
4.637703398863475268e-01 4.734831551710769193e-01 4.711950421333309103e-01 4.644258519013724773e-01
4.663371046384178764e-01 4.694312711556756224e-01 4.706352651119225516e-01 4.663415153821310333e-01
4.621166984240214770e-01 4.686409235000613682e-01 4.696547488371536905e-01 4.650357166926063490e-01
4.657771190007524709e-01 4.696665406227114592e-01 4.722558856010441453e-01 4.661673009395599920e-01
4.617474873860673568e-01 4.707011083761849513e-01 4.714127282301578403e-01 4.619883994261416715e-01
4.664339323838552209e-01 4.699909488360083376e-01 4.729053676128386341e-01 4.674397607644395491e-01
4.642440378665927958e-01 4.706890483697257488e-01 4.738232195377348743e-01 4.646235704421994850e-01
