4.672627051671346399e-01 4.554754098256430517e-01 4.634080330530798153e-01 4.715481599171958971e-01 4.594674905141191701e-01 4.667292435963946162e-01 4.668287038803101696e-01 4.663536151250203265e-01 4.689421653747553598e-01 4.871503512064612185e-01 4.663212696711219740e-01 4.712417523066202429e-01 4.700124661127723646e-01 4.585909446080527196e-01 4.648355642954511979e-01 4.615835348765052748e-01
4.639246066411332192e-01 4.549220800399779718e-01 4.555463393529256000e-01 4.678374926249186383e-01 4.580239454905189467e-01 4.705094099044795364e-01 4.695768356323244408e-01 4.661370515823364258e-01 4.666819175084435112e-01 4.893865982691446015e-01 4.587815999984737325e-01 4.574398994445804112e-01 4.684702555338544072e-01 4.679234027862549938e-01 4.556396007537840132e-01 4.626671075820918966e-01
4.669627745946247077e-01 4.629825353622434858e-01 4.601260026295977967e-01 4.638531208038330078e-01 4.586209853490195165e-01 4.676730632781982422e-01 4.673605362574261290e-01 4.642835060755407528e-01 4.698946078618367883e-01 4.886184136072792006e-01 4.692512353261309443e-01 4.624245564142867582e-01 4.719990889231363562e-01 4.549075365066530541e-01 4.599739313125610352e-01 4.607669115066526655e-01
4.611799716949461780e-01 4.552843968073526093e-01 4.508929252624512274e-01 4.701109329859419206e-01 4.632036685943608512e-01 4.609531164169313744e-01 4.702531894048057048e-01 4.688616593678788247e-01 4.660958449045820018e-01 4.785927136739098753e-01 4.663598140080768562e-01 4.673078060150147595e-01 4.735073248545328406e-01 4.649138053258261571e-01 4.494336843490598921e-01 4.619545936584477652e-01
4.695131778717040461e-01 4.585111935933431360e-01 4.616178671518964549e-01 4.702532291412357957e-01 4.638303915659587329e-01 4.645635684331259618e-01 4.756637811660771598e-01 4.659797747929889100e-01 4.663133621215820868e-01 4.829103549321493993e-01 4.623735348383585242e-01 4.647956291834512421e-01 4.738246599833171313e-01 4.667505423227946704e-01 4.633523623148601556e-01 4.699972470601396224e-01
4.649320046106972248e-01 4.614509344100953259e-01 4.564095735549928423e-01 4.690102338790893000e-01 4.612507422765095844e-01 4.640033642450965834e-01 4.702570835749306233e-01 4.640845457712807209e-01 4.621356725692749023e-01 4.794612725575765344e-01 4.624096155166620981e-01 4.608690738677981846e-01 4.710851907730103649e-01 4.578185081481935259e-01 4.615381161371865382e-01 4.638427098592119435e-01
4.631205399831137548e-01 4.541978836059570868e-01 4.697897831598920049e-01 4.632962544759116064e-01 4.615586996078491211e-01 4.648235241572061804e-01 4.733654260635376532e-01 4.709704717000328111e-01 4.735791285832721131e-01 4.800285100936892424e-01 4.647099971771241900e-01 4.640380541483563603e-01 4.671355088551834012e-01 4.588658412297570433e-01 4.605227708816534427e-01 4.633424282073973499e-01
4.627781311670940978e-01 4.585820039113364666e-01 4.606083234151207018e-01 4.703952868779500696e-01 4.692190488179526775e-01 4.628427426020307323e-01 4.763758182525636986e-01 4.705523252487183172e-01 4.692476987838742897e-01 4.781837860743202162e-01 4.643583297729493853e-01 4.562937021255493164e-01 4.750214020411173133e-01 4.676675796508788507e-01 4.540410836537674411e-01 4.678154786427811129e-01
4.592280785242717767e-01 4.589730501174923427e-01 4.611540238062540320e-01 4.674986600875852827e-01 4.623095591862995679e-01 4.710501432418822132e-01 4.626737435658772046e-01 4.641414086023967767e-01 4.642274777094528293e-01 4.846460024515786280e-01 4.667791525522867468e-01 4.612976710001629455e-01 4.742156664530435828e-01 4.628531535466511859e-01 4.621643225351970696e-01 4.712764819463097776e-01
4.743137756983437092e-01 4.559414784113567931e-01 4.525767564773557905e-01 4.722104072570799671e-01 4.573165973027544240e-01 4.715708096822106010e-01 4.702605803807577423e-01 4.631813764572142444e-01 4.682192007700604619e-01 4.732898473739625134e-01 4.618079264958699914e-01 4.593063592910768822e-01 4.764082431793212891e-01 4.617414077123002669e-01 4.622094233830770227e-01 4.656482537587484649e-01
4.685729344685867770e-01 4.654561281204225298e-01 4.645244677861533056e-01 4.663752317428589422e-01 4.638449350992834841e-01 4.684081077575678043e-01 4.710923830668131140e-01 4.767130613327024702e-01 4.698727130889890913e-01 4.807579914728801196e-01 4.682901700337732676e-01 4.622973203659059283e-01 4.755369822184244977e-01 4.558766682942705928e-01 4.558265209197999712e-01 4.635996421178183446e-01
4.687811533610029557e-01 4.597826401392621776e-01 4.538502295811971399e-01 4.656854867935178444e-01 4.530030886332194751e-01 4.634901285171510454e-01 4.628515640894575456e-01 4.675031900405884344e-01 4.622867902119952022e-01 4.803566535313927854e-01 4.620052178700768675e-01 4.616233110427853670e-01 4.724896351496378211e-01 4.722892443339032353e-01 4.468936920166012849e-01 4.701079130172730602e-01
4.751404126485188062e-01 4.596383571624759190e-01 4.581653277079265618e-01 4.698791901270545912e-01 4.622207085291543116e-01 4.620204369227093877e-01 4.659221172332763672e-01 4.733648697535193794e-01 4.669665098190313723e-01 4.764438867568971392e-01 4.687165816624959125e-01 4.580485423405962209e-01 4.765130281448366478e-01 4.611784617106119422e-01 4.581933021545411266e-01 4.629318714141851254e-01
4.664414723714190858e-01 4.653191169102985358e-01 4.536694685618088418e-01 4.715030193328857422e-01 4.653129180272423393e-01 4.636554718017578125e-01 4.712955951690676604e-01 4.603529771169029283e-01 4.725724458694454122e-01 4.811364014943439460e-01 4.621400833129881702e-01 4.618221918741862719e-01 4.741000334421790474e-01 4.665980339050291859e-01 4.618375301361086760e-01 4.692467451095579389e-01
4.663346211115517170e-01 4.621171951293946978e-01 4.624657233556110913e-01 4.720926682154335530e-01 4.616853396097816420e-01 4.675256013870244809e-01 4.707464774449663936e-01 4.624464909235633248e-01 4.639537731806438470e-01 4.716484149297074380e-01 4.650684595108035002e-01 4.580967823664348071e-01 4.755479892094933159e-01 4.603376785914102820e-01 4.624236424764000541e-01 4.605956077575682484e-01
4.734564224878941019e-01 4.645388126373292126e-01 4.613501230875651782e-01 4.776505629221598492e-01 4.623210827509564025e-01 4.653314749399818928e-01 4.719322919845575504e-01 4.634505112965903728e-01 4.703036944071455339e-01 4.772961139678952303e-01 4.576696157455446556e-01 4.592215617497759084e-01 4.603728055953981158e-01 4.631779193878172718e-01 4.593248367309571978e-01 4.676029682159427159e-01
4.638245900472000582e-01 4.571493466695151775e-01 4.564695358276368298e-01 4.731658697128291458e-01 4.652359882990518281e-01 4.628618955612183727e-01 4.723942677179968075e-01 4.690701166788731058e-01 4.684935410817462342e-01 4.849007527033485920e-01 4.632762670516966663e-01 4.683749675750731867e-01 4.738635222117104639e-01 4.599208037058513665e-01 4.503659804662066279e-01 4.630203247070319716e-01
4.718178908030192242e-01 4.544456799825035143e-01 4.610123236974082994e-01 4.758196671803797684e-01 4.639696280161536013e-01 4.709946314493818620e-01 4.695436557133991218e-01 4.733641544977825188e-01 4.696858326594033906e-01 4.788101911544794809e-01 4.640477101008096961e-01 4.576683839162191125e-01 4.640824794769290995e-01 4.583062728246051210e-01 4.583949645360310132e-01 4.681170781453448670e-01
4.667274554570517431e-01 4.540872176488243150e-01 4.674321413040162243e-01 4.642897446950277063e-01 4.574952125549314741e-01 4.695649147033695847e-01 4.739160140355428430e-01 4.603213866551711941e-01 4.680841366449993712e-01 4.806854724884033758e-01 4.689440727233888384e-01 4.629608392715451326e-01 4.676399628321333823e-01 4.633841117223103101e-01 4.644546906153363408e-01 4.645327726999917139e-01
4.668921232223513518e-01 4.561249415079756675e-01 4.610226551691691266e-01 4.701679547627762856e-01 4.661910931269327429e-01 4.610844850540157802e-01 4.736368258794149133e-01 4.621806144714353248e-01 4.736710786819457453e-01 4.729113578796389494e-01 4.608655770619708991e-01 4.633917808532713734e-01 4.632265965143841369e-01 4.669017394383750408e-01 4.519232511520383522e-01 4.610142310460408344e-01
4.717038075129189600e-01 4.590193033218382679e-01 4.534845749537147475e-01 4.718846877415976970e-01 4.694668849309286407e-01 4.677105744679770361e-01 4.673029184341426778e-01 4.668697516123455626e-01 4.637501239776616879e-01 4.765711228052773585e-01 4.627343018849685574e-01 4.561273654301957747e-01 4.746588865915934985e-01 4.650426308314006829e-01 4.560071229934690162e-01 4.622608025868733539e-01
4.606573979059854218e-01 4.588247140248615241e-01 4.577531417210896625e-01 4.721663792928061376e-01 4.661810795466108659e-01 4.681755701700843764e-01 4.682959715525304434e-01 4.761433998743692109e-01 4.712435007095339690e-01 4.878285725911458148e-01 4.699407815933226984e-01 4.641767342885335657e-01 4.687499205271403180e-01 4.590062697728476415e-01 4.575116634368895929e-01 4.641808668772374191e-01
4.641515811284382953e-01 4.525490601857502515e-01 4.580979347229001686e-01 4.692411025365198496e-01 4.646833737691244415e-01 4.608497619628910136e-01 4.714238643646235238e-01 4.719565709431960410e-01 4.658250013987222382e-01 4.819892247517906236e-01 4.678040742874147173e-01 4.572312831878662664e-01 4.774470726648967767e-01 4.656747976938878097e-01 4.625376065572105455e-01 4.651239315668745378e-01
4.619671901067098907e-01 4.567697048187252529e-01 4.568498134613034889e-01 4.699950615564978951e-01 4.586665630340580058e-01 4.669133424758912243e-01 4.676610231399538353e-01 4.620380798975625702e-01 4.623891909917196008e-01 4.776859680811563758e-01 4.643086989720661695e-01 4.595297972361245820e-01 4.773962895075481438e-01 4.574994643529257110e-01 4.523363510767618445e-01 4.642299413681032494e-01
4.649680058161417828e-01 4.568558136622115629e-01 4.617758591969806647e-01 4.684271812438965954e-01 4.609838724136350874e-01 4.656276305516559022e-01 4.664778709411619984e-01 4.644755125045780253e-01 4.623612960179643294e-01 4.810107151667276093e-01 4.640593528747559149e-01 4.526604016621907922e-01 4.680088758468627930e-01 4.602289994557697828e-01 4.507422049840295597e-01 4.609984954198204088e-01
4.678484996159866793e-01 4.555921554565432463e-01 4.591215848922727272e-01 4.745618899663293089e-01 4.577929178873695326e-01 4.561365445454916290e-01 4.737554391225178851e-01 4.621135791142779170e-01 4.629766146341957045e-01 4.820430676142376525e-01 4.655301570892331764e-01 4.657432635625202710e-01 4.679512977600094326e-01 4.596436421076456891e-01 4.563511610031129040e-01 4.615890185038244997e-01
4.651592969894410290e-01 4.586978753407797149e-01 4.639936288197832326e-01 4.731906652450557083e-01 4.682015577952069463e-01 4.656600554784142698e-01 4.648069938023886016e-01 4.625565210978189734e-01 4.659274021784465813e-01 4.856969118118289463e-01 4.653863906860352673e-01 4.635231892267862586e-01 4.741480350494388651e-01 4.700582424799604198e-01 4.541428486506146056e-01 4.610818624496462736e-01
4.684087435404459820e-01 4.574192762374871823e-01 4.599275986353559831e-01 4.682397445042925654e-01 4.571375052134199479e-01 4.704163869222008354e-01 4.701570272445677046e-01 4.670115709304811236e-01 4.699353774388631000e-01 4.766795635223384786e-01 4.663258790969850298e-01 4.617344538370769524e-01 4.682481686274207466e-01 4.670341412226360900e-01 4.584271907806394819e-01 4.655995766321815998e-01
4.671944379806520220e-01 4.624853928883868037e-01 4.600334564844766883e-01 4.688508510589599054e-01 4.646962881088255726e-01 4.716640710830690142e-01 4.668473800023395515e-01 4.679757754007974335e-01 4.600876172383626117e-01 4.816696643829341817e-01 4.702305396397910564e-01 4.608570734659833690e-01 4.773757457733153742e-01 4.661365350087482984e-01 4.511370261510215252e-01 4.612620274225871508e-01
4.661365350087481874e-01 4.584097862243655119e-01 4.548143545786542119e-01 4.653849999109906932e-01 4.587778647740681781e-01 4.744828939437866766e-01 4.732603232065837884e-01 4.670980771382649555e-01 4.680864413579303718e-01 4.810469150543213446e-01 4.653687477111814186e-01 4.658948580423989960e-01 4.744135936101277484e-01 4.592779874801637408e-01 4.695991675059006387e-01 4.671300649642943226e-01
4.693912665049232991e-01 4.572817087173463579e-01 4.611774682998661112e-01 4.661585489908853241e-01 4.592587550481158076e-01 4.642477035522458717e-01 4.700804154078163100e-01 4.715574582417806360e-01 4.734667539596555952e-01 4.789772033691400699e-01 4.660300413767499705e-01 4.636043310165403608e-01 4.769533077875770521e-01 4.649955828984576045e-01 4.601840178171789364e-01 4.604706764221190296e-01
4.649091958999633789e-01 4.613911310831712576e-01 4.634910027186077697e-01 4.653316338857019785e-01 4.632826646169024287e-01 4.663199186325069356e-01 4.662355979283651086e-01 4.657154083251953680e-01 4.607328971227006575e-01 4.817623694737750428e-01 4.671978950500487171e-01 4.576788345972699901e-01 4.722300370534263658e-01 4.591684738794966081e-01 4.529269933700565409e-01 4.593194325764974884e-01
4.694378773371379321e-01 4.589059750239056212e-01 4.692600965499883481e-01 4.758031368255613569e-01 4.681904315948480222e-01 4.655735095341995700e-01 4.714764753977458978e-01 4.670942227045695727e-01 4.656780560811364378e-01 4.784531990687050373e-01 4.649566411972048674e-01 4.650804599126181493e-01 4.733966191609700891e-01 4.612027804056805791e-01 4.606165885925295189e-01 4.637753168741862164e-01
4.589779774347937935e-01 4.618097941080734348e-01 4.648277759551999733e-01 4.656044244766234796e-01 4.564016262690224202e-01 4.725532929102583823e-01 4.713653326034547564e-01 4.638079802195232970e-01 4.643083413441972396e-01 4.748228391011558580e-01 4.632320801417033063e-01 4.555712938308716931e-01 4.685185352961223071e-01 4.615613619486494956e-01 4.548730452855430650e-01 4.700733423233034447e-01
4.674923022588093335e-01 4.598004420598349462e-01 4.533024231592813758e-01 4.727641344070436791e-01 4.597388903299970964e-01 4.735809167226157079e-01 4.716009696324663381e-01 4.698046048482255044e-01 4.670104185740156510e-01 4.700141747792561664e-01 4.662993748982749986e-01 4.596356948216757665e-01 4.705880482991534053e-01 4.651440779368087863e-01 4.602385759353638806e-01 4.661821524302164899e-01
4.672888517379758522e-01 4.569829305013018983e-01 4.556718667348224616e-01 4.724208513895669093e-01 4.539105097452802995e-01 4.528421958287558446e-01 4.684122800827021926e-01 4.736385345458983820e-01 4.743995269139607007e-01 4.810745716094970703e-01 4.593459765116370552e-01 4.669742186864220268e-01 4.677607218424478797e-01 4.588220119476317249e-01 4.538476864496868157e-01 4.721067746480306360e-01
4.638168017069498883e-01 4.539288282394410845e-01 4.669313828150433721e-01 4.692707061767579790e-01 4.615511894226076439e-01 4.693857431411739833e-01 4.684729178746543932e-01 4.689692258834840533e-01 4.718141158421839121e-01 4.833612839380897475e-01 4.564127922058104914e-01 4.572122494379678437e-01 4.662793477376303009e-01 4.634032249450681373e-01 4.490711291631064861e-01 4.593596061070763237e-01
4.621440172195433460e-01 4.514173666636151494e-01 4.607955217361452971e-01 4.743028879165653855e-01 4.636347293853759766e-01 4.587748050689697821e-01 4.702189763387043531e-01 4.610010782877606572e-01 4.676627318064371375e-01 4.802642663319907079e-01 4.582640727361043664e-01 4.650421937306720710e-01 4.767443339029946436e-01 4.659660259882608679e-01 4.564150969187418250e-01 4.644320011138917126e-01
4.650252660115560821e-01 4.546649456024172697e-01 4.518637259801226436e-01 4.750581582387288226e-01 4.638382593790686403e-01 4.672566652297971412e-01 4.687931140263871810e-01 4.759123722712200188e-01 4.719086090723675353e-01 4.767747322718303704e-01 4.646263122558591530e-01 4.568292697270709413e-01 4.718101819356282922e-01 4.555510282516480602e-01 4.518789052963256836e-01 4.556343555450442784e-01
4.602955182393391187e-01 4.543945391972857850e-01 4.574232498804730596e-01 4.690862496693925521e-01 4.615008831024168257e-01 4.680190881093343469e-01 4.709178209304811236e-01 4.663973649342846861e-01 4.623200098673499459e-01 4.875692526499426083e-01 4.675968488057454242e-01 4.649143218994141180e-01 4.687748352686565423e-01 4.644320408503214703e-01 4.582694768905636873e-01 4.673247337341304708e-01
4.690858523050943085e-01 4.649447997411090272e-01 4.627032677332564292e-01 4.758576552073159882e-01 4.549472332000735197e-01 4.668497244517008649e-01 4.727336565653480482e-01 4.630122184753417414e-01 4.702337185541786146e-01 4.741031328837079228e-01 4.625252485275271885e-01 4.608135620752970563e-01 4.751617908477784313e-01 4.569984674453733686e-01 4.513103167215981038e-01 4.662966330846147756e-01
4.611968199412028735e-01 4.602086941401163367e-01 4.616153240203859087e-01 4.752416213353475860e-01 4.610553185145062072e-01 4.716308514277141595e-01 4.744059642155970535e-01 4.623149633407592218e-01 4.649233818054197553e-01 4.806514978408810146e-01 4.572600523630783176e-01 4.525657892227176737e-01 4.681325356165571550e-01 4.550340970357257819e-01 4.591559171676634077e-01 4.654482603073117897e-01
4.700169165929159454e-01 4.549025297164918102e-01 4.569199482599890505e-01 4.648539622624710543e-01 4.543201526006062640e-01 4.646212259928382271e-01 4.632569154103596265e-01 4.638042847315472228e-01 4.651451110839843750e-01 4.874294996261601121e-01 4.600948890050253204e-01 4.593745867411297978e-01 4.714878002802533330e-01 4.681450128555298407e-01 4.580280780792234108e-01 4.681202967961625716e-01
4.692669312159217787e-01 4.620393117268878913e-01 4.601830244064332165e-01 4.734523693720499860e-01 4.549808104832968048e-01 4.660875797271730181e-01 4.716567198435467900e-01 4.587798515955608947e-01 4.620136419932053817e-01 4.792775313059491338e-01 4.590953191121420196e-01 4.605780045191447125e-01 4.718889395395914899e-01 4.696077505747477954e-01 4.600617488225296481e-01 4.622416098912558446e-01
4.604406356811524548e-01 4.605863491694131562e-01 4.531595706939694490e-01 4.795443614323935400e-01 4.626884857813514107e-01 4.673414627710983926e-01 4.693756898244222375e-01 4.638961553573606733e-01 4.653571844100951038e-01 4.808916648228963031e-01 4.703135490417480469e-01 4.593935410181679835e-01 4.691108465194699373e-01 4.707850217819208871e-01 4.540388981501257692e-01 4.641904433568318500e-01
4.642679691314698931e-01 4.569067557652787825e-01 4.566898743311563758e-01 4.777443806330363696e-01 4.594839016596474757e-01 4.684924681981404992e-01 4.725391864776610218e-01 4.663626352945959841e-01 4.651702642440793678e-01 4.839652379353843181e-01 4.607995351155595443e-01 4.629758199055989398e-01 4.750118255615234375e-01 4.538310368855793531e-01 4.554311037063594747e-01 4.602137009302774140e-01
4.662412007649740509e-01 4.481233755747475178e-01 4.567726055781046179e-01 4.732511838277176364e-01 4.644486904144284889e-01 4.652986526489258368e-01 4.701761007308953855e-01 4.670390685399371522e-01 4.709066549936931079e-01 4.819944302241007672e-01 4.593377908070885307e-01 4.573787848154705071e-01 4.767899513244626686e-01 4.660674730936684163e-01 4.605353673299151240e-01 4.646968046824138110e-01
4.653965234756469727e-01 4.569905598958334259e-01 4.573505322138465834e-01 4.671208858489984128e-01 4.573009014129638117e-01 4.591962496439614960e-01 4.648337364196777344e-01 4.775618712107337904e-01 4.599091211954756675e-01 4.747676054636634224e-01 4.675258795420328406e-01 4.638795852661135033e-01 4.667872985204060132e-01 4.563967784245809289e-01 4.562241236368819175e-01 4.571254650751749860e-01
4.624013503392535029e-01 4.562386274337770220e-01 4.540323813756309557e-01 4.722752968470255719e-01 4.629665215810144230e-01 4.662089347839349918e-01 4.669836759567259632e-01 4.638282855351766876e-01 4.705885648727418658e-01 4.766212701797482576e-01 4.612551132837928725e-01 4.652800559997557484e-01 4.671163558959961493e-01 4.660949707031251110e-01 4.554884036382038093e-01 4.672596454620360773e-01
4.686620632807413367e-01 4.519014358520505592e-01 4.670598506927492455e-01 4.644232988357546721e-01 4.615250031153361743e-01 4.593863884607951031e-01 4.703076680501302453e-01 4.656884272893272447e-01 4.659535487492879602e-01 4.836289882659914330e-01 4.662736256917319744e-01 4.628567695617675226e-01 4.693946838378903474e-01 4.620665311813355602e-01 4.558579921722414330e-01 4.668591817220052453e-01
4.659963846206663374e-01 4.558225075403850024e-01 4.550330241521197694e-01 4.695859352747593363e-01 4.676222801208497759e-01 4.674530824025470155e-01 4.698218901952108673e-01 4.678278366724649695e-01 4.658991495768228241e-01 4.786181052525835811e-01 4.622162977854403776e-01 4.687391519546505458e-01 4.655382235844930383e-01 4.565051794052119583e-01 4.521443843841549959e-01 4.626088937123615796e-01
4.701792796452844425e-01 4.590579271316528320e-01 4.581065972646076179e-01 4.651513497034713840e-01 4.685775438944498883e-01 4.616227149963382792e-01 4.673004547754923688e-01 4.728424151738488956e-01 4.674078623453776782e-01 4.778356552124023993e-01 4.646035830179849335e-01 4.602527618408203680e-01 4.645593961079915180e-01 4.607613484064732035e-01 4.501495361328125000e-01 4.602231582005815724e-01
4.721875588099165300e-01 4.559097290039065831e-01 4.602654377619427306e-01 4.754654169082642712e-01 4.656885067621867602e-01 4.699714581171672845e-01 4.709495703379312781e-01 4.592112700144446724e-01 4.659060637156168250e-01 4.827086925506589576e-01 4.612195491790769264e-01 4.598926305770873468e-01 4.681195815404257110e-01 4.556439320246378766e-01 4.606208801269525144e-01 4.630170663197830105e-01
4.697482585906984087e-01 4.537237087885537257e-01 4.520724614461259505e-01 4.679414828618365108e-01 4.621691306432089141e-01 4.654831886291503351e-01 4.706394672393794387e-01 4.726172288258869147e-01 4.607516129811606298e-01 4.768316745758055530e-01 4.629109700520833703e-01 4.635141690572103790e-01 4.743012587229413213e-01 4.677654504776003752e-01 4.519099791844686798e-01 4.636930227279663086e-01
4.755020936330159320e-01 4.604460000991823510e-01 4.611930052439377481e-01 4.750478665033976977e-01 4.581637382507325329e-01 4.741133848826090125e-01 4.701789617538453814e-01 4.633313020070392585e-01 4.669343233108518842e-01 4.795547326405845689e-01 4.649568001429246200e-01 4.621846675872801069e-01 4.668408234914138144e-01 4.657616615295407936e-01 4.534504016240438196e-01 4.590386946996051210e-01
4.619917074839277604e-01 4.534801244735714443e-01 4.597394466400146484e-01 4.711388746897382518e-01 4.611541430155436383e-01 4.668385585149125161e-01 4.665734767913818359e-01 4.673839012781783042e-01 4.628104368845629701e-01 4.791726271311442242e-01 4.645905892054244535e-01 4.594142039616898598e-01 4.727271795272824928e-01 4.611725012461340700e-01 4.572473367055256976e-01 4.660080273946128337e-01
4.715665181477866619e-01 4.581552743911748160e-01 4.634067217508951453e-01 4.744621912638347649e-01 4.579722881317138672e-01 4.626357555389407072e-01 4.654024442036940878e-01 4.587109883626300788e-01 4.684584935506182490e-01 4.855203628540035732e-01 4.653649330139161822e-01 4.582564433415722283e-01 4.782478411992389655e-01 4.614165623982751652e-01 4.549673000971473646e-01 4.656165838241577704e-01
4.639982382456464549e-01 4.543661673863729211e-01 4.595564603805543102e-01 4.724376598993937915e-01 4.568674961725867623e-01 4.707225163777667420e-01 4.639102220535280541e-01 4.692000150680539772e-01 4.618991216023760060e-01 4.741031726201378471e-01 4.653193155924481017e-01 4.700691699981689453e-01 4.749633471171058052e-01 4.646989504496256140e-01 4.530249436696371368e-01 4.710628588994338339e-01
4.602605501810710931e-01 4.495151042938229646e-01 4.616297086079917400e-01 4.696238438288375394e-01 4.613457918167113148e-01 4.606092373530067396e-01 4.771208763122556928e-01 4.659906228383383087e-01 4.657227595647174812e-01 4.831674098968508080e-01 4.623759190241493178e-01 4.652675787607832292e-01 4.716262420018511037e-01 4.580059051513672985e-01 4.568876822789513237e-01 4.570320447285967091e-01
4.594194094340004475e-01 4.589231411616004896e-01 4.574752648671466249e-01 4.703235626220702570e-01 4.569204648335774555e-01 4.648558696111043109e-01 4.664189815521239679e-01 4.714442888895673534e-01 4.678155183792117033e-01 4.889223575592045457e-01 4.601765871047973633e-01 4.553711414337162089e-01 4.661480188369755417e-01 4.612181981404621101e-01 4.583178758621216375e-01 4.631811380386352539e-01
4.632950226465861188e-01 4.572052160898845141e-01 4.605380296707147769e-01 4.645384947458900404e-01 4.710531234741209272e-01 4.711386362711589282e-01 4.729708433151245672e-01 4.701130390167235218e-01 4.746679464975992468e-01 4.853005011876423413e-01 4.654831091562906531e-01 4.653623898824051364e-01 4.727498292922975853e-01 4.620802005132041979e-01 4.658986330032343082e-01 4.674992163976029458e-01
4.672830502192178992e-01 4.663076003392531144e-01 4.589110215504965673e-01 4.738908608754476282e-01 4.694590965906779156e-01 4.649003744125366211e-01 4.799811840057375822e-01 4.660271803538005853e-01 4.753384590148924116e-01 4.793626467386885581e-01 4.626563390096029571e-01 4.593036572138471385e-01 4.677966435750324781e-01 4.671974976857504180e-01 4.591457843780519799e-01 4.542381366093952155e-01
4.775225321451825877e-01 4.608820676803594973e-01 4.559348424275713740e-01 4.678734938303628077e-01 4.572481711705525531e-01 4.651458660761519925e-01 4.756962458292642304e-01 4.700011412302651514e-01 4.635153611501056647e-01 4.781988461812332059e-01 4.602923790613809851e-01 4.587423404057822673e-01 4.718718926111855616e-01 4.597388108571369147e-01 4.595403273900349750e-01 4.634828964869179835e-01
4.660252332687376264e-01 4.623415072758993438e-01 4.560201962788906771e-01 4.714399178822833436e-01 4.685520331064865207e-01 4.650652805964149428e-01 4.705440600713091670e-01 4.657082557678222101e-01 4.734981060028075617e-01 4.854328632354741324e-01 4.661175409952799664e-01 4.629260301589968041e-01 4.759688774744670337e-01 4.638509750366210938e-01 4.530417124430340392e-01 4.522695541381838158e-01
4.658049345016482268e-01 4.598935842514036421e-01 4.610515038172402491e-01 4.645589192708329818e-01 4.632754325866699219e-01 4.689286947250364546e-01 4.683939218521115944e-01 4.644967317581176203e-01 4.727409680684407922e-01 4.863608280817667273e-01 4.611371755599976696e-01 4.719394048055014501e-01 4.702808856964111328e-01 4.643671909968055678e-01 4.576234817504884478e-01 4.653351306915287644e-01
4.659446477890014093e-01 4.598939418792729050e-01 4.536523024241132518e-01 4.733323653539022180e-01 4.655297994613645796e-01 4.596310059229538059e-01 4.633136590321855763e-01 4.724275668462112887e-01 4.637424548466997920e-01 4.747894207636515485e-01 4.651727279027301210e-01 4.584962129592897173e-01 4.667210181554160564e-01 4.645124276479090097e-01 4.588868618011471834e-01 4.605240027109780976e-01
4.577208360036211787e-01 4.559044440587360913e-01 4.635934829711915173e-01 4.670434792836505866e-01 4.603932698567705928e-01 4.677114884058632960e-01 4.652061462402341530e-01 4.698197841644289885e-01 4.691651264826454670e-01 4.731380939483645909e-01 4.635614951451622612e-01 4.624711672465009471e-01 4.745102723439534320e-01 4.657980998357138525e-01 4.585572481155394953e-01 4.632547696431472684e-01
4.681233565012608566e-01 4.542158444722496635e-01 4.564276536305744147e-01 4.632128477096559283e-01 4.657761653264367308e-01 4.704193671544397160e-01 4.694541692733767979e-01 4.702467521031700737e-01 4.627066453297932758e-01 4.776526292165123033e-01 4.591462612152095168e-01 4.614714781443279845e-01 4.749737580617268140e-01 4.598111311594646478e-01 4.585340420405070172e-01 4.624829292297365502e-01
4.707730213801060160e-01 4.570960998535155695e-01 4.652374585469561952e-01 4.671007394790651079e-01 4.634691874186198102e-01 4.616580804189046039e-01 4.799793163935344720e-01 4.668848514556883655e-01 4.653900464375809731e-01 4.746644894282016081e-01 4.610170920689896645e-01 4.587856531143185701e-01 4.722990989685056928e-01 4.744880994160970422e-01 4.550379117329914624e-01 4.618073701858524394e-01
4.699542919794721940e-01 4.594083229700725579e-01 4.664235115051267866e-01 4.711678425470987031e-01 4.737486839294435259e-01 4.703173240025839141e-01 4.693497816721593496e-01 4.684892892837522194e-01 4.637129306793215111e-01 4.772994120915733940e-01 4.661186138788861455e-01 4.663989941279091944e-01 4.656219879786174798e-01 4.728717803955079235e-01 4.519982735315958289e-01 4.655581315358484074e-01
4.641615152359006014e-01 4.486351807912188350e-01 4.534031947453816547e-01 4.679209391276041852e-01 4.623832305272416177e-01 4.659360249837239398e-01 4.722553491592408337e-01 4.647714296976726556e-01 4.682242870330814988e-01 4.806121985117599027e-01 4.623647928237914484e-01 4.574344952901206462e-01 4.660602013270056521e-01 4.612837632497153728e-01 4.610147476196290728e-01 4.676320155461626271e-01
4.705425898234045778e-01 4.529353380203251511e-01 4.593764543533327971e-01 4.699910879135134056e-01 4.594419797261554139e-01 4.648672739664709841e-01 4.702770709991453968e-01 4.653853575388591235e-01 4.669181903203329931e-01 4.864288965861001679e-01 4.569992621739705774e-01 4.709618886311849328e-01 4.654185771942138117e-01 4.606185356775921447e-01 4.630766312281292540e-01 4.612455765406289210e-01
4.684323469797770367e-01 4.570831457773848472e-01 4.521395365397133936e-01 4.739800294240313350e-01 4.636391003926594312e-01 4.659529129664103375e-01 4.726128578186032936e-01 4.680653413136798280e-01 4.614236354827878084e-01 4.844043652216593054e-01 4.638537963231401662e-01 4.602923790613809296e-01 4.682972431182859108e-01 4.678984880447388250e-01 4.503355820973714008e-01 4.664944807688395367e-01
4.632340669631960783e-01 4.587400754292802474e-01 4.663019180297853228e-01 4.693961143493651234e-01 4.601392348607374339e-01 4.716931978861494401e-01 4.740539391835532079e-01 4.610058863957721131e-01 4.696084260940556199e-01 4.812583923339844305e-01 4.668832222620644123e-01 4.679615100224813196e-01 4.741262594858808854e-01 4.637231032053634738e-01 4.555049339930217767e-01 4.655392964680991064e-01
4.674648443857831182e-01 4.660791158676146351e-01 4.631061553955079790e-01 4.786678155263268675e-01 4.630066553751628899e-01 4.642030000686647728e-01 4.648025433222454095e-01 4.635161161422727827e-01 4.700109163920078159e-01 4.843817551930743037e-01 4.648227294286092492e-01 4.634293715159094607e-01 4.680064916610717218e-01 4.685264031092327697e-01 4.480850696563719593e-01 4.726583957672118586e-01
4.696062405904133930e-01 4.606355428695680376e-01 4.596241315205893962e-01 4.715371529261267458e-01 4.629122416178388377e-01 4.665037393569945179e-01 4.660616318384805390e-01 4.666008154551189446e-01 4.731341600418090265e-01 4.845603704452514648e-01 4.616181453069049256e-01 4.604152441024779163e-01 4.810434579849248715e-01 4.581481218338016581e-01 4.577354987462362579e-01 4.689379533131919353e-01
4.681373437245691660e-01 4.577674070994059985e-01 4.620875517527262000e-01 4.649887879689538761e-01 4.655652046203612726e-01 4.679489533106482857e-01 4.634282191594441547e-01 4.631333351135256127e-01 4.644324382146197139e-01 4.741599559783939988e-01 4.658142725626626124e-01 4.659321308135984663e-01 4.722585280736287805e-01 4.611005385716755445e-01 4.533559878667196008e-01 4.635446866353354900e-01
4.562772909800213439e-01 4.550170501073201312e-01 4.601966540018718188e-01 4.655979077021278889e-01 4.638952016830444336e-01 4.597588777542118144e-01 4.673622449239095977e-01 4.692156314849853516e-01 4.653562307357789751e-01 4.747098684310910865e-01 4.682329893112185393e-01 4.592170317967730897e-01 4.723453919092815978e-01 4.615838527679441139e-01 4.496121009190877649e-01 4.644847313563027491e-01
4.562489589055382377e-01 4.580904642740883936e-01 4.592315355936688048e-01 4.783717791239420758e-01 4.630432923634844600e-01 4.635691642761231579e-01 4.696530103683466129e-01 4.625811179478964141e-01 4.646474520365400651e-01 4.769627650578813216e-01 4.604133367538456034e-01 4.639566739400227680e-01 4.705027341842650812e-01 4.624005556106562387e-01 4.541881481806432919e-01 4.625381628672280976e-01
4.710562626520790608e-01 4.547289212544761150e-01 4.530352354049679842e-01 4.726550181706743459e-01 4.641750653584803543e-01 4.698470036188762688e-01 4.730779727300006843e-01 4.683090845743814179e-01 4.743329286575314607e-01 4.829348723093668805e-01 4.644749164581298273e-01 4.588424762090048126e-01 4.719044764836626271e-01 4.556553363800047718e-01 4.526482423146567791e-01 4.716765085856121087e-01
4.580527941385908464e-01 4.532562096913652638e-01 4.613432884216309149e-01 4.629261096318563751e-01 4.597432216008508488e-01 4.687565962473550507e-01 4.726220369338988148e-01 4.662669897079469994e-01 4.756368398666381281e-01 4.776034752527870131e-01 4.578336477279661976e-01 4.592789808909099603e-01 4.653569857279460931e-01 4.645246267318726141e-01 4.569850762685140344e-01 4.693016608556113134e-01
4.662448962529500140e-01 4.557703336079911849e-01 4.595629771550499565e-01 4.691961208979291698e-01 4.647672573725383227e-01 4.627201954523720850e-01 4.589062929153443493e-01 4.659096002578732576e-01 4.677189985911050507e-01 4.834305445353189734e-01 4.604799747467038795e-01 4.652740160624188603e-01 4.717875719070437346e-01 4.602394501368204383e-01 4.589402278264362312e-01 4.620976448059079811e-01
4.646101792653404838e-01 4.566734234491982569e-01 4.657703240712484094e-01 4.790206352869673112e-01 4.636507829030355743e-01 4.598153829574587181e-01 4.704377253850303142e-01 4.630266825358074212e-01 4.628855784734088874e-01 4.811234076817832439e-01 4.618310530980424544e-01 4.621146917343137983e-01 4.641985495885214141e-01 4.630144834518434838e-01 4.516443014144900792e-01 4.632769028345743445e-01
4.660459756851197399e-01 4.581855932871501946e-01 4.627082347869873602e-01 4.715073108673097368e-01 4.647095203399658758e-01 4.686896006266272341e-01 4.705559015274049517e-01 4.591387907663980750e-01 4.673237800598140645e-01 4.784577687581379468e-01 4.619857470194494442e-01 4.532245397567749579e-01 4.693820079167683179e-01 4.576828877131147166e-01 4.552883307139080626e-01 4.575948715209960938e-01
4.697211583455405126e-01 4.546639919281006414e-01 4.561911026636756850e-01 4.640214045842488422e-01 4.631847937901814038e-01 4.611425399780272327e-01 4.687960147857664905e-01 4.710284471511841375e-01 4.733967781066899527e-01 4.829146067301433032e-01 4.688748121261595014e-01 4.607971111933389929e-01 4.703055222829179427e-01 4.626199007034303423e-01 4.648649295171100593e-01 4.608844121297201446e-01
4.685022433598840519e-01 4.600011110305783912e-01 4.562118848164872786e-01 4.675546487172447252e-01 4.583559036254880592e-01 4.637539784113564600e-01 4.715313116709390906e-01 4.739281733830773002e-01 4.681098461151117496e-01 4.860919316609697560e-01 4.733506838480626144e-01 4.619640509287516461e-01 4.636960426966350024e-01 4.651244481404624431e-01 4.503693580627438631e-01 4.607055584589641040e-01
4.705939292907717619e-01 4.589721361796063048e-01 4.577299753824868866e-01 4.745970964431760475e-01 4.667408068974814861e-01 4.656171798706054132e-01 4.715336163838702577e-01 4.678960243860879609e-01 4.675460656483967914e-01 4.763370354970298814e-01 4.701448678970337469e-01 4.615823427836101001e-01 4.720249970753988555e-01 4.650379419326776120e-01 4.554122289021813041e-01 4.651215871175128913e-01
4.671611785888666324e-01 4.498291412989299243e-01 4.496604998906452710e-01 4.756821791330976823e-01 4.614266157150264669e-01 4.705481926600140197e-01 4.725616772969561397e-01 4.588670333226521625e-01 4.650559822718298153e-01 4.807822306950886859e-01 4.684460957845054119e-01 4.623062213261923681e-01 4.740265210469563617e-01 4.661496480305987733e-01 4.607004324595134759e-01 4.637682040532430383e-01
4.728536208470665025e-01 4.578042825063072252e-01 4.605024655659994970e-01 4.672634601593015358e-01 4.619282484054565985e-01 4.684130748112996789e-01 4.732621113459269946e-01 4.648535648981728663e-01 4.654814402262373307e-01 4.853914976119996227e-01 4.689847230911258769e-01 4.638626972834274387e-01 4.769990841547647187e-01 4.606455961863198389e-01 4.556465546290074387e-01 4.652562538782757939e-01
4.572509527206417568e-01 4.568823575973512408e-01 4.595590035120649675e-01 4.686060746510823383e-01 4.655215342839557069e-01 4.721668163935348606e-01 4.758679072062171334e-01 4.694257974624637675e-01 4.739255110422767592e-01 4.771644274393717078e-01 4.644520282745361328e-01 4.620778163274131267e-01 4.722450574239097087e-01 4.598919153213500977e-01 4.555221398671466249e-01 4.588641722997027772e-01
4.757602214813230757e-01 4.590728282928465132e-01 4.529591401418047725e-01 4.749005238215132652e-01 4.605568647384644665e-01 4.686029354731242602e-01 4.674115975697835101e-01 4.638918240865070874e-01 4.677063226699829657e-01 4.792948961257929574e-01 4.683930079142250569e-01 4.607965946197509766e-01 4.693172772725424657e-01 4.681917428970337469e-01 4.608982801437372934e-01 4.682120084762572132e-01
4.636392196019487044e-01 4.611731370290125809e-01 4.607332547505691434e-01 4.730388720830283056e-01 4.619807004928589422e-01 4.652251799901328533e-01 4.741515318552650959e-01 4.680297374725344572e-01 4.637980063756303450e-01 4.837701718012490937e-01 4.645018974939978951e-01 4.621423880259197259e-01 4.698836008707680256e-01 4.534784555435182885e-01 4.602538347244262695e-01 4.603720108668007960e-01
4.677108923594157086e-01 4.530827999114989124e-01 4.581634998321537089e-01 4.645252625147504033e-01 4.527409871419272869e-01 4.652558565139768842e-01 4.714218775431317510e-01 4.704994360605873616e-01 4.738043149312335389e-01 4.829898675282793818e-01 4.669348796208698249e-01 4.592397212982177734e-01 4.720923503239947139e-01 4.629213412602744548e-01 4.594767093658449486e-01 4.583293199539184570e-01
