4.654171566168466279e-01 4.639833867549894575e-01 4.731918970743817510e-01 4.584952195485434978e-01
4.612786769866948355e-01 4.679000278313956707e-01 4.700872699419660350e-01 4.621313909689589994e-01
4.628231724103288314e-01 4.672887921333310768e-01 4.713991483052566434e-01 4.638028840223953342e-01
4.620168805122377154e-01 4.692148665587107526e-01 4.725082218647004839e-01 4.634275337060295707e-01
4.613809684912360543e-01 4.680648942788444566e-01 4.738546907901771132e-01 4.620049993197129501e-01
4.619840780893968990e-01 4.669129749139150354e-01 4.730063279469811088e-01 4.655709167321520625e-01
4.632576306660966536e-01 4.649245937665303363e-01 4.694071412086490702e-01 4.627638161182401899e-01
4.609794616699216530e-01 4.646549125512440259e-01 4.694481889406840747e-01 4.634305735429129491e-01
4.651668767134345406e-01 4.640557368596393006e-01 4.718921979268386191e-01 4.607969919840494977e-01
4.626659353574115174e-01 4.699145754178357115e-01 4.727165202299750679e-01 4.622256457805636320e-01
4.625165959199269983e-01 4.676632682482402270e-01 4.707538485527034688e-01 4.626999298731480637e-01
4.621583819389348258e-01 4.670675595601402885e-01 4.689853588740029444e-01 4.624721705913540371e-01
4.654572804768882799e-01 4.697695076465606689e-01 4.690411587556204687e-01 4.634956916173301744e-01
4.624567131201425263e-01 4.683136343955990322e-01 4.718730648358659963e-01 4.615531663099917137e-01
4.662349224090577282e-01 4.668342669804887435e-01 4.728978077570606953e-01 4.663519958655037434e-01
4.620252748330430648e-01 4.630828499794006348e-01 4.690865476926158739e-01 4.593217670917514872e-01
4.638274510701496101e-01 4.682138760884604345e-01 4.727836251258851208e-01 4.587261974811555620e-01
4.639347990353899776e-01 4.671622514724725894e-01 4.721971253554024806e-01 4.599374234676363860e-01
4.666383067766821657e-01 4.645419518152867910e-01 4.720776081085208409e-01 4.618316094080610612e-01
4.668639798959091092e-01 4.655021627744044266e-01 4.711596469084423089e-01 4.616009394327801885e-01
4.642141262690227532e-01 4.666958649953205085e-01 4.690420826276142652e-01 4.615059991677602502e-01
4.663847188154847112e-01 4.685575862725574470e-01 4.685869018236801242e-01 4.621987938880924296e-01
4.582681357860562965e-01 4.656395018100731864e-01 4.705849687258399361e-01 4.640603462855023009e-01
4.650260309378301260e-01 4.638890922069552336e-01 4.711379806200658993e-01 4.611362616221109656e-01
4.600946406523388488e-01 4.651638865470881790e-01 4.699415266513821132e-01 4.582744638125094694e-01
4.605681796868645317e-01 4.695545832316083135e-01 4.689377446969348329e-01 4.622636238733924818e-01
4.632550577322643304e-01 4.646970232327780059e-01 4.682383537292478803e-01 4.622384309768673982e-01
4.659758011500040320e-01 4.659428199132285564e-01 4.684956471125287236e-01 4.613341093063352827e-01
4.599673549334202249e-01 4.638562103112534030e-01 4.716035723686218817e-01 4.546816746393834707e-01
4.625371197859446948e-01 4.660915732383726362e-01 4.708792567253110573e-01 4.602648317813877177e-01
4.626604318618774414e-01 4.648009240627288818e-01 4.711029728253685600e-01 4.605651597181954493e-01
4.599986871083581175e-01 4.665797154108683453e-01 4.718723197778073031e-01 4.644635319709777277e-01
4.631042281786592607e-01 4.685799777507782538e-01 4.715468684832250235e-01 4.631048540274302350e-01
4.649375975131988525e-01 4.706047475337981068e-01 4.729139308134716613e-01 4.608100553353629003e-01
4.596579670906069115e-01 4.691179593404139481e-01 4.673452874024710546e-01 4.623166918754581522e-01
4.612403512001037598e-01 4.678506255149838533e-01 4.693820973237354255e-01 4.621738990147912229e-01
4.678373833497363465e-01 4.675685465335845947e-01 4.684296846389767732e-01 4.628537197907766076e-01
4.602895379066465065e-01 4.681985378265380304e-01 4.704184730847675855e-01 4.602876504262287671e-01
4.634859561920163240e-01 4.664673109849298838e-01 4.672039051850637725e-01 4.619610508282983585e-01
4.617206851641336707e-01 4.693154692649842419e-01 4.686318437258399361e-01 4.608881175518034223e-01
4.636612534523008589e-01 4.672842423121142397e-01 4.741126596927643377e-01 4.617208341757453871e-01
4.627181192239125385e-01 4.695918361345928216e-01 4.681942065556847221e-01 4.612882137298586760e-01
4.599537750085192500e-01 4.689450661341352244e-01 4.705148438612623552e-01 4.662148555119832172e-01
4.656490782896676173e-01 4.680910209814708178e-01 4.738014837106068189e-01 4.607879221439357131e-01
4.632727801799773615e-01 4.659695923328395217e-01 4.669432242711381575e-01 4.619380036989850780e-01
4.600477516651149679e-01 4.648405512173967025e-01 4.703604380289714837e-01 4.586673279603318276e-01
4.656871557235717218e-01 4.665732979774482869e-01 4.744249383608494242e-01 4.645878672599789150e-01
4.615818758805592115e-01 4.657107094923652046e-01 4.694949289162957951e-01 4.619660476843514552e-01
4.647534290949501545e-01 4.657156070073441567e-01 4.693712194760639722e-01 4.625775118668875030e-01
4.655007521311443908e-01 4.671890536944072192e-01 4.691068828105937061e-01 4.574358661969500917e-01
4.679588278134666490e-01 4.654527107874549818e-01 4.726452132066091827e-01 4.636578162511187373e-01
4.643626312414805835e-01 4.675394495328269451e-01 4.700012604395545357e-01 4.637886782487233850e-01
4.612532655398053905e-01 4.670326213041937069e-01 4.730100929737081628e-01 4.624296625455222576e-01
4.624320566654204767e-01 4.661120076974232251e-01 4.674360950787860292e-01 4.646258751551314292e-01
4.583784341812138785e-01 4.688109358151752448e-01 4.716929892698928373e-01 4.602697292963657816e-01
4.632775882879889284e-01 4.662345647811888538e-01 4.678935507933298377e-01 4.622097114721934186e-01
4.610058069229126532e-01 4.633726974328360448e-01 4.746262033780414002e-01 4.615124563376104549e-01
4.630673031012222385e-01 4.659111499786374733e-01 4.681585729122160755e-01 4.602108697096510825e-01
4.647615750630695874e-01 4.671154816945388144e-01 4.754043519496917725e-01 4.617750744024913812e-01
4.603904585043586684e-01 4.689876635869351107e-01 4.689407249291736579e-01 4.623062113920841099e-01
4.620826443036399334e-01 4.632564087708792577e-01 4.687434236208595228e-01 4.634900391101832717e-01
4.648420810699460670e-01 4.669581254323323383e-01 4.651641050974530955e-01 4.603107372919726936e-01
4.650964240233099734e-01 4.668100476264954168e-01 4.700929423173266231e-01 4.656757613023121967e-01
4.618420203526817369e-01 4.685481786727903608e-01 4.730033079783116379e-01 4.624280631542206366e-01
4.643643101056421640e-01 4.650122622648877324e-01 4.695280293623609880e-01 4.657451709111528060e-01
4.652116099993386933e-01 4.629251658916471168e-01 4.656026264031732365e-01 4.608432253201807383e-01
4.607816437880196681e-01 4.652901490529380846e-01 4.727276364962266220e-01 4.614937106768292052e-01
4.609317282835643792e-01 4.659965932369232733e-01 4.700244963169094570e-01 4.634863038857769957e-01
4.645845293998715486e-01 4.683647553126021323e-01 4.698204696178434614e-01 4.649886290232342345e-01
4.605565269788102212e-01 4.663047790527340974e-01 4.694983263810474927e-01 4.599834481875098025e-01
4.629264970620473041e-01 4.672783414522808654e-01 4.720948735872907420e-01 4.642705420653026605e-01
4.628506799538927297e-01 4.648980200290678821e-01 4.695203701655070172e-01 4.615023434162138782e-01
4.665431479612984766e-01 4.663139879703524504e-01 4.702479342619577118e-01 4.642596145470941904e-01
4.668686389923091262e-01 4.629485507806141986e-01 4.712717533111568935e-01 4.616892933845516134e-01
4.622264703114823958e-01 4.670454661051431366e-01 4.705024063587193717e-01 4.620381991068521765e-01
4.639552334944407885e-01 4.672635197639466997e-01 4.687365690867102974e-01 4.615169862906133291e-01
4.630440771579740211e-01 4.670449296633409353e-01 4.736112952232362505e-01 4.605133036772405264e-01
4.608407119909928018e-01 4.684205055236815296e-01 4.710075954596204539e-01 4.628143111864724824e-01
4.629463950792954141e-01 4.637096424897513280e-01 4.715740581353505823e-01 4.614270726839703740e-01
4.658731023470557564e-01 4.632575114568078800e-01 4.690574804941811671e-01 4.626063704490661066e-01
4.613211254278815066e-01 4.673859675725299812e-01 4.683957099914548006e-01 4.622755746046703362e-01
4.612816075483961997e-01 4.683105548222857295e-01 4.666365981101994187e-01 4.615041514237724352e-01
4.627236525217691132e-01 4.665319820245108495e-01 4.704177081584932085e-01 4.551713168621063232e-01
4.598834812641147685e-01 4.661766588687892843e-01 4.671261211236317767e-01 4.639867941538494134e-01
4.627671241760248355e-01 4.684284031391143244e-01 4.725930293401076621e-01 4.634409447511045332e-01
4.645919998486838232e-01 4.690954387187959429e-01 4.703636765480044835e-01 4.613050818443299450e-01
4.619960983594260662e-01 4.639660716056824841e-01 4.731889764467878123e-01 4.584157466888423849e-01
4.644273420174918621e-01 4.699152410030369431e-01 4.721710185209913035e-01 4.632391929626467619e-01
4.604891935984297691e-01 4.663310348987587117e-01 4.717025160789492522e-01 4.593721727530154508e-01
4.658927321434023772e-01 4.682888587315878204e-01 4.719953437646223771e-01 4.596998890240986402e-01
4.621163209279382511e-01 4.655252099037170965e-01 4.678879976272581898e-01 4.634678860505420106e-01
4.619117577870687774e-01 4.645368953545892521e-01 4.678965210914613482e-01 4.652335246404007973e-01
4.626967410246531909e-01 4.697610636552173591e-01 4.716879030068706347e-01 4.651291370391845148e-01
4.616584479808803487e-01 4.689614574114482903e-01 4.704698423544566577e-01 4.648247758547464081e-01
4.642993509769444138e-01 4.665710330009462670e-01 4.683518509070070390e-01 4.598772525787352405e-01
