4.693423509597779986e-01 4.513247410456340813e-01 4.637762705485026227e-01 4.754040638605753211e-01 4.586038589477537397e-01 4.705273707707716691e-01 4.817512035369876933e-01 4.698659976323446008e-01 4.742655754089357134e-01 4.917353789011634224e-01 4.752401908238722550e-01 4.604582786560061369e-01 4.719101190567017157e-01 4.616249799728395775e-01 4.597627321879069195e-01 4.648273785909015077e-01
4.614704449971513966e-01 4.681662718454997485e-01 4.623460372289022180e-01 4.660638173421226549e-01 4.705583254496255585e-01 4.717603921890257124e-01 4.760441382726034454e-01 4.684347709019982542e-01 4.637405872344970148e-01 4.855392376581825764e-01 4.735359748204552299e-01 4.611105918884278454e-01 4.698260625203449781e-01 4.589648644129434296e-01 4.449015458424881442e-01 4.556977748870851275e-01
4.634782075881958563e-01 4.525818427403766053e-01 4.583119153976441540e-01 4.760269721349080774e-01 4.623508453369141180e-01 4.684741497039794367e-01 4.746453364690145227e-01 4.658572276433309289e-01 4.659435351689657501e-01 4.826755921045935427e-01 4.792203505833946275e-01 4.617378314336139655e-01 4.730722506841024133e-01 4.613116979598995693e-01 4.587509632110598479e-01 4.697527090708417119e-01
4.654426972071331603e-01 4.566309054692587743e-01 4.554505348205567516e-01 4.729048808415727279e-01 4.588038523991904150e-01 4.703357219696048253e-01 4.822736581166583436e-01 4.741382201512653882e-01 4.659010966618855054e-01 4.830218156178790467e-01 4.771260817845660029e-01 4.567135969797768147e-01 4.736028512318926631e-01 4.581486384073893969e-01 4.612754583358762983e-01 4.698665936787921327e-01
4.670540889104204396e-01 4.552247921625774407e-01 4.523649215698245518e-01 4.723058541615801631e-01 4.607578913370768414e-01 4.690114657084148986e-01 4.777795473734537390e-01 4.673785765965775552e-01 4.644455512364703553e-01 4.927553335825601843e-01 4.844555060068767571e-01 4.633359511693315169e-01 4.726800521214800099e-01 4.626855850219728228e-01 4.499140183130901360e-01 4.648801485697430791e-01
4.668716192245485619e-01 4.573829571406046735e-01 4.498193661371869823e-01 4.704498847325642719e-01 4.631888469060261859e-01 4.773541688919069603e-01 4.856160879135129615e-01 4.747145970662431935e-01 4.664318958918248770e-01 4.874466657638550915e-01 4.738806486129759632e-01 4.680550098419188343e-01 4.707637627919515899e-01 4.623707532882690985e-01 4.625522295633955894e-01 4.627710580825804554e-01
4.736214081446327162e-01 4.618031978607182175e-01 4.626104434331261839e-01 4.655055999755856599e-01 4.604295889536540454e-01 4.782276153564451460e-01 4.818733135859175065e-01 4.692041476567586078e-01 4.580330053965248616e-01 4.932136138280232007e-01 4.788748820622760194e-01 4.651952584584552741e-01 4.719372590382892585e-01 4.582364161809284187e-01 4.509657621383666437e-01 4.645903905232747766e-01
4.631739854812619850e-01 4.561012188593547845e-01 4.512695074081418678e-01 4.669123490651449493e-01 4.638415177663171574e-01 4.728203614552816680e-01 4.798074563344324472e-01 4.645229578018184591e-01 4.735082785288495244e-01 4.794613122940061256e-01 4.773947795232137969e-01 4.626503388086954383e-01 4.735286633173627635e-01 4.593737125396727961e-01 4.591856797536215118e-01 4.671221176783242335e-01
4.607482353846228396e-01 4.589526255925496789e-01 4.557022651036578553e-01 4.718999862670902323e-01 4.672789573669432484e-01 4.726555744806921755e-01 4.845220645268756288e-01 4.630523522694904304e-01 4.689449071884152498e-01 4.910233815511064193e-01 4.707574049631753632e-01 4.638623396555582312e-01 4.749895731608074767e-01 4.596292177836100445e-01 4.571361144383747077e-01 4.698098103205364806e-01
4.603261947631839823e-01 4.546090364456182864e-01 4.617835680643718743e-01 4.724368651707966382e-01 4.618818362553911427e-01 4.776269197463987592e-01 4.889309008916218890e-01 4.673901796340944048e-01 4.670476516087849195e-01 4.907309214274085951e-01 4.709782600402834252e-01 4.677081505457559296e-01 4.695365826288857569e-01 4.603828589121503057e-01 4.553317228953039919e-01 4.587911367416377950e-01
4.641528526941930410e-01 4.614635308583579509e-01 4.604685306549071155e-01 4.706300894419350178e-01 4.625626405080158765e-01 4.779922962188721813e-01 4.850574334462485204e-01 4.736618598302200778e-01 4.621970653533934992e-01 4.921560287475580941e-01 4.746047655741372773e-01 4.598026275634763960e-01 4.727244377136228803e-01 4.597599506378174383e-01 4.602118730545041725e-01 4.623535871505738415e-01
4.615618387858074212e-01 4.581023852030436938e-01 4.657551447550457024e-01 4.698621034622194048e-01 4.630049467086786996e-01 4.721739689509077964e-01 4.797752300898234790e-01 4.636117219924930088e-01 4.631249904632568914e-01 4.893599351247154283e-01 4.790405829747516608e-01 4.559725920359299911e-01 4.718601703643799383e-01 4.649138053258258241e-01 4.618849754333492763e-01 4.703603585561116907e-01
4.711899757385252241e-01 4.532984097798666290e-01 4.540451765060426470e-01 4.690785805384322105e-01 4.625645081202190978e-01 4.745705525080360920e-01 4.887376626332597951e-01 4.699489672978721111e-01 4.678995609283451151e-01 4.879161516825356038e-01 4.791225989659624873e-01 4.671113491058349054e-01 4.706511894861861722e-01 4.600316286087037243e-01 4.553248484929398043e-01 4.560442765553790467e-01
4.773815870285037510e-01 4.488060871760048975e-01 4.555830558141073516e-01 4.713533719380698095e-01 4.610447883605957586e-01 4.737490018208815878e-01 4.757173061370847389e-01 4.718526601791385167e-01 4.733355442682903869e-01 4.872014125188185996e-01 4.801902770996092085e-01 4.650698502858480188e-01 4.641822179158534012e-01 4.625262022018434283e-01 4.620863993962601723e-01 4.612068335215253612e-01
4.642149209976193514e-01 4.560245275497435413e-01 4.529034296671554105e-01 4.730588595072424130e-01 4.660316705703736462e-01 4.737086296081545744e-01 4.804249207178752368e-01 4.680852095286046066e-01 4.611413081487016896e-01 4.915415445963538521e-01 4.758710861206055243e-01 4.616070191065470563e-01 4.766288201014199921e-01 4.693773984909060393e-01 4.554964303970337469e-01 4.686005910237635574e-01
4.668180147806806901e-01 4.485956430435176778e-01 4.626015424728391334e-01 4.794994195302327289e-01 4.694813092549637856e-01 4.709923664728800086e-01 4.824124177296956750e-01 4.671078523000081750e-01 4.669148921966551069e-01 4.819286664326987157e-01 4.777843157450357703e-01 4.622929493586225291e-01 4.696651697158812366e-01 4.680542548497519384e-01 4.579103390375772187e-01 4.565813144048053163e-01
4.665043354034419942e-01 4.607005516688028601e-01 4.632449150085450884e-01 4.627705017725630698e-01 4.682275056838988148e-01 4.783792098363240930e-01 4.731126626332601837e-01 4.646876653035477145e-01 4.705448945363361890e-01 4.909224510192872759e-01 4.782837231953940282e-01 4.641292095184330613e-01 4.733021656672157795e-01 4.641169309616086647e-01 4.555619160334269946e-01 4.698557853698726583e-01
4.669954776763914905e-01 4.573414723078415012e-01 4.567639827728273150e-01 4.691993395487467633e-01 4.585529963175457580e-01 4.744171301523841811e-01 4.809625943501789624e-01 4.664771159489947694e-01 4.722375075022375301e-01 4.859479268391926343e-01 4.737451871236167955e-01 4.660393794377644672e-01 4.684998989105227385e-01 4.590378204981485633e-01 4.569326241811117462e-01 4.674415588378908470e-01
4.639431238174438477e-01 4.647129376729330907e-01 4.585561752319334827e-01 4.734464089075725579e-01 4.635541041692104458e-01 4.774241447448731024e-01 4.862046639124556480e-01 4.625626007715859522e-01 4.732149839401244007e-01 4.921409289042147917e-01 4.767440557479858954e-01 4.597273270289103375e-01 4.653000434239705774e-01 4.658675193786622204e-01 4.561585585276284882e-01 4.592378139495847389e-01
4.662333329518635883e-01 4.541988372802736595e-01 4.658809900283814587e-01 4.719333251317340272e-01 4.662319421768191252e-01 4.735093911488851837e-01 4.767587979634603235e-01 4.762643973032632538e-01 4.715678691864014782e-01 4.836872816085814875e-01 4.792075951894125274e-01 4.567780892054243980e-01 4.674131075541180791e-01 4.631718794504797176e-01 4.542338848114017003e-01 4.647498130798339289e-01
4.623962243398033745e-01 4.518491824467973927e-01 4.575127363204957720e-01 4.711656570434566427e-01 4.654834270477291036e-01 4.734958807627359101e-01 4.864609241485598479e-01 4.685976107915240108e-01 4.722301959991453968e-01 4.817889134089153869e-01 4.726686875025431500e-01 4.579221804936729479e-01 4.742163419723513518e-01 4.635395208994545491e-01 4.554373423258466502e-01 4.631495475769040193e-01
4.655190308888751405e-01 4.631092151006054314e-01 4.507944583892821711e-01 4.637114604314167554e-01 4.682343800862632244e-01 4.703460534413652083e-01 4.861023426055907648e-01 4.626720348993937915e-01 4.630316495895390738e-01 4.805281162261964001e-01 4.748088518778484368e-01 4.708525339762370532e-01 4.702532291412351850e-01 4.683420658111572821e-01 4.579236904780064621e-01 4.638980229695639501e-01
4.752476612726849181e-01 4.556490977605180404e-01 4.602602720260617897e-01 4.771296977996825617e-01 4.586323897043861897e-01 4.768006404240929252e-01 4.822698036829629609e-01 4.726554155349732000e-01 4.698481957117714991e-01 4.871519804000860598e-01 4.749491612116494843e-01 4.591177701950073242e-01 4.796785513559978509e-01 4.632620414098104766e-01 4.557880560557047156e-01 4.601381222407021632e-01
4.630661010742187500e-01 4.531498750050861890e-01 4.591733217239376552e-01 4.717510143915816245e-01 4.660560687383020761e-01 4.701253175735470302e-01 4.826661348342895508e-01 4.694655736287436931e-01 4.660389820734655575e-01 4.851648410161337188e-01 4.793423414230347790e-01 4.598974386850998020e-01 4.726557334264117061e-01 4.626986980438234642e-01 4.591254393259686095e-01 4.685772260030112712e-01
4.583108425140379749e-01 4.664474328358971245e-01 4.583317438761392859e-01 4.707452058792119809e-01 4.643861452738441975e-01 4.687322378158570446e-01 4.779514869054158344e-01 4.683715502421064159e-01 4.720443884531655976e-01 4.888736804326374030e-01 4.779647191365555270e-01 4.631935358047482021e-01 4.705503781636558025e-01 4.592091639836628492e-01 4.632186492284141588e-01 4.618702729543049390e-01
4.663171370824181206e-01 4.518671035766599342e-01 4.674400091171261318e-01 4.727474848429362719e-01 4.694068829218547845e-01 4.722405672073361482e-01 4.768824974695840546e-01 4.697274764378865375e-01 4.765313466389975994e-01 4.927564462025962877e-01 4.791810115178433138e-01 4.689409335454304828e-01 4.725635051727297697e-01 4.579367637634279009e-01 4.650832414627072420e-01 4.627005259195966502e-01
4.662648042043045504e-01 4.516404867172240101e-01 4.607880115509033758e-01 4.762447277704875415e-01 4.588533242543536006e-01 4.812459150950114117e-01 4.826265573501590245e-01 4.673542976379392866e-01 4.663200775782267438e-01 4.890231688817343048e-01 4.775325059890747070e-01 4.579160213470460095e-01 4.707438945770267003e-01 4.649719397226971807e-01 4.514737129211425781e-01 4.682061672210692249e-01
4.725679556528724623e-01 4.603676398595172858e-01 4.607996145884189487e-01 4.713172117869059430e-01 4.651929140090939052e-01 4.821854432423904879e-01 4.832553068796792695e-01 4.659584760665893000e-01 4.682282606760658217e-01 4.902819395065309283e-01 4.747229814529416170e-01 4.607344468434655949e-01 4.757788181304930530e-01 4.565131266911823804e-01 4.594999949137371642e-01 4.679644902547201446e-01
4.719775517781576446e-01 4.514151414235429427e-01 4.697624047597246388e-01 4.628667831420897327e-01 4.633083740870157508e-01 4.735863208770752508e-01 4.848448832829794219e-01 4.691172043482457754e-01 4.671698013941445460e-01 4.839514096577956503e-01 4.728891054789225445e-01 4.662687381108603368e-01 4.680192073186235091e-01 4.547503789265949781e-01 4.569444656372069202e-01 4.645367463429765920e-01
4.691151380538942650e-01 4.588199059168496796e-01 4.572548071543376391e-01 4.688362280527749171e-01 4.594780604044599870e-01 4.722872177759807055e-01 4.878671566645302882e-01 4.665486017862957580e-01 4.665785630544028173e-01 4.794239600499469733e-01 4.681306680043537671e-01 4.683897097905477813e-01 4.711837768554689720e-01 4.590887626012164491e-01 4.549369017283125260e-01 4.641629457473749887e-01
4.685970147450763679e-01 4.550247987111409320e-01 4.481768210728960256e-01 4.672387838363646906e-01 4.620724121729536948e-01 4.665167331695554975e-01 4.793982108434038936e-01 4.631368319193520100e-01 4.741606712341311924e-01 4.925339221954347368e-01 4.722366333007814165e-01 4.725615183512370532e-01 4.726891517639161822e-01 4.606851339340211071e-01 4.604074954986570600e-01 4.551609754562379595e-01
4.642091592152911561e-01 4.526116450627649668e-01 4.562098582585648598e-01 4.660087823867794521e-01 4.658702214558917976e-01 4.768086274464927166e-01 4.748769601186115241e-01 4.661560455958049243e-01 4.687035083770748622e-01 4.860391219456988710e-01 4.732798337936401367e-01 4.592983325322467780e-01 4.672284126281740502e-01 4.560490846633910023e-01 4.620251655578616057e-01 4.570406277974443654e-01
4.680591424306240755e-01 4.533545970916739165e-01 4.574132363001505164e-01 4.689430395762125281e-01 4.623106320699053584e-01 4.722903569539385615e-01 4.848390022913614539e-01 4.675832589467364686e-01 4.639504750569661828e-01 4.822465181350706898e-01 4.776591062545778588e-01 4.618652661641435841e-01 4.706163406372070312e-01 4.671306610107425761e-01 4.470959107081090567e-01 4.565189282099407220e-01
4.686971505482990796e-01 4.645049969355264374e-01 4.617166916529334419e-01 4.687097072601317249e-01 4.603828986485798413e-01 4.754327138264974328e-01 4.806841611862187613e-01 4.787296851476034454e-01 4.669008652369177059e-01 4.914563099543248770e-01 4.766061703364053437e-01 4.623527924219764662e-01 4.736882448196407802e-01 4.563750823338823537e-01 4.597171545028682638e-01 4.658865531285602546e-01
4.678416252136234355e-01 4.577442010243730763e-01 4.582927624384559584e-01 4.714394807815553423e-01 4.686906337738037109e-01 4.747564395268759063e-01 4.859461784362791303e-01 4.623870452245072427e-01 4.703783988952632278e-01 4.864932298660271659e-01 4.755295117696123897e-01 4.636170466740928142e-01 4.697591463724771210e-01 4.580254554748535156e-01 4.584991931915283758e-01 4.716100295384721419e-01
4.638185898462931500e-01 4.576680262883502937e-01 4.590662320454914069e-01 4.666053454081216523e-01 4.677265882492066540e-01 4.749483267466228509e-01 4.816919167836503646e-01 4.661502043406167695e-01 4.640183448791499465e-01 4.913193782170609536e-01 4.826906919479368452e-01 4.608051379521687085e-01 4.739143848419189453e-01 4.593288501103720556e-01 4.544461568196612733e-01 4.632134040196739244e-01
4.656323989232379890e-01 4.608833789825437233e-01 4.580308993657429273e-01 4.704002141952516314e-01 4.619534015655520354e-01 4.746436278025311650e-01 4.837934573491415868e-01 4.631309906641642993e-01 4.666217565536500134e-01 4.964051644007365094e-01 4.807497660319006716e-01 4.685019254684443801e-01 4.772638877232872057e-01 4.619524876276656089e-01 4.508579174677532220e-01 4.688346385955808326e-01
4.634271860122682329e-01 4.565682808558145234e-01 4.636792739232388216e-01 4.726899862289425380e-01 4.598838488260902913e-01 4.723214308420816687e-01 4.870608250300088038e-01 4.650801420211790882e-01 4.721692800521848921e-01 4.863096078236897046e-01 4.780478080113726436e-01 4.631820519765216249e-01 4.731769959131876258e-01 4.597632487614948804e-01 4.594806432723995693e-01 4.641685088475545062e-01
4.754663705825806774e-01 4.618533849716186523e-01 4.564644893010458282e-01 4.675600926081339148e-01 4.671930869420370391e-01 4.723806381225588713e-01 4.878952503204349034e-01 4.689200719197589295e-01 4.689228932062786126e-01 4.905192057291666297e-01 4.753154516220094994e-01 4.598224163055418257e-01 4.788964589436849328e-01 4.669688542683920751e-01 4.532852967580156545e-01 4.622088670730590265e-01
4.633421897888182484e-01 4.565043052037553450e-01 4.584192832310990395e-01 4.645553429921463473e-01 4.619094928105673681e-01 4.765294790267947111e-01 4.800420602162682737e-01 4.681748549143474047e-01 4.672778050104772762e-01 4.875434239705402906e-01 4.787815411885574801e-01 4.657394091288247218e-01 4.660284121831257398e-01 4.606827894846599603e-01 4.561301072438558313e-01 4.677580992380774849e-01
4.613123734792069497e-01 4.642299811045333957e-01 4.647184213002520936e-01 4.728761911392210249e-01 4.622675180435181774e-01 4.688540299733480188e-01 4.801311492919919099e-01 4.666827519734698670e-01 4.640479485193888531e-01 4.890345732371014775e-01 4.804954926172892993e-01 4.677552382151287103e-01 4.705595175425213439e-01 4.654434521993000562e-01 4.566040833791094600e-01 4.688270886739097643e-01
4.678192138671873890e-01 4.555466969807942523e-01 4.601871967315675493e-01 4.625331163406365409e-01 4.618652264277138819e-01 4.686879316965734676e-01 4.818300803502399421e-01 4.611590305964149428e-01 4.681096474329631829e-01 4.960050185521448496e-01 4.795902172724402779e-01 4.589002529780067952e-01 4.704985618591310814e-01 4.698545535405478368e-01 4.585261344909662973e-01 4.597194989522300768e-01
4.668305714925127803e-01 4.514114856719971813e-01 4.581024646759031538e-01 4.720798333485919374e-01 4.643905162811280407e-01 4.717143376668292976e-01 4.870014190673830345e-01 4.670902887980144524e-01 4.684538046518963994e-01 4.857283035914104485e-01 4.740458726882937346e-01 4.693261782328290166e-01 4.770356019337976261e-01 4.564096530278525243e-01 4.598743518193563196e-01 4.732986291249589583e-01
4.661402702331539083e-01 4.434328873952227412e-01 4.553657372792563329e-01 4.713208675384520374e-01 4.517004489898677200e-01 4.727549155553183446e-01 4.849321047465009471e-01 4.663782914479572828e-01 4.750714699427289189e-01 4.803375800450642163e-01 4.792305231094362017e-01 4.629297256469725452e-01 4.674460093180337061e-01 4.588316281636557470e-01 4.595346450805666283e-01 4.671400785446165882e-01
4.665411710739138518e-01 4.583166837692256856e-01 4.645943244298298969e-01 4.742349783579511979e-01 4.604303439458207192e-01 4.734301567077640605e-01 4.827538728713991478e-01 4.730184872945146779e-01 4.652740955352784868e-01 4.875647226969405112e-01 4.750800927480061664e-01 4.594874382019044079e-01 4.710574547449749017e-01 4.648285309473674798e-01 4.587629238764447392e-01 4.587618509928389487e-01
4.698821703592935273e-01 4.556820789972941266e-01 4.623672962188719593e-01 4.718058506647742067e-01 4.629240830739339008e-01 4.747285842895506147e-01 4.804257154464722790e-01 4.755179882049562212e-01 4.708586931228637695e-01 4.913034439086911287e-01 4.793518384297694168e-01 4.597069025039673962e-01 4.632651805877686102e-01 4.678595066070554975e-01 4.501550992329916845e-01 4.659766753514607562e-01
4.600909948349002909e-01 4.620188872019452830e-01 4.561562538146970436e-01 4.720473289489748314e-01 4.694803158442180102e-01 4.733779827753701319e-01 4.865616957346599047e-01 4.656813939412438597e-01 4.653629461924236876e-01 4.854700167973834968e-01 4.716747999191285845e-01 4.654633204142252789e-01 4.716166257858271926e-01 4.647358655929570426e-01 4.606876373291013405e-01 4.758870999018354198e-01
4.667688210805257532e-01 4.605016708374027878e-01 4.548155466715494977e-01 4.729337692260741632e-01 4.734607934951781671e-01 4.674509366353353235e-01 4.869650999705000816e-01 4.707299073537191680e-01 4.705533981323239412e-01 4.916050036748250696e-01 4.753872950871787517e-01 4.586313565572103790e-01 4.815957546234132525e-01 4.667797088623051316e-01 4.594257275263466944e-01 4.648726383845013244e-01
4.579048156738284581e-01 4.479418198267618445e-01 4.643177986145013425e-01 4.655491908391314881e-01 4.630680878957114666e-01 4.776900609334309711e-01 4.820468425750732977e-01 4.707138140996295905e-01 4.683634440104167407e-01 4.816854397455848646e-01 4.753865798314412250e-01 4.546595017115274140e-01 4.686602751413977419e-01 4.647551774978640471e-01 4.608107010523477265e-01 4.636723597844438216e-01
4.641554355621333450e-01 4.508101542790731719e-01 4.577518304189046039e-01 4.730604887008667547e-01 4.655901193618772749e-01 4.763515790303550768e-01 4.880009492238361890e-01 4.646708567937211654e-01 4.634571075439454235e-01 4.861863851547242321e-01 4.755882819493612579e-01 4.643275340398150264e-01 4.691464503606163072e-01 4.604807694753013658e-01 4.599347909291585101e-01 4.597543080647784053e-01
4.633204936981201727e-01 4.524132808049519117e-01 4.568973382314044929e-01 4.732803503672282641e-01 4.666755596796669514e-01 4.731043974558512000e-01 4.805460770924882552e-01 4.716584682464600164e-01 4.738858540852865509e-01 4.844369888305665728e-01 4.716438452402749171e-01 4.644986391067505993e-01 4.689579010009766735e-01 4.647876818974814306e-01 4.555346568425497900e-01 4.653942187627158611e-01
4.656929572423297858e-01 4.567526976267495820e-01 4.610599279403687634e-01 4.671672979990638686e-01 4.591873486836746121e-01 4.718298912048340954e-01 4.830402533213293825e-01 4.637048244476317804e-01 4.637740850448610619e-01 4.842587709426877662e-01 4.790633916854857843e-01 4.547175566355386445e-01 4.641509453455608947e-01 4.661786556243895374e-01 4.599294662475586493e-01 4.636280139287315416e-01
4.668591419855754876e-01 4.565580685933430249e-01 4.619493881861367890e-01 4.734762112299596981e-01 4.657774766286216228e-01 4.762140909830731572e-01 4.835191567738849061e-01 4.633823235829667153e-01 4.635771910349523739e-01 4.895273844401042407e-01 4.732633829116821844e-01 4.591488440831500428e-01 4.706512689590457432e-01 4.576572577158609656e-01 4.495101372400917561e-01 4.672980308532713178e-01
4.575054645538331188e-01 4.593006372451783892e-01 4.537235101064048259e-01 4.785039424896245230e-01 4.634735186894735626e-01 4.681532780329384358e-01 4.773148695627850713e-01 4.650178352991737318e-01 4.665940999984741766e-01 4.927823940912885448e-01 4.814815123875935687e-01 4.699589411417646745e-01 4.690829912821450898e-01 4.605295260747278574e-01 4.569191932678226542e-01 4.645794232686361047e-01
4.706259965896603670e-01 4.560615221659343188e-01 4.562526146570843322e-01 4.682868321736655681e-01 4.624495506286620539e-01 4.701487223307292407e-01 4.787268638610840954e-01 4.647152821222941266e-01 4.661084016164142585e-01 4.859832922617597917e-01 4.804466962814334940e-01 4.693574110666907107e-01 4.734157721201580626e-01 4.617083867390953111e-01 4.560174147288002522e-01 4.605010747909547564e-01
4.739952484766645213e-01 4.605611165364580373e-01 4.589853286743165173e-01 4.789413213729854513e-01 4.590125878651934443e-01 4.794993400573734355e-01 4.835126797358195172e-01 4.729721148808799236e-01 4.737066427866619134e-01 4.878319104512535143e-01 4.774185816446938069e-01 4.525699218114216937e-01 4.702150026957192530e-01 4.563108285268149267e-01 4.514922698338826867e-01 4.678309361139935119e-01
4.649416208267214135e-01 4.602314233779906116e-01 4.623826742172241766e-01 4.707618157068890197e-01 4.612711668014526922e-01 4.744572639465331476e-01 4.835611979166666297e-01 4.699684381484984796e-01 4.702708721160890337e-01 4.761504729588825757e-01 4.783300558725986917e-01 4.637633562088016581e-01 4.693424701690674383e-01 4.607920249303177340e-01 4.605128367741906370e-01 4.662750959396361750e-01
4.690468311309816118e-01 4.511249860127767852e-01 4.563868045806883100e-01 4.778476953506468061e-01 4.635384082794186122e-01 4.730708599090577282e-01 4.861119588216148979e-01 4.748492240905763939e-01 4.705488681793215111e-01 4.966124296188359488e-01 4.746119976043702837e-01 4.659241437911982864e-01 4.788757165273033189e-01 4.660206238428752368e-01 4.544665018717449767e-01 4.658176501592000140e-01
4.712862968444826439e-01 4.675918817520142157e-01 4.574368397394815711e-01 4.668417374293010180e-01 4.657164017359413100e-01 4.711153904596963038e-01 4.849540392557782353e-01 4.638801813125610907e-01 4.660704533259075744e-01 4.887923002243040327e-01 4.748145341873165615e-01 4.556833505630492054e-01 4.718265136082962496e-01 4.689551989237465413e-01 4.542579253514609228e-01 4.605752627054850445e-01
4.678820768992107415e-01 4.559297561645510033e-01 4.572200775146482155e-01 4.740389188130693654e-01 4.641135533650714851e-01 4.745618104934694048e-01 4.814129273096722783e-01 4.702585935592648592e-01 4.644413391749065978e-01 4.879840612411499023e-01 4.817886749903360633e-01 4.579579830169676069e-01 4.687242110570272735e-01 4.655553499857582600e-01 4.674694538116457299e-01 4.620507558186843222e-01
4.679646492004395641e-01 4.553843339284260328e-01 4.679774443308517551e-01 4.652029275894168370e-01 4.599560896555582867e-01 4.745360215504962897e-01 4.750265280405682189e-01 4.626959959665931099e-01 4.687350591023760615e-01 4.882919390996297571e-01 4.795247316360471412e-01 4.567183653513594010e-01 4.635069370269777056e-01 4.615234931310014388e-01 4.540758132934571978e-01 4.574504295984895830e-01
4.655762910842894398e-01 4.507452249526975319e-01 4.545587301254270796e-01 4.682025909423825905e-01 4.508000612258910023e-01 4.758274157841998475e-01 4.829871654510498047e-01 4.704700708389282227e-01 4.710261821746825062e-01 4.862159490585326038e-01 4.762811263402306206e-01 4.610615968704224188e-01 4.723294576009112733e-01 4.610103368759156939e-01 4.589995145797731158e-01 4.660546382268271892e-01
4.715664386749272019e-01 4.607991774876910585e-01 4.516027371088666142e-01 4.716750780741369442e-01 4.668797254562378485e-01 4.732478459676107141e-01 4.890797138214114659e-01 4.582703113555913754e-01 4.666082461675010173e-01 4.856809775034585663e-01 4.808915456136061972e-01 4.611185391743981010e-01 4.669231176376343329e-01 4.557601213455200195e-01 4.534826676050827121e-01 4.650257428487144518e-01
4.617781639099119984e-01 4.599719047546390605e-01 4.599214394887287671e-01 4.719520409901937219e-01 4.641891717910763826e-01 4.713018735249835389e-01 4.816724856694538093e-01 4.671293497085570179e-01 4.666539033253984115e-01 4.802362124125166831e-01 4.832286834716796320e-01 4.630270401636755184e-01 4.726672967274981874e-01 4.647016922632848934e-01 4.589072465896604780e-01 4.653377532958987151e-01
4.698437849680588974e-01 4.531287749608363113e-01 4.567397038141884358e-01 4.641492764155074058e-01 4.595643281936644398e-01 4.713372786839803985e-01 4.814908901850383782e-01 4.626208146413166022e-01 4.663692712783814587e-01 4.904136260350541177e-01 4.690016905466716235e-01 4.609325329462685694e-01 4.750662644704181647e-01 4.593969583511359756e-01 4.610138336817422022e-01 4.673428535461426891e-01
4.738945563634238134e-01 4.577218691507973225e-01 4.560180107752487277e-01 4.707627296447758347e-01 4.625523090362547163e-01 4.755892753601070888e-01 4.811463753382365649e-01 4.709243377049767698e-01 4.662725528081254622e-01 4.842659632364907374e-01 4.735810756683348499e-01 4.579528967539464590e-01 4.739148219426470021e-01 4.558781782786050507e-01 4.567666451136278005e-01 4.659672180811564868e-01
4.696866671244304126e-01 4.513535896937052039e-01 4.574342568715412116e-01 4.717841943105066660e-01 4.642095963160196015e-01 4.716558853785195460e-01 4.880951642990111194e-01 4.662924607594810533e-01 4.654869635899859803e-01 4.858433008193973612e-01 4.736583232879640337e-01 4.606490929921465693e-01 4.758142630259199479e-01 4.676472743352254047e-01 4.419407447179158899e-01 4.660214185714722235e-01
4.647382497787475031e-01 4.586364030838012140e-01 4.620294570922849897e-01 4.679089387257893140e-01 4.615771373112999010e-01 4.735362927118936249e-01 4.859368801116943914e-01 4.708114862442016046e-01 4.728185335795081490e-01 4.908146460851030013e-01 4.816019932428993178e-01 4.661850531895950223e-01 4.715137084325153882e-01 4.664098024368288353e-01 4.636530081431067818e-01 4.613947868347167969e-01
4.678177833557126131e-01 4.584092299143472382e-01 4.578796625137326881e-01 4.715695381164553557e-01 4.598474105199180650e-01 4.694901307423909875e-01 4.816008011500040875e-01 4.629847606023150264e-01 4.700864156087238843e-01 4.805276393890380304e-01 4.716109434763591790e-01 4.552489121754960677e-01 4.700630505879721532e-01 4.584696690241495953e-01 4.667158921559649842e-01 4.587591886520382412e-01
4.616582791010538922e-01 4.532563289006552032e-01 4.519983530044555109e-01 4.703255097071334379e-01 4.615831375122070868e-01 4.657023747762041865e-01 4.800044298171994295e-01 4.693288803100587603e-01 4.705843130747480729e-01 4.860653877258302447e-01 4.708763758341469319e-01 4.572648604710897180e-01 4.749719699223837188e-01 4.613047440846759217e-01 4.571264982223509077e-01 4.619777599970502635e-01
4.697796106338502087e-01 4.621775150299068935e-01 4.569911956787112706e-01 4.644254048665365509e-01 4.615004460016886023e-01 4.748743375142412404e-01 4.811188379923507785e-01 4.743045568466187079e-01 4.694025119145715519e-01 4.917037487030032072e-01 4.712968667348227392e-01 4.603150685628255023e-01 4.710924625396729071e-01 4.576516946156821697e-01 4.604341983795161575e-01 4.639041821161908885e-01
4.614909489949542976e-01 4.585282007853187514e-01 4.631497859954831764e-01 4.737969636917114813e-01 4.573545455932619408e-01 4.673934777577717359e-01 4.811771313349410550e-01 4.695836305618287798e-01 4.646590153376259358e-01 4.814303318659461373e-01 4.779339631398515365e-01 4.620368480682374712e-01 4.759384791056315289e-01 4.598687489827470998e-01 4.548097451527910451e-01 4.685951868693037370e-01
4.665984710057573537e-01 4.575900236765543805e-01 4.600494305292763819e-01 4.758008718490601141e-01 4.681631724039715392e-01 4.795136054356893274e-01 4.835801521937050373e-01 4.734276930491128077e-01 4.612563451131188597e-01 4.888847271601359790e-01 4.790530204772948109e-01 4.579107364018755733e-01 4.623304208119701775e-01 4.658056894938149561e-01 4.581451018651330198e-01 4.721855719884237024e-01
4.641645749409994415e-01 4.552009503046676731e-01 4.587983290354414878e-01 4.710885683695477111e-01 4.622399409612020227e-01 4.684487581253051758e-01 4.862148761749269243e-01 4.703334967295328961e-01 4.583990971247351998e-01 4.935692548751827724e-01 4.787007172902427166e-01 4.546384811401370518e-01 4.738783439000447961e-01 4.636551936467488977e-01 4.645416736602782648e-01 4.773689508438109796e-01
4.581733147303264642e-01 4.592252175013221693e-01 4.648865063985189172e-01 4.688545068105063329e-01 4.628056287765499044e-01 4.768573443094892284e-01 4.801982243855794641e-01 4.657079776128132398e-01 4.685026804606119977e-01 4.966813325881956342e-01 4.763187964757285564e-01 4.625320434570314165e-01 4.768513838450112452e-01 4.599327246348060561e-01 4.615136782328287390e-01 4.588442246119181500e-01
4.695600668589274829e-01 4.606544176737468188e-01 4.600904385248819617e-01 4.734594821929934416e-01 4.586790402730300253e-01 4.702542225519817931e-01 4.748891989390056079e-01 4.708375930786136698e-01 4.697878360748289350e-01 4.854857524236043664e-01 4.764569203058877100e-01 4.635341564814248194e-01 4.766939481099446430e-01 4.687341451644899126e-01 4.535600344340007806e-01 4.681100050608318908e-01
4.622671206792197673e-01 4.618523120880126398e-01 4.650254249572753351e-01 4.624220927556360605e-01 4.583754142125445741e-01 4.723238547643027196e-01 4.790013233820599181e-01 4.687186479568483111e-01 4.713141918182374157e-01 4.910486141840618157e-01 4.762290716171266314e-01 4.577685197194415467e-01 4.694328705469766327e-01 4.566255013147989539e-01 4.503709475199383361e-01 4.620709021886191259e-01
4.670957724253338994e-01 4.527115821838380572e-01 4.557516574859622471e-01 4.716268777847289484e-01 4.613272349039717057e-01 4.706607659657791598e-01 4.856729904810588860e-01 4.728313684463499866e-01 4.639697472254430965e-01 4.880657990773516475e-01 4.784693320592244836e-01 4.735364516576128224e-01 4.733780225118007778e-01 4.611203273137413072e-01 4.614090919494628351e-01 4.646284977595011023e-01
4.552032947540278207e-01 4.610983530680336506e-01 4.622426827748614131e-01 4.744221369425459245e-01 4.664317369461054574e-01 4.769363800684611188e-01 4.785960515340166310e-01 4.680525461832682477e-01 4.733563661575312387e-01 4.865339199701943507e-01 4.804013967514039196e-01 4.536863168080647046e-01 4.753989378611248040e-01 4.638353983561198657e-01 4.572887818018595563e-01 4.617842833201090680e-01
4.634107351303102806e-01 4.630524714787802032e-01 4.589025179545087596e-01 4.718183676401773718e-01 4.593193928400678971e-01 4.751722812652587336e-01 4.858837525049847783e-01 4.626416762669877114e-01 4.682641029357908491e-01 4.889282385508216811e-01 4.799484809239706329e-01 4.668893416722611489e-01 4.716442426045733827e-01 4.639796018600460537e-01 4.570870002110798969e-01 4.549500544865923701e-01
4.644931554794312079e-01 4.589999119440710817e-01 4.580152432123817396e-01 4.703367153803507117e-01 4.577373663584390906e-01 4.782801866531374846e-01 4.855226675669350733e-01 4.583985010782876124e-01 4.616466363271075624e-01 4.863435824712118993e-01 4.752320448557537658e-01 4.663068453470864405e-01 4.737437168757122619e-01 4.611482620239253372e-01 4.574642181396485485e-01 4.704120159149169922e-01
4.701278607050573544e-01 4.558820327123006555e-01 4.596230189005532929e-01 4.726732571919755599e-01 4.595531622568768682e-01 4.714776674906412390e-01 4.835569461186727813e-01 4.611564079920448256e-01 4.667737881342569062e-01 4.802960952123004890e-01 4.832269748051954972e-01 4.626593192418418932e-01 4.696449438730875836e-01 4.623945951461790327e-01 4.625158707300819905e-01 4.671233097712199078e-01
4.755191008249923246e-01 4.576477209726967921e-01 4.568664232889810273e-01 4.611059427261352539e-01 4.627709786097207734e-01 4.701006809870405534e-01 4.890265862147013531e-01 4.686579704284667969e-01 4.670243263244628906e-01 4.880753755569456898e-01 4.761952161788938764e-01 4.559966723124188048e-01 4.778388341267902906e-01 4.636079867680865663e-01 4.603407780329385468e-01 4.639348586400353081e-01
4.627673228581746789e-01 4.458558559417722389e-01 4.674382607142123502e-01 4.827741384506225586e-01 4.598220984141029311e-01 4.713400204976399555e-01 4.907519022623697547e-01 4.706735213597618150e-01 4.557847976684569757e-01 4.883847633997601134e-01 4.749072392781578111e-01 4.601752758026121382e-01 4.758780797322589295e-01 4.569996992746993003e-01 4.512706597646075624e-01 4.662699699401857134e-01
4.648578961690268407e-01 4.519151051839189193e-01 4.642434120178226542e-01 4.745764334996536160e-01 4.607885281244910591e-01 4.711035092671715385e-01 4.796017805735270367e-01 4.686728715896608111e-01 4.695086081822710811e-01 4.895602464675906651e-01 4.775092999140425065e-01 4.641543229420977967e-01 4.748320182164508241e-01 4.636718432108561383e-01 4.590586423873904698e-01 4.603593746821086907e-01
4.658078749974569610e-01 4.565196434656776381e-01 4.557369152704876525e-01 4.693445364634193373e-01 4.638789892196653053e-01 4.777355194091795765e-01 4.917956590652463600e-01 4.656103452046710944e-01 4.788983265558879876e-01 4.887778759002685547e-01 4.733846982320150110e-01 4.555035034815471673e-01 4.688935279846189741e-01 4.552598396937056480e-01 4.636595646540323523e-01 4.594667752583823095e-01
4.712423483530682744e-01 4.536840915679931086e-01 4.633878469467163086e-01 4.682360092798871221e-01 4.603967666625974897e-01 4.774008989334109776e-01 4.773768583933512000e-01 4.695996443430578426e-01 4.662567377090454102e-01 4.811304012934367047e-01 4.761284987131751967e-01 4.646575848261516595e-01 4.750739336013790615e-01 4.672359228134151943e-01 4.588855107625328666e-01 4.667140642801918538e-01
4.644372860590616492e-01 4.578965902328492321e-01 4.591201543807980623e-01 4.699800411860148852e-01 4.658790429433189439e-01 4.672174851099649140e-01 4.785887400309241646e-01 4.648700555165609649e-01 4.664709965387978663e-01 4.891004959742229485e-01 4.737757444381712757e-01 4.589090744654341081e-01 4.706627527872720984e-01 4.639941056569424349e-01 4.530249039332070460e-01 4.682027896245317122e-01
4.726719856262210362e-01 4.603823820749921025e-01 4.567933877309168222e-01 4.733474254608151521e-01 4.649169445037841797e-01 4.713217814763386304e-01 4.830186764399209132e-01 4.611176649729409882e-01 4.715224901835118887e-01 4.869399865468343469e-01 4.772044817606607148e-01 4.625172615051272862e-01 4.733930826187135454e-01 4.682908455530797598e-01 4.538077910741173393e-01 4.652906258900963987e-01
4.621402422587074232e-01 4.571406841278076172e-01 4.603968063990272475e-01 4.699647823969521077e-01 4.638143777847285598e-01 4.736654758453369696e-01 4.812408685684202436e-01 4.716041088104249157e-01 4.687725702921550774e-01 4.859995444615677340e-01 4.748123486836752227e-01 4.687321186065671053e-01 4.755671024322508655e-01 4.665646155675248763e-01 4.583839178085326593e-01 4.569756587346395782e-01
4.675328731536867455e-01 4.570025602976485746e-01 4.577582279841105328e-01 4.715931415557861883e-01 4.646868705749509498e-01 4.753386974334716242e-01 4.796800216039023290e-01 4.700778325398762836e-01 4.676543076833086787e-01 4.874075253804525665e-01 4.777287244796759036e-01 4.618792533874515049e-01 4.642331600189212870e-01 4.621736605962113997e-01 4.537615378697716362e-01 4.643122752507524709e-01
4.676671822865803851e-01 4.579387505849206175e-01 4.530766805013023979e-01 4.763817787170411266e-01 4.688847462336221406e-01 4.735629161198933179e-01 4.812068144480387555e-01 4.645093679428101141e-01 4.744272629419961640e-01 4.853045543034874565e-01 4.694666067759196149e-01 4.618464708328247070e-01 4.707704782485964690e-01 4.595723549524944329e-01 4.589757919311522882e-01 4.642864465713503197e-01
4.713643391927079818e-01 4.553892215092976703e-01 4.570957422256466396e-01 4.661982854207355476e-01 4.620060920715329811e-01 4.764082431793217332e-01 4.809578259785968757e-01 4.660023848215739672e-01 4.674308697382612010e-01 4.871066808700562079e-01 4.798234701156612880e-01 4.655815760294593209e-01 4.703931411107379890e-01 4.655239979426067376e-01 4.556346734364830064e-01 4.665033419926962188e-01
4.521345694859823516e-01 4.600461324055990509e-01 4.552891254425050493e-01 4.640400807062783350e-01 4.672998189926146351e-01 4.695827960968019799e-01 4.836591084798180784e-01 4.632537364959716797e-01 4.755253791809082031e-01 4.910682042439779571e-01 4.719839096069333162e-01 4.654285907745356332e-01 4.689412911732996903e-01 4.660654067993163507e-01 4.611250559488929146e-01 4.584726095199586626e-01
4.677424033482865395e-01 4.454106887181596974e-01 4.598206679026288213e-01 4.723134835561121347e-01 4.661271572113034889e-01 4.720903635025024969e-01 4.891792138417559999e-01 4.720395008722941821e-01 4.695544640223185962e-01 4.924889008204147434e-01 4.735691944758090299e-01 4.603296915690105462e-01 4.690325657526654424e-01 4.652858972549434036e-01 4.551852941513065409e-01 4.649333953857427426e-01
