4.626144170761105623e-01 4.543041785558061263e-01 4.596226612726846961e-01 4.751456975936887428e-01 4.662622213363649681e-01 4.745084047317506548e-01 4.816907246907553009e-01 4.704386393229165741e-01 4.692720174789433152e-01 4.847284158070878091e-01 4.736203352610269257e-01 4.667771259943643836e-01 4.709217151006060975e-01 4.590566158294679400e-01 4.529934326807658063e-01 4.657751321792599208e-01
4.703518549601241050e-01 4.602265357971194182e-01 4.506202936172487572e-01 4.711087147394816266e-01 4.636435906092331027e-01 4.727659225463866077e-01 4.816790819168091931e-01 4.657769997914629201e-01 4.699151515960693914e-01 4.879728158315017050e-01 4.750176270802819456e-01 4.644050995508827717e-01 4.777372678120931360e-01 4.659431378046671179e-01 4.610906044642127943e-01 4.658766190210981706e-01
4.626450141270953553e-01 4.498035907745362438e-01 4.578513304392503036e-01 4.723726511001584139e-01 4.627294143040974195e-01 4.701189200083415454e-01 4.841416676839191968e-01 4.711501995722451319e-01 4.775970379511514929e-01 4.913293123245240368e-01 4.735931555430092921e-01 4.634195963541662411e-01 4.704310894012450062e-01 4.595414400100703567e-01 4.577995538711545076e-01 4.650471210479736883e-01
4.640258948008217366e-01 4.674539963404336085e-01 4.548013210296628639e-01 4.700042804082230630e-01 4.668715000152590666e-01 4.730075995127365207e-01 4.857671260833739679e-01 4.674765268961591502e-01 4.685755173365274695e-01 4.912922382354733553e-01 4.785461028416951312e-01 4.560597340265909461e-01 4.696772893269856586e-01 4.599988460540773150e-01 4.546658198038735499e-01 4.712187051773071844e-01
4.689281384150190690e-01 4.486875136693317390e-01 4.551439285278321423e-01 4.692794879277549236e-01 4.616275231043500127e-01 4.744457006454471104e-01 4.823085864384970001e-01 4.705824057261149274e-01 4.658983548482259485e-01 4.925839106241862719e-01 4.767050345738726991e-01 4.612971146901447272e-01 4.714927673339846526e-01 4.644360144933064038e-01 4.577647050221758662e-01 4.566106398900348640e-01
4.693779548009236469e-01 4.584482908248902477e-01 4.613232215245565149e-01 4.777598381042477693e-01 4.589764277140298554e-01 4.697016874949133114e-01 4.889815251032509913e-01 4.670518636703492876e-01 4.697072108586627937e-01 4.916609128316244415e-01 4.817176659901932778e-01 4.603337049484252375e-01 4.740884701410927327e-01 4.670833349227902498e-01 4.480048418045043945e-01 4.555817445119224596e-01
4.632584651311241752e-01 4.588919878005988662e-01 4.587400356928506562e-01 4.749337832132969894e-01 4.611759583155315978e-01 4.692772626876828279e-01 4.816170533498128625e-01 4.652754068374635454e-01 4.689376751581827985e-01 4.975552956263224469e-01 4.824386437733969579e-01 4.699790080388387414e-01 4.652808904647828259e-01 4.570660988489787524e-01 4.557887713114421313e-01 4.734384218851727666e-01
4.667241970698034481e-01 4.545085032780965539e-01 4.534862041473393113e-01 4.822176297505700315e-01 4.652105569839478649e-01 4.726206461588542962e-01 4.825449784596759772e-01 4.742308855056762695e-01 4.685184955596925493e-01 4.819474617640174818e-01 4.774010976155597108e-01 4.633893966674806353e-01 4.705722332000734642e-01 4.622384309768677868e-01 4.582785765329993599e-01 4.698389371236165180e-01
4.657054344813026936e-01 4.508766730626421193e-01 4.691019852956139768e-01 4.733128150304155013e-01 4.640599886576332600e-01 4.729231993357338459e-01 4.895466168721513966e-01 4.700336853663123482e-01 4.707639614741009337e-01 4.897934198379517712e-01 4.719605445861813631e-01 4.621418714523313764e-01 4.697685639063512997e-01 4.641448656717939714e-01 4.623572826385494716e-01 4.594955046971643253e-01
4.714307785034180243e-01 4.552302360534670744e-01 4.562398989995318233e-01 4.673236211140948115e-01 4.651054143905641314e-01 4.731237888336177755e-01 4.838467041651409728e-01 4.726089239120483398e-01 4.589209159215288381e-01 4.846476713816323945e-01 4.828818241755166163e-01 4.646153052647902792e-01 4.730161031087237733e-01 4.564433097839357134e-01 4.576757351557411146e-01 4.645547469456990930e-01
4.631760120391847924e-01 4.583703279495240368e-01 4.589163859685267410e-01 4.649216731389365642e-01 4.559249480565390478e-01 4.657739400863651902e-01 4.728567997614545604e-01 4.703562657038368733e-01 4.613447189331050802e-01 4.937709569931029163e-01 4.796022176742552601e-01 4.644797643025716516e-01 4.669212897618613689e-01 4.670063654581707024e-01 4.560814301172897434e-01 4.708996216456097783e-01
4.717016220092771772e-01 4.506951570510865368e-01 4.619756539662675521e-01 4.758876959482831182e-01 4.614924589792884779e-01 4.793319304784140478e-01 4.857517083485924370e-01 4.703345298767090399e-01 4.740029573440548982e-01 4.809737205505370539e-01 4.788300196329752234e-01 4.573340415954587623e-01 4.731832742691039484e-01 4.654441674550373054e-01 4.561969041824341375e-01 4.694737990697221974e-01
4.719914992650349195e-01 4.515835444132486609e-01 4.620646635691323945e-01 4.764561255772908899e-01 4.699716965357460530e-01 4.748315811157227118e-01 4.794675906499227813e-01 4.581749836603801196e-01 4.646333058675131134e-01 4.897603591283167801e-01 4.796063502629600017e-01 4.601978460947674932e-01 4.658451477686560427e-01 4.623097976048789470e-01 4.555851618448897855e-01 4.521199067433676611e-01
4.661589066187541430e-01 4.529361327489219713e-01 4.652670224507647889e-01 4.770909547805791684e-01 4.649358193079630164e-01 4.732125600179036828e-01 4.798360268274941554e-01 4.649233023325603509e-01 4.702230691909791149e-01 4.885500272115072540e-01 4.717504183451337596e-01 4.620563586552938196e-01 4.713484843571979499e-01 4.617875417073569744e-01 4.494530359903972094e-01 4.554733037948612284e-01
4.668209552764892023e-01 4.579110940297440591e-01 4.587564865748087750e-01 4.699928363164261880e-01 4.653179645538329523e-01 4.724106391270956884e-01 4.816017548243204383e-01 4.700264930725098766e-01 4.552139838536580774e-01 4.873415231704715800e-01 4.767225583394363864e-01 4.688066641489665454e-01 4.718332688013714415e-01 4.649000167846686904e-01 4.618995189666746937e-01 4.614378213882443514e-01
4.631412823994954242e-01 4.529601732889810828e-01 4.570456743240352560e-01 4.666380087534583998e-01 4.638851086298624304e-01 4.728791713714601830e-01 4.811349709828699472e-01 4.649661382039385615e-01 4.689883788426715272e-01 4.852793216705320600e-01 4.817240635553993733e-01 4.636477629343669915e-01 4.692828257878619569e-01 4.567339420318606291e-01 4.545259873072307055e-01 4.569305578867595696e-01
4.650645256042484355e-01 4.501011768976846961e-01 4.619716803232830626e-01 4.720745881398524246e-01 4.657172759373984228e-01 4.696468512217201741e-01 4.832652012507120398e-01 4.695853789647415066e-01 4.722795486450198088e-01 4.912019570668539337e-01 4.751674731572467780e-01 4.602419137954710249e-01 4.743711551030481699e-01 4.645184675852456202e-01 4.506294329961139100e-01 4.624254703521730181e-01
4.688407182693480335e-01 4.607566992441812226e-01 4.582285483678182891e-01 4.677121639251703988e-01 4.694700241088872184e-01 4.637034734090165755e-01 4.808940887451175761e-01 4.632052977879845823e-01 4.666343132654824921e-01 4.870884815851846961e-01 4.765661160151160591e-01 4.624620278676347951e-01 4.661985238393147046e-01 4.636889696121220261e-01 4.557408094406127375e-01 4.629724025726318914e-01
4.692932367324825771e-01 4.624906778335569624e-01 4.595619042714434999e-01 4.724697669347127649e-01 4.652921756108601148e-01 4.755587180455523866e-01 4.859309593836467212e-01 4.594988028208412678e-01 4.687203168869013559e-01 4.931987524032589998e-01 4.723607301712034467e-01 4.631960391998291016e-01 4.625159104665119147e-01 4.603700637817382257e-01 4.652918179829912404e-01 4.633719126383465947e-01
4.724160830179849335e-01 4.549992879231772869e-01 4.599492152531943767e-01 4.689794381459552186e-01 4.603847662607830626e-01 4.664889574050905541e-01 4.854831695556641180e-01 4.684982299804693051e-01 4.722642501195276066e-01 4.839754501978558721e-01 4.746489524841308594e-01 4.633156061172486462e-01 4.697930415471393006e-01 4.647385279337565289e-01 4.646435578664143140e-01 4.630404313405353522e-01
4.604171117146807490e-01 4.595526854197183320e-01 4.589486122131344326e-01 4.622388283411666965e-01 4.645460844039915327e-01 4.784076611200969720e-01 4.898012081782022742e-01 4.683714707692462897e-01 4.698128700256347656e-01 4.923119147618611469e-01 4.723300536473591937e-01 4.613252878189081918e-01 4.816665252049759927e-01 4.588879744211831202e-01 4.607435862223306366e-01 4.637087186177570874e-01
4.634979963302611750e-01 4.563115835189816560e-01 4.560098648071294614e-01 4.724673430124920470e-01 4.595872163772577457e-01 4.669065872828166985e-01 4.861548741658531236e-01 4.637699524561567643e-01 4.735752741495766749e-01 4.825214147567754575e-01 4.721378882726036674e-01 4.657338857650752950e-01 4.697724978129069751e-01 4.529872735341394785e-01 4.591611623764041417e-01 4.636386632919309303e-01
4.611004988352459533e-01 4.540386597315469452e-01 4.609177907307944744e-01 4.715589284896854472e-01 4.611547390619909481e-01 4.697504440943399695e-01 4.786133368810018274e-01 4.675358136494959238e-01 4.657079776128131843e-01 4.915225903193156110e-01 4.711193641026813483e-01 4.519507884979246382e-01 4.689958095550539330e-01 4.572662909825645494e-01 4.565453131993612024e-01 4.670909643173217773e-01
4.701354503631592907e-01 4.563667376836136325e-01 4.497096935907999860e-01 4.701139926910399280e-01 4.712572495142619555e-01 4.674644867579144103e-01 4.815845886866255143e-01 4.670741558074952837e-01 4.675342241923008402e-01 4.897866249084470436e-01 4.698775211970014909e-01 4.588835636774700744e-01 4.743079741795855897e-01 4.621467590332027364e-01 4.560120503107708556e-01 4.623639186223343356e-01
4.714435736338298266e-01 4.580829143524171032e-01 4.550073146820065584e-01 4.766787687937425466e-01 4.622436761856077991e-01 4.668314854303997619e-01 4.878756999969486308e-01 4.660647312800092479e-01 4.618990421295163795e-01 4.977715810139974884e-01 4.801195462544762260e-01 4.572614828745523163e-01 4.687262376149496368e-01 4.650107224782307203e-01 4.600792725880944456e-01 4.688961903254191821e-01
4.601906935373944463e-01 4.536256790161130037e-01 4.639471371968588165e-01 4.694678783416749712e-01 4.583295186360674123e-01 4.821678797403972094e-01 4.939619302749628238e-01 4.674888451894123609e-01 4.792311986287434156e-01 4.868594805399577563e-01 4.843415816624963011e-01 4.568858941396078399e-01 4.693737824757894250e-01 4.607975482940674383e-01 4.501270850499469733e-01 4.704130887985230602e-01
4.597566525141396632e-01 4.529635508855184289e-01 4.625219106674197667e-01 4.702723423639937894e-01 4.621638059616087757e-01 4.686416784922283751e-01 4.862612088521320319e-01 4.699524641036990635e-01 4.695319334665934430e-01 4.904090960820515765e-01 4.794806639353438871e-01 4.577684799830117335e-01 4.686338106791183566e-01 4.588799079259238134e-01 4.562595287958781665e-01 4.660260677337648705e-01
4.687910477320348379e-01 4.503424962361650130e-01 4.633657534917193788e-01 4.720408121744791852e-01 4.621085723241172283e-01 4.764568408330279170e-01 4.860100746154781270e-01 4.667726755142218020e-01 4.691257476806638960e-01 4.919246832529702296e-01 4.740226666132607569e-01 4.648945331573484108e-01 4.668351809183758361e-01 4.618031581242877381e-01 4.557797908782958429e-01 4.683640797932939748e-01
4.677919546763101288e-01 4.589290618896486040e-01 4.498841365178430363e-01 4.771759510040285979e-01 4.628940423329669929e-01 4.754843314488728656e-01 4.778234163920083155e-01 4.690108696619669226e-01 4.698091745376589135e-01 4.891785383224490080e-01 4.809015194574986496e-01 4.594656626383464837e-01 4.783784151077267732e-01 4.637043078740437640e-01 4.522221485773723626e-01 4.615488052368165173e-01
4.602757692337036688e-01 4.497305949529010194e-01 4.560948610305789463e-01 4.702293475468952710e-01 4.720875819524129602e-01 4.813660383224483974e-01 4.823758602142334539e-01 4.586900472640989546e-01 4.653540054957068794e-01 4.876507123311362712e-01 4.788083632787066279e-01 4.628943999608350901e-01 4.791408379872640344e-01 4.592182238896689861e-01 4.547807375590004475e-01 4.707351525624591804e-01
4.688292741775515471e-01 4.549144109090168531e-01 4.556187788645424952e-01 4.729712406794229773e-01 4.711094697316485780e-01 4.748334884643550802e-01 4.832794268925983405e-01 4.633470773696894418e-01 4.712202548980707895e-01 4.980390071868897595e-01 4.806554714838662812e-01 4.652599493662518126e-01 4.768948554992680777e-01 4.587046702702838319e-01 4.556786616643267451e-01 4.741855065027874017e-01
4.653047323226925380e-01 4.582121372222901501e-01 4.555821816126501833e-01 4.708902438481648578e-01 4.690540631612139522e-01 4.685323238372799404e-01 4.799042940139767732e-01 4.575351874033606880e-01 4.786794185638429400e-01 4.878002802530926330e-01 4.769605795542397053e-01 4.678589105606077436e-01 4.782672325770063182e-01 4.601451158523560681e-01 4.608995517094928718e-01 4.643404483795167126e-01
4.680494467417398718e-01 4.616893927256268126e-01 4.527541796366372773e-01 4.678255319595340800e-01 4.674394130706788220e-01 4.789577722549439032e-01 4.707645972569786119e-01 4.633316596349075778e-01 4.693224430084230736e-01 4.952478011449180650e-01 4.731789429982504736e-01 4.693112373352051336e-01 4.677903254826862312e-01 4.684867064158120820e-01 4.533590078353882391e-01 4.581690231959023585e-01
4.728656212488808741e-01 4.521226882934566427e-01 4.557632207870486729e-01 4.743786255518593897e-01 4.656776189804078814e-01 4.654471476872764080e-01 4.825775225957231185e-01 4.655116001764931788e-01 4.617148637771600339e-01 4.940161307652792266e-01 4.770535230636594459e-01 4.570094347000126511e-01 4.659904638926190001e-01 4.620737234751384759e-01 4.643090168635051196e-01 4.658883810043338847e-01
4.651873509089151648e-01 4.626622994740802741e-01 4.524741967519128050e-01 4.726182619730628920e-01 4.607342878977458422e-01 4.747251669565832333e-01 4.810654719670611756e-01 4.670015970865885047e-01 4.694114923477176182e-01 4.863080978393553577e-01 4.780033032099405554e-01 4.538766145706181754e-01 4.703576962153118157e-01 4.556081295013429400e-01 4.550167322158814587e-01 4.629315932591753779e-01
4.679886897404986201e-01 4.606196880340575617e-01 4.650185505549113696e-01 4.684149026870726429e-01 4.509799877802531110e-01 4.741823275883993438e-01 4.866611560185751251e-01 4.684173663457234515e-01 4.639256000518802714e-01 4.898304939270023417e-01 4.788331985473632257e-01 4.569655656814571310e-01 4.741033315658572111e-01 4.630574782689412250e-01 4.631896018981935259e-01 4.655188719431558320e-01
4.674953619639079516e-01 4.597479104995724764e-01 4.575751225153604773e-01 4.674944082895917674e-01 4.559335311253867040e-01 4.715676705042523564e-01 4.795476992925002957e-01 4.646990299224850185e-01 4.709496895472210509e-01 4.835930267969769103e-01 4.717766046524047852e-01 4.595589240392054520e-01 4.718739986419675514e-01 4.643797079722089549e-01 4.577473799387618558e-01 4.689006805419924651e-01
4.640478690465287825e-01 4.591904481252037096e-01 4.613928794860839289e-01 4.646585782368971573e-01 4.633368651072183875e-01 4.713587363560997057e-01 4.876386721928914203e-01 4.665170907974246495e-01 4.698122342427569764e-01 4.867862065633131730e-01 4.791929721832276501e-01 4.555529356002802066e-01 4.676305850346883508e-01 4.611322879791260876e-01 4.524238109588623602e-01 4.624987045923867335e-01
4.707943598429364385e-01 4.572709004084266615e-01 4.581045309702555524e-01 4.766659736633300226e-01 4.637507597605385334e-01 4.728748798370361328e-01 4.895720084508258796e-01 4.680744806925459245e-01 4.657720327377320446e-01 4.841643969217934718e-01 4.719839096069335938e-01 4.622161388397218462e-01 4.722745815912882117e-01 4.607477982838952268e-01 4.633327722549441252e-01 4.552476008733118418e-01
4.714472293853755880e-01 4.494235118230186510e-01 4.611309766769410845e-01 4.702912171681719045e-01 4.654368956883754294e-01 4.768456617991129187e-01 4.817243814468381014e-01 4.616498947143553577e-01 4.633096059163412384e-01 4.885479609171550774e-01 4.746760129928584981e-01 4.581083854039507686e-01 4.686680237452185982e-01 4.594986438751223479e-01 4.606957038243610913e-01 4.685922861099239278e-01
4.635921319325764234e-01 4.562668402989704663e-01 4.628247419993084533e-01 4.729668696721396337e-01 4.614011446634931901e-01 4.715108871459960938e-01 4.820422331492103529e-01 4.609925746917724054e-01 4.634324312210078567e-01 4.862567186355589155e-01 4.780297279357914597e-01 4.593772888183593195e-01 4.701728026072179989e-01 4.622000853220624705e-01 4.542562961578366920e-01 4.716028769810991506e-01
4.720420440038045062e-01 4.622672398885090961e-01 4.499195416768390632e-01 4.723650614420573102e-01 4.594328800837194082e-01 4.785921573638916016e-01 4.799364010492962462e-01 4.657929340998336332e-01 4.670362472534182463e-01 4.827209711074828546e-01 4.771138429641726408e-01 4.626470406850175521e-01 4.729848702748618572e-01 4.545518557230629475e-01 4.591242869695026929e-01 4.617629448572796447e-01
4.676206509272258227e-01 4.536726872126263799e-01 4.595675071080524976e-01 4.742581446965535852e-01 4.660145839055380157e-01 4.690841833750408196e-01 4.805296262105304694e-01 4.639101823170979633e-01 4.678692420323692369e-01 4.867895841598513518e-01 4.696355263392131274e-01 4.640489419301351837e-01 4.691975116729740769e-01 4.665383497873943908e-01 4.484488566716512414e-01 4.643852313359578265e-01
4.644282261530559008e-01 4.597092072168985077e-01 4.566245873769120278e-01 4.607594807942709259e-01 4.576454162597657360e-01 4.791508515675858559e-01 4.853411118189491225e-01 4.614649216334023585e-01 4.681993722915650524e-01 4.880896409352621368e-01 4.792904059092203406e-01 4.636936187744145066e-01 4.690161943435670056e-01 4.594107468922933868e-01 4.552200237909954650e-01 4.606771469116210382e-01
4.556377728780107161e-01 4.614007870356243712e-01 4.581195513407387843e-01 4.674803018569947954e-01 4.616878430048622639e-01 4.749601284662880452e-01 4.837751785914102820e-01 4.689713716506957453e-01 4.663360516230264374e-01 4.867666959762578793e-01 4.734852313995362438e-01 4.623911778132123729e-01 4.731122652689618846e-01 4.558653036753332333e-01 4.512228171030682189e-01 4.696176846822102680e-01
4.634431600570678156e-01 4.592891136805223873e-01 4.519021511077881414e-01 4.746594826380415855e-01 4.642010132471720008e-01 4.762609402338661702e-01 4.873344500859576045e-01 4.618155161539712616e-01 4.675570329030352412e-01 4.917345444361365669e-01 4.735329945882164049e-01 4.587962627410891447e-01 4.683107535044349068e-01 4.630959033966061122e-01 4.532184600830074239e-01 4.598720471064249304e-01
4.660354455312096245e-01 4.560369253158564895e-01 4.662634929021201025e-01 4.727381070454915180e-01 4.700229565302533885e-01 4.725895325342817088e-01 4.880851109822586520e-01 4.665445486704508093e-01 4.685149987538655969e-01 4.889299074808758361e-01 4.780079921086630157e-01 4.611369768778481038e-01 4.695672988891599897e-01 4.598195950190223091e-01 4.640239079793292976e-01 4.635506470998129736e-01
4.623146454493201052e-01 4.537409543991093308e-01 4.610578616460163093e-01 4.688974221547445032e-01 4.697765111923219994e-01 4.655062357584636712e-01 4.816866318384805945e-01 4.623406330744424531e-01 4.646974007288613984e-01 4.792536497116094418e-01 4.711844921112061657e-01 4.641466935475668243e-01 4.674195845921838011e-01 4.647941589355461534e-01 4.575015703837080894e-01 4.592048724492390765e-01
4.689048926035564446e-01 4.574548403422031839e-01 4.609747330347692684e-01 4.672243595123288795e-01 4.591617981592813202e-01 4.742589394251502388e-01 4.904237985610965245e-01 4.676223198572798667e-01 4.679826100667311972e-01 4.881588617960610499e-01 4.845128854115801631e-01 4.638488292694091242e-01 4.642635583877565142e-01 4.650149345397947553e-01 4.555536508560180109e-01 4.639352162679035163e-01
4.712094465891518147e-01 4.598133563995360218e-01 4.615332285563154002e-01 4.743188619613646906e-01 4.687971274058025939e-01 4.751548369725546728e-01 4.730273087819413247e-01 4.684054454167683179e-01 4.663560390472403783e-01 4.871746301650997646e-01 4.795777400334675922e-01 4.663464625676473907e-01 4.667314688364663788e-01 4.662788311640422290e-01 4.651055335998536822e-01 4.665514230728151079e-01
4.680499633153281103e-01 4.598174492518110612e-01 4.512929121653240228e-01 4.732492367426553437e-01 4.606219927469887288e-01 4.726785421371457740e-01 4.852141539255779845e-01 4.682403405507404859e-01 4.666480223337809430e-01 4.873547554016114947e-01 4.718976020812988836e-01 4.599396785100300367e-01 4.726643164952594733e-01 4.599079291025794380e-01 4.549931287765501264e-01 4.686094919840492201e-01
4.643190304438271632e-01 4.577800830205281390e-01 4.609688123067222643e-01 4.719780683517457720e-01 4.606440067291260321e-01 4.708433151245117188e-01 4.811376730600993024e-01 4.675259192784628204e-01 4.666036764780679968e-01 4.881800015767415735e-01 4.787372350692748468e-01 4.614392518997194048e-01 4.770307938257856151e-01 4.589148362477621368e-01 4.541008869806928971e-01 4.645144542058312620e-01
4.608806371688844439e-01 4.568057854970292153e-01 4.613252480824789337e-01 4.745217561721798982e-01 4.626035292943317945e-01 4.710147778193153889e-01 4.926260312398276220e-01 4.634335438410437935e-01 4.741903940836587616e-01 4.892511367797848232e-01 4.782640933990484067e-01 4.658625125885009211e-01 4.704140424728394110e-01 4.590082168579098232e-01 4.577032327651975874e-01 4.655059178670249431e-01
4.608210722605386445e-01 4.574612379074094459e-01 4.656505982081097783e-01 4.701742331186932189e-01 4.664299885431925641e-01 4.746011892954509204e-01 4.832962751388554246e-01 4.586567083994546601e-01 4.698025385538734389e-01 4.915581146876019658e-01 4.800105889638265899e-01 4.619447787602743438e-01 4.760295152664181240e-01 4.612630605697632391e-01 4.606624841690064587e-01 4.694088300069173547e-01
4.730448722839357689e-01 4.565085967381799503e-01 4.562773704528808594e-01 4.668339093526202022e-01 4.628268082936605743e-01 4.734625418980918377e-01 4.845735232035318640e-01 4.630119403203328265e-01 4.689007202784216677e-01 4.869587421417240214e-01 4.781138102213540741e-01 4.618704319000241920e-01 4.672177235285440156e-01 4.685473044713341917e-01 4.593431949615480736e-01 4.650396108627324332e-01
4.695252974828086345e-01 4.483624299367265920e-01 4.558464288711548962e-01 4.610446691513062634e-01 4.524768193562826446e-01 4.680085182189940851e-01 4.847479661305742482e-01 4.627379973729450202e-01 4.714125792185465680e-01 4.871632258097335355e-01 4.787225723266602673e-01 4.649336735407507137e-01 4.691155751546224884e-01 4.716331561406449380e-01 4.580573638280233117e-01 4.658857186635333991e-01
4.680223067601521070e-01 4.579349756240846947e-01 4.540498256683352385e-01 4.688804149627684992e-01 4.565000136693323496e-01 4.768491586049404263e-01 4.800625244776412504e-01 4.662820498148596560e-01 4.718075195948281397e-01 4.851017793019613000e-01 4.788924455642701306e-01 4.572342634201049805e-01 4.743026494979860064e-01 4.700319369633997879e-01 4.601986010869342225e-01 4.658165375391639107e-01
4.634325901667278313e-01 4.547000328699749017e-01 4.617703358332319596e-01 4.703918298085534300e-01 4.661546548207597396e-01 4.699013233184815563e-01 4.851289192835488429e-01 4.692550102869670337e-01 4.701818227767946556e-01 4.875069459279373074e-01 4.784700473149614552e-01 4.601142009099323804e-01 4.760122299194334827e-01 4.599428971608476302e-01 4.540719588597616485e-01 4.628821214040121368e-01
4.659582773844401782e-01 4.601972500483197948e-01 4.561393658320107569e-01 4.766327142715454657e-01 4.721619685490923146e-01 4.750056664148963881e-01 4.757402340571086907e-01 4.695656696955364251e-01 4.672903219858807189e-01 4.932081699371341221e-01 4.791262547175086373e-01 4.678612947463995364e-01 4.710007508595788206e-01 4.641760985056559985e-01 4.599502086639404297e-01 4.707474311192830774e-01
4.790874322255450624e-01 4.588099320729570052e-01 4.653766949971517852e-01 4.621030092239378217e-01 4.665434360504147060e-01 4.717832406361893716e-01 4.792234500249225593e-01 4.734563827514653434e-01 4.659891525904337750e-01 4.883786042531331195e-01 4.754946231842042126e-01 4.592893520991004896e-01 4.634585777918496241e-01 4.602111577987668678e-01 4.525099595387774842e-01 4.646182457605995131e-01
4.627721309661867455e-01 4.588625828425098030e-01 4.575199683507285564e-01 4.660122394561767023e-01 4.651836554209392016e-01 4.770772854487099757e-01 4.793642361958823650e-01 4.669336477915443373e-01 4.730894565582280942e-01 4.906062682469685687e-01 4.767221609751382538e-01 4.588610331217449212e-01 4.812588294347128759e-01 4.642421801884973331e-01 4.616110722223920049e-01 4.620760679244996783e-01
4.650371869405108827e-01 4.564095735549922872e-01 4.655590057373046875e-01 4.724123875300088593e-01 4.617923498153688189e-01 4.732530117034912664e-01 4.868743022282919775e-01 4.695407152175899990e-01 4.710158904393513812e-01 4.859987497329708583e-01 4.804344177246094305e-01 4.667276938756307336e-01 4.675871531168623862e-01 4.647996822992960242e-01 4.511168003082276501e-01 4.632956186930337061e-01
4.599308967590328145e-01 4.546633958816526655e-01 4.555662870407108933e-01 4.689080715179445025e-01 4.571755329767863696e-01 4.795734882354737993e-01 4.829570849736529725e-01 4.662615458170569771e-01 4.681754906972246943e-01 4.846605062484740101e-01 4.797630310058592640e-01 4.634703000386554694e-01 4.655358791351321690e-01 4.651492436726892832e-01 4.581571420033775932e-01 4.688362677892051189e-01
4.640099207560215988e-01 4.528359174728393000e-01 4.645371039708456329e-01 4.720962444941204095e-01 4.602578481038411273e-01 4.735823472340902063e-01 4.911417961120606024e-01 4.677966833114623468e-01 4.670060078303022166e-01 4.852226177851359790e-01 4.800874789555871769e-01 4.658900101979571717e-01 4.734157721201576186e-01 4.631341695785521351e-01 4.588776429494224596e-01 4.659438927968342914e-01
4.646633068720498749e-01 4.565982818603516735e-01 4.589279095331829095e-01 4.694205125172936643e-01 4.670781294504796621e-01 4.744531710942583858e-01 4.835764567057291297e-01 4.683926502863564045e-01 4.647901058197017599e-01 4.809278647104903714e-01 4.721849759419760040e-01 4.616751273473101991e-01 4.688568512598677018e-01 4.641615152359009344e-01 4.585656722386672324e-01 4.640093644460039357e-01
4.686686595280966094e-01 4.555983146031697406e-01 4.614403645197551751e-01 4.701242049535116485e-01 4.669597546259562360e-01 4.702007373174038052e-01 4.855310916900629215e-01 4.670758247375487171e-01 4.679013093312583971e-01 4.845091899236044775e-01 4.760191440582273170e-01 4.607908328374229479e-01 4.750013351440434128e-01 4.605343341827390913e-01 4.549651145935058039e-01 4.647107521692910304e-01
4.652784268061322948e-01 4.589457511901856579e-01 4.630622863769531250e-01 4.696460564931229098e-01 4.597468376159668524e-01 4.682603279749552594e-01 4.810789426167802474e-01 4.670706987380983666e-01 4.655666748682654177e-01 4.891288677851362010e-01 4.752670923868818065e-01 4.600518941879273016e-01 4.720434745152791711e-01 4.561796983083086787e-01 4.588917096455892852e-01 4.631756544113160845e-01
4.665119647979735773e-01 4.468012253443398030e-01 4.612208207448320052e-01 4.673551718393959553e-01 4.650139013926193332e-01 4.729629755020138271e-01 4.819497267405191687e-01 4.674022197723395333e-01 4.667093356450394692e-01 4.880506594975790313e-01 4.822785854339600720e-01 4.705396890640262120e-01 4.688486655553182336e-01 4.604423840840660698e-01 4.556244214375813617e-01 4.659899870554605195e-01
4.644727309544879335e-01 4.534090757369996227e-01 4.669533570607504736e-01 4.628130197525023304e-01 4.691887299219766883e-01 4.807621637980145635e-01 4.849101305007940677e-01 4.670172135035196015e-01 4.684998194376630565e-01 4.917794863382975445e-01 4.758469661076861756e-01 4.628170728683473345e-01 4.716526667277016194e-01 4.565503199895222797e-01 4.593506654103594045e-01 4.669295549392703526e-01
4.658325513203938617e-01 4.675896565119425641e-01 4.545900424321487332e-01 4.706381559371948242e-01 4.672428766886395080e-01 4.711513916651409173e-01 4.848996400833129883e-01 4.634969234466554400e-01 4.667715231577554968e-01 4.792502721150715406e-01 4.752286672592165861e-01 4.585488239924110365e-01 4.724433024724326025e-01 4.656583865483597817e-01 4.578747351964318479e-01 4.628103971481323242e-01
4.655156532923384050e-01 4.599529504775999866e-01 4.571446180343628485e-01 4.743563334147133381e-01 4.685584306716918945e-01 4.698397715886430959e-01 4.822390079498291571e-01 4.643731911977131421e-01 4.597527186075848760e-01 4.938141504923507230e-01 4.706977605819702148e-01 4.579464594523110499e-01 4.713558753331497098e-01 4.654621283213298821e-01 4.506191412607832292e-01 4.698943694432573537e-01
4.657354354858399548e-01 4.560581843058271190e-01 4.594039122263590680e-01 4.791560967763261458e-01 4.589914878209433446e-01 4.722774823506674102e-01 4.863626559575397468e-01 4.728791713714595724e-01 4.664190610249835389e-01 4.835776487986248595e-01 4.694220622380573804e-01 4.633812506993607583e-01 4.743955135345457319e-01 4.648535648981735879e-01 4.592216809590659587e-01 4.714640776316322834e-01
4.650888840357463860e-01 4.555588960647582453e-01 4.658029476801556212e-01 4.711043834686278187e-01 4.632394711176555657e-01 4.604523579279581336e-01 4.830567042032879455e-01 4.592529932657882785e-01 4.755493005116780414e-01 4.867495695749920470e-01 4.766010443369551597e-01 4.589265982309975178e-01 4.691742261250815837e-01 4.649102290471394117e-01 4.577785332997640899e-01 4.626110792160031959e-01
4.678281545639040861e-01 4.542845487594607823e-01 4.523784716924035276e-01 4.772970279057823229e-01 4.644873936971029571e-01 4.744722445805865663e-01 4.830969572067262408e-01 4.700997273127233145e-01 4.649134476979575603e-01 4.908421039581298273e-01 4.742096265157061397e-01 4.612999359766642438e-01 4.755412737528486589e-01 4.619626998901367188e-01 4.578533967336019805e-01 4.699561198552446029e-01
4.705877304077151768e-01 4.578415155410767712e-01 4.623205264409381843e-01 4.746956030527749726e-01 4.573160012563071697e-01 4.808898766835532079e-01 4.831200043360392993e-01 4.624501864115398431e-01 4.619273742040000408e-01 4.941321214040119147e-01 4.789374669392900130e-01 4.635535875956214857e-01 4.779542287190757799e-01 4.550268252690635173e-01 4.612969954808552875e-01 4.663411776224771210e-01
4.685364166895550908e-01 4.586902459462485204e-01 4.552890062332149435e-01 4.737428824106847403e-01 4.626396894454957720e-01 4.831600983937583971e-01 4.848135312398272889e-01 4.589120149612425092e-01 4.675776958465577837e-01 4.956781466801961078e-01 4.791057904561364378e-01 4.674645662307738703e-01 4.721018473307288521e-01 4.647425015767415180e-01 4.577071269353227279e-01 4.640509684880569918e-01
4.586507876714067677e-01 4.597028891245523718e-01 4.495116869608564714e-01 4.712626934051515337e-01 4.644774993260701312e-01 4.752186536788940430e-01 4.797883828481042667e-01 4.703166882197062360e-01 4.638942082722978810e-01 4.898356596628821169e-01 4.718705018361408765e-01 4.626954396565755023e-01 4.671597480773926891e-01 4.604188203811643287e-01 4.512806733449298835e-01 4.635392427444457453e-01
4.684409300486251371e-01 4.564747412999474174e-01 4.626438617706302714e-01 4.682672818501790180e-01 4.553882280985513398e-01 4.696403741836547852e-01 4.837008714675904986e-01 4.611332813898721406e-01 4.686166048049928978e-01 4.869191249211630157e-01 4.817363421122234923e-01 4.625543355941774681e-01 4.694142341613767866e-01 4.680156707763676871e-01 4.581543207168577436e-01 4.639424880345658364e-01
4.615041017532347523e-01 4.579566717147828814e-01 4.613862037658686965e-01 4.718336264292395943e-01 4.656513532002766187e-01 4.771298567454019257e-01 4.857597351074220970e-01 4.715366363525388960e-01 4.712346792221069336e-01 4.864991903305053711e-01 4.778815110524492482e-01 4.546364545822144665e-01 4.797641436258950343e-01 4.697389205296830794e-01 4.496165513992305685e-01 4.604370594024657648e-01
4.605113267898556240e-01 4.617509444554646625e-01 4.555714925130207593e-01 4.705102443695075021e-01 4.636341730753575918e-01 4.736297130584717352e-01 4.882205327351886726e-01 4.702589909235636023e-01 4.643934170405070727e-01 4.852807124455773558e-01 4.825051228205363141e-01 4.616926908493043658e-01 4.699812332789104485e-01 4.588061173756920463e-01 4.516813755035399836e-01 4.608571132024122385e-01
4.723323980967204516e-01 4.606523513793945868e-01 4.626024166742965238e-01 4.717538754145305102e-01 4.596674442291258100e-01 4.698197046915691399e-01 4.728487730026249003e-01 4.653329054514565022e-01 4.695787827173872886e-01 4.865649143854776093e-01 4.724485874176028721e-01 4.560310443242388545e-01 4.770221710205075905e-01 4.661149183909098492e-01 4.638042449951174095e-01 4.692399104436240642e-01
4.631049633026125267e-01 4.503246943155926330e-01 4.612557888031005304e-01 4.721650679906206904e-01 4.650135835011803276e-01 4.756064017613731432e-01 4.878823359807333282e-01 4.658407370249429413e-01 4.661196072896325315e-01 4.850742816925048273e-01 4.700870116551721378e-01 4.658726056416829797e-01 4.703911542892455500e-01 4.595984220504761852e-01 4.628462394078574627e-01 4.586195945739748869e-01
4.678634802500405976e-01 4.506001869837444884e-01 4.548466205596926604e-01 4.715885321299236876e-01 4.584656953811647173e-01 4.744265874226889501e-01 4.808849493662518126e-01 4.688456058502193935e-01 4.706046581268310547e-01 4.885363181432086921e-01 4.775120417277018969e-01 4.593311548233036112e-01 4.727909167607630136e-01 4.537543058395386852e-01 4.613229831059770802e-01 4.609012206395464717e-01
4.651723702748612466e-01 4.621187448501585249e-01 4.605517784754435406e-01 4.733112255732219165e-01 4.602156877517700750e-01 4.722751379013055417e-01 4.788434108098348352e-01 4.655564626057941968e-01 4.713091452916463586e-01 4.923008680343626264e-01 4.759060144424439032e-01 4.551968177159629314e-01 4.673915704091390899e-01 4.615766604741414203e-01 4.604375759760539477e-01 4.588910341262816273e-01
4.696099758148193359e-01 4.582607348759971111e-01 4.609812895456950610e-01 4.752960999806726816e-01 4.713189601898192249e-01 4.748301903406778046e-01 4.843231836954750569e-01 4.704022010167440704e-01 4.734472433725995799e-01 4.849690993626908919e-01 4.831617673238116084e-01 4.690177838007612010e-01 4.766363302866613028e-01 4.619517326354983244e-01 4.653851985931397039e-01 4.650448163350422437e-01
4.652189016342161976e-01 4.596062898635867033e-01 4.570403099060060259e-01 4.796627362569171882e-01 4.657067855199177320e-01 4.722805023193358265e-01 4.816910028457643267e-01 4.623834292093916831e-01 4.720642964045210221e-01 4.857533375422157795e-01 4.808050791422526782e-01 4.685721794764199921e-01 4.745847781499225038e-01 4.691473245620729760e-01 4.573520819346107436e-01 4.693741401036576888e-01
4.690463542938231312e-01 4.546609322230021899e-01 4.594434499740600031e-01 4.711258808771771611e-01 4.619306325912478917e-01 4.680728514989216382e-01 4.773004849751789624e-01 4.625521898269650545e-01 4.725837707519532360e-01 4.934209187825516207e-01 4.807781775792435153e-01 4.623142878214512308e-01 4.731495380401614659e-01 4.698080619176234207e-01 4.548454682032268548e-01 4.655450185139968222e-01
4.645494222640989546e-01 4.627371231714885735e-01 4.550820986429851556e-01 4.710813760757447399e-01 4.724171956380209259e-01 4.755690097808839001e-01 4.825650453567505438e-01 4.621707201004033316e-01 4.708103338877358546e-01 4.918936093648276220e-01 4.789641300837196858e-01 4.669706026713051350e-01 4.642463525136310554e-01 4.595313866933184999e-01 4.511787891387939453e-01 4.629874229431151789e-01
4.649637142817177882e-01 4.610868692398072399e-01 4.637125333150230455e-01 4.667029380798339289e-01 4.636969168980921707e-01 4.731652339299520782e-01 4.814540545145669093e-01 4.662423928578695032e-01 4.668111801147463713e-01 4.891711076100666022e-01 4.754941066106161407e-01 4.634466171264651213e-01 4.754571517308553430e-01 4.660396973292031397e-01 4.573107957839963045e-01 4.669164419174192671e-01
4.644790490468342914e-01 4.548312425613404986e-01 4.653276602427164343e-01 4.688876867294314854e-01 4.679254293441768020e-01 4.719430605570472115e-01 4.831415812174479352e-01 4.685239791870117743e-01 4.652425448099774541e-01 4.911426305770872913e-01 4.767078558603923821e-01 4.631527662277218349e-01 4.687475760777791156e-01 4.667265017827353368e-01 4.598302046457922176e-01 4.551788171132404859e-01
4.644919236501061643e-01 4.582395553588867743e-01 4.614836374918616646e-01 4.682199557622273023e-01 4.584888219833376244e-01 4.765096902847291704e-01 4.739856322606406103e-01 4.662229220072428015e-01 4.775974353154500696e-01 4.938319126764932898e-01 4.811952511469518301e-01 4.617141087849936931e-01 4.754056533177691279e-01 4.645958344141645213e-01 4.561428229014081182e-01 4.672381877899167701e-01
4.656090339024864799e-01 4.565126101175943640e-01 4.625274340311692489e-01 4.684687058130900250e-01 4.620014429092405561e-01 4.676210880279537130e-01 4.874048630396522475e-01 4.685013294219969038e-01 4.718875885009762849e-01 4.898865222930908758e-01 4.810947179794311523e-01 4.678284724553427032e-01 4.677956899007157943e-01 4.667508999506631007e-01 4.652036825815838439e-01 4.603812694549559437e-01
4.626182715098062781e-01 4.654100735982258930e-01 4.572463035583497204e-01 4.718595743179322954e-01 4.677666425704954389e-01 4.792393445968632371e-01 4.799482822418212891e-01 4.611917336781821142e-01 4.653993447621665447e-01 4.891511201858517177e-01 4.761430422465008361e-01 4.577125708262124171e-01 4.707275231679277083e-01 4.678911368052159347e-01 4.534025986989340673e-01 4.657669464747110633e-01
4.640851815541583991e-01 4.526178042093913501e-01 4.590378999710081342e-01 4.677041769027709961e-01 4.642676115036005191e-01 4.735623598098751552e-01 4.768788417180377937e-01 4.732859134674073931e-01 4.669613440831499318e-01 4.917650222778319757e-01 4.723656574885047865e-01 4.595688184102375562e-01 4.747471014658609656e-01 4.592073361078900517e-01 4.545795122782388953e-01 4.655188719431563316e-01
4.687090317408244555e-01 4.592041969299311965e-01 4.625459909439087469e-01 4.702798525492349890e-01 4.553714990615845282e-01 4.763419230779010194e-01 4.821260770161941434e-01 4.670993089675901655e-01 4.661340316136675654e-01 4.861195087432862993e-01 4.703100919723509632e-01 4.595170815785726837e-01 4.750868876775101723e-01 4.626517693201698811e-01 4.553447961807250977e-01 4.652726650238035444e-01
