4.637337128321330493e-01 4.688883125782012384e-01 4.726478556791945396e-01 4.617035686969757635e-01
4.618137478828426290e-01 4.638303716977428826e-01 4.725467264652257193e-01 4.640582799911494027e-01
4.634187817573539037e-01 4.713503221670782284e-01 4.700605670611067710e-01 4.599157075087232927e-01
4.649004042148591198e-01 4.676515360673265675e-01 4.742123285929363274e-01 4.625896414120991840e-01
4.646771848201750599e-01 4.656881491343179413e-01 4.746579329172765371e-01 4.662161270777388511e-01
4.621329605579377331e-01 4.686307211716963517e-01 4.738509555657706707e-01 4.638171792030331697e-01
4.618623654047652738e-01 4.672215382258106398e-01 4.714451233545939868e-01 4.620087742805477626e-01
4.625921448071797504e-01 4.681225617726645361e-01 4.756770928700767009e-01 4.645062883694967559e-01
4.574589232603707423e-01 4.661546448866525916e-01 4.704382022221880733e-01 4.616677065690354964e-01
4.572984576225285758e-01 4.674516816933944607e-01 4.723566273848215924e-01 4.645037353038784511e-01
4.626146654287974780e-01 4.678208827972410999e-01 4.702278276284536651e-01 4.586276213328046025e-01
4.647065003712973486e-01 4.700065056482952142e-01 4.702764054139454419e-01 4.632130265235901989e-01
4.625335633754728559e-01 4.659941891829176286e-01 4.666804671287532180e-01 4.625939230124157531e-01
4.612792829672489048e-01 4.725977381070453065e-01 4.684407909711201246e-01 4.596650799115497565e-01
4.658469557762145441e-01 4.681678414344789263e-01 4.705904622872673082e-01 4.626298844814297206e-01
4.625266293684642260e-01 4.661253492037453205e-01 4.739921490351354794e-01 4.615039328734078516e-01
4.650580585002899725e-01 4.710064629713695550e-01 4.692241946856177681e-01 4.590665300687150063e-01
4.610687494277953546e-01 4.680729111035660250e-01 4.703209201494853442e-01 4.611666699250537849e-01
4.652828574180603027e-01 4.673191010951994739e-01 4.742242097854614258e-01 4.589770436286922939e-01
4.624820649623868629e-01 4.684194525082903682e-01 4.696661631266277892e-01 4.650748769442237252e-01
4.591822723547619445e-01 4.673775931199393163e-01 4.686345954736070851e-01 4.629646241664883699e-01
4.610676070054373077e-01 4.680618743101755408e-01 4.705571730931604191e-01 4.589093824227650220e-01
4.622207581996922721e-01 4.650352795918785143e-01 4.688732922077182286e-01 4.612538615862528668e-01
4.629908104737598951e-01 4.664322833220164721e-01 4.690888226032250419e-01 4.625051120916999770e-01
4.646100699901581366e-01 4.679024914900463683e-01 4.695502420266466914e-01 4.624880154927575870e-01
4.599440693855280649e-01 4.674773315588638400e-01 4.693293869495391846e-01 4.620433151721955456e-01
4.603946407636002047e-01 4.644523461659746943e-01 4.717962940533953486e-01 4.644867579142257230e-01
4.632378717263536672e-01 4.644744296868648092e-01 4.710744321346282404e-01 4.611925979455310243e-01
4.627555906772616856e-01 4.702752331892651738e-01 4.689362744490303547e-01 4.604248702526096415e-01
4.665748476982120030e-01 4.681903123855594706e-01 4.703194200992582008e-01 4.639916916688284210e-01
4.616678853829703222e-01 4.665614167849230220e-01 4.721432129542031397e-01 4.629365106423692922e-01
4.637288451194770955e-01 4.656622807184858104e-01 4.682447314262388471e-01 4.625767370065055339e-01
4.612557192643489401e-01 4.631239175796512675e-01 4.724804858366648541e-01 4.606743156909949288e-01
4.671367506186167584e-01 4.684017896652223900e-01 4.709869325160978004e-01 4.612849454085029555e-01
4.619076649347941266e-01 4.684228102366127522e-01 4.716773529847459456e-01 4.627967576185866294e-01
4.643651743729912407e-01 4.659162461757663243e-01 4.661143620808921306e-01 4.625239074230195202e-01
4.622069994608563048e-01 4.679540097713473790e-01 4.713640908400212326e-01 4.622730116049447169e-01
4.622764885425572068e-01 4.661223193009690346e-01 4.688252409299223933e-01 4.626127084096270381e-01
4.641094009081522254e-01 4.669010937213894930e-01 4.688348273436225289e-01 4.605914354324341375e-01
4.642688731352487275e-01 4.640463789304105080e-01 4.711232781410216730e-01 4.606653253237403822e-01
4.636863172054289661e-01 4.670733412106836124e-01 4.718778630097712479e-01 4.637232025464373408e-01
4.675716459751129150e-01 4.669141670068099881e-01 4.646239876747131348e-01 4.612836837768553022e-01
4.624315996964780684e-01 4.662801225980118258e-01 4.660896956920622114e-01 4.617980718612669233e-01
4.627748926480608760e-01 4.672120809555048715e-01 4.704107741514844121e-01 4.628562529881796173e-01
4.608961939811703767e-01 4.687897861003872957e-01 4.705987970034286039e-01 4.607184529304507170e-01
4.601601759592692797e-01 4.652136564254760742e-01 4.712619880835215991e-01 4.578559994697566915e-01
4.611066480477652441e-01 4.651034772396087091e-01 4.728814959526065897e-01 4.654440283775326814e-01
4.622354805469513495e-01 4.659172693888347649e-01 4.687653779983520508e-01 4.597533841927841647e-01
4.656180540720621375e-01 4.663019180297848787e-01 4.708384275436401367e-01 4.599944551785786762e-01
4.626109898090369210e-01 4.694562156995140123e-01 4.684515694777175443e-01 4.618945916493737425e-01
4.647688468297325182e-01 4.661113719145459355e-01 4.701145092646278889e-01 4.593313535054525665e-01
4.626344839731854064e-01 4.697212179501852325e-01 4.727248350779212349e-01 4.629486799240107309e-01
4.625753859678902735e-01 4.706981281439462372e-01 4.671446283658343135e-01 4.601334333419800360e-01
4.611543715000153143e-01 4.708092908064525073e-01 4.702643752098081831e-01 4.618816574414570386e-01
4.661117295424142548e-01 4.693236251672109338e-01 4.729509055614465884e-01 4.631315569082898875e-01
4.617440402507785868e-01 4.640532732009888806e-01 4.733354349931079841e-01 4.597985943158472422e-01
4.611823856830590262e-01 4.639404614766437507e-01 4.686347047487900985e-01 4.586082299550377495e-01
4.610445300738015839e-01 4.698877533276880070e-01 4.720604121685029186e-01 4.613167742888140133e-01
4.681213498115539551e-01 4.602870444456732546e-01 4.709722499052694245e-01 4.619965950647987873e-01
4.626698096593220288e-01 4.667933781941736582e-01 4.677934149901067928e-01 4.647231598695120147e-01
4.635963638623551986e-01 4.647317429383598930e-01 4.666575193405152477e-01 4.614639878273006368e-01
4.630503952503205456e-01 4.657899339993792354e-01 4.680767655372617408e-01 4.617796937624614739e-01
4.632891118526462626e-01 4.670041004816688490e-01 4.710166951020559600e-01 4.638919929663335440e-01
4.603389203548426400e-01 4.649844865004225669e-01 4.735690852006281815e-01 4.638101657231646358e-01
4.645570218563080389e-01 4.674338102340699908e-01 4.689223468303685416e-01 4.590607285499575529e-01
4.633895655473073694e-01 4.691223204135891445e-01 4.691474040349321584e-01 4.634406963984168404e-01
4.633780221144354616e-01 4.677332838376359048e-01 4.731863737106328238e-01 4.634844958782206037e-01
4.621072709560396508e-01 4.679501950740813654e-01 4.689741929372145401e-01 4.630171159903213041e-01
4.606871406237286193e-01 4.631421963373819062e-01 4.718176821867622328e-01 4.614328742027286046e-01
4.612537721792850376e-01 4.646581013997395648e-01 4.691062172253924190e-01 4.606113533178962660e-01
4.647557636102043199e-01 4.677917162577313603e-01 4.760318795839946215e-01 4.672458072503418158e-01
4.633585910002386843e-01 4.677294393380487803e-01 4.676057994365688253e-01 4.646846155325571326e-01
4.647949139277146036e-01 4.670375188191735472e-01 4.709526002407075085e-01 4.598493774731957640e-01
4.665607114632928099e-01 4.643580814202629692e-01 4.694798688093811956e-01 4.620575110117591811e-01
4.645986358324683541e-01 4.646957715352376672e-01 4.682978192965180364e-01 4.634872376918792725e-01
4.621979395548498348e-01 4.674757619698837185e-01 4.702851772308351275e-01 4.600274364153544293e-01
4.658471246560413337e-01 4.674581289291376840e-01 4.705830415089924390e-01 4.617514312267304577e-01
4.676517446835836145e-01 4.685377379258470198e-01 4.679392973581945059e-01 4.621640145778658781e-01
4.642938176790870064e-01 4.676466186841329309e-01 4.709370930989584814e-01 4.610163668791453229e-01
4.626020391782124097e-01 4.679941137631725145e-01 4.674701293309526107e-01 4.628937145074209503e-01
4.637153049310048791e-01 4.691252013047540470e-01 4.754590491453795642e-01 4.652148286501572305e-01
4.626276095708211078e-01 4.640100498994190747e-01 4.689328571160638615e-01 4.608554542064669524e-01
4.609546959400176447e-01 4.658251404762260850e-01 4.705760975678761615e-01 4.646234611670178039e-01
4.648126165072124505e-01 4.685455461343130401e-01 4.737754762172698419e-01 4.605591595172885411e-01
4.649409254391988489e-01 4.676120877265928510e-01 4.693187177181240566e-01 4.607721467812858074e-01
4.645964602629344964e-01 4.672709902127586967e-01 4.738096892833712492e-01 4.634784261385602733e-01
4.614737331867216352e-01 4.704834520816801313e-01 4.742212593555447109e-01 4.631226062774655428e-01
4.623872836430869548e-01 4.669251640637719358e-01 4.709040125211080285e-01 4.635192056496937330e-01
4.622548520565030183e-01 4.662162363529207543e-01 4.711456497510271291e-01 4.655965566635136277e-01
4.635562896728517290e-01 4.653450846672063101e-01 4.698062539100650303e-01 4.639398356278738866e-01
4.622466365496318286e-01 4.667129715283711566e-01 4.710768461227416992e-01 4.625759621461228432e-01
4.645689129829405628e-01 4.673176308472953289e-01 4.706239898999532434e-01 4.589377442995702938e-01
4.610386590162916520e-01 4.675446550051378103e-01 4.686467448870341168e-01 4.582628011703494542e-01
4.608662029107406521e-01 4.660588602224990940e-01 4.722474912802376301e-01 4.606790244579310190e-01
4.585930009682973041e-01 4.672432740529379180e-01 4.706030189990996759e-01 4.641489783922831958e-01
