4.622337122758233274e-01 4.670346279939017742e-01 4.711739818255104018e-01 4.659955302874242977e-01
4.618450105190280985e-01 4.647744297981262762e-01 4.731155435244244201e-01 4.586320519447326660e-01
4.640598396460216546e-01 4.639057914415991579e-01 4.713549117247269882e-01 4.631041586399082810e-01
4.601552883783971426e-01 4.650296767552686283e-01 4.707774221897121358e-01 4.612639745076499986e-01
4.641045828660332884e-01 4.683786630630488723e-01 4.724497298399613632e-01 4.651296933492025110e-01
4.629092613855997351e-01 4.649403591950738157e-01 4.676251610120133462e-01 4.621648788452147882e-01
4.609251618385316607e-01 4.693554838498430470e-01 4.699022471904751863e-01 4.631533126036325720e-01
4.633554816246031605e-01 4.694829384485880164e-01 4.725301166375476813e-01 4.606271485487622441e-01
4.628902077674864612e-01 4.638669590155279909e-01 4.714855750401817924e-01 4.653794070084893986e-01
4.647856652736658267e-01 4.645572801431017695e-01 4.699146747589111328e-01 4.622429907321932152e-01
4.665705263614654541e-01 4.696762859821313474e-01 4.705110887686415055e-01 4.625034133593238783e-01
4.612642526626590800e-01 4.624726176261901855e-01 4.718555808067317892e-01 4.601575334866843114e-01
4.647549788157149253e-01 4.668328762054435033e-01 4.702754716078439978e-01 4.619725743929544715e-01
4.651822447776788882e-01 4.642052650451660711e-01 4.736017286777495228e-01 4.637616376082102088e-01
4.644156893094382177e-01 4.669378399848937433e-01 4.678719639778136652e-01 4.615461230278021243e-01
4.664119482040400277e-01 4.685958723227177103e-01 4.677876333395642461e-01 4.609547456105543839e-01
4.622679551442464008e-01 4.677749474843344579e-01 4.717946549256645805e-01 4.612593849500019050e-01
4.653069575627645227e-01 4.699349502722418581e-01 4.677211940288543146e-01 4.620570341746012000e-01
4.619687000910437935e-01 4.664898216724401303e-01 4.699484209219618736e-01 4.652230938275657146e-01
4.625731607278188440e-01 4.667520125706991485e-01 4.691776931285858709e-01 4.592987100283307811e-01
4.669751425584153792e-01 4.648854831854501435e-01 4.700056910514834319e-01 4.592823982238767311e-01
4.634596904118855609e-01 4.685897231101990856e-01 4.717070659001676436e-01 4.639525115489953611e-01
4.605584442615513474e-01 4.676798681418100623e-01 4.727340241273249033e-01 4.631742238998409200e-01
4.610792001088465097e-01 4.641359945138295306e-01 4.687427282333378464e-01 4.601011971632633646e-01
4.621088306109109589e-01 4.652891059716542932e-01 4.679024716218307955e-01 4.571151137351990856e-01
4.593425293763476747e-01 4.673881232738489877e-01 4.681536555290222723e-01 4.623034000396727961e-01
4.644296964009600459e-01 4.661369522412616151e-01 4.739576478799184533e-01 4.610335727532699490e-01
4.633454779783882094e-01 4.663339853286742609e-01 4.704743127028150895e-01 4.630217750867212101e-01
4.665100475152328952e-01 4.659268657366434918e-01 4.713173906008401026e-01 4.608716666698455811e-01
4.644517699877422912e-01 4.651394387086231208e-01 4.707062343756361344e-01 4.669982095559432334e-01
4.625448584556579035e-01 4.672434727350870953e-01 4.735982120037079968e-01 4.625722666581480458e-01
4.639757275581361529e-01 4.651934107144676256e-01 4.684734443823500571e-01 4.592807888984677955e-01
4.655269483725230639e-01 4.709084828694660718e-01 4.696826636791222587e-01 4.636072516441346325e-01
4.624356726805369244e-01 4.664013783137007652e-01 4.673027694225306283e-01 4.609374403953547250e-01
4.651531378428142571e-01 4.668680330117548904e-01 4.681891798973085161e-01 4.630889495213829088e-01
4.577561219533285430e-01 4.675358831882475696e-01 4.705142080783843994e-01 4.630686640739440363e-01
4.621706406275432610e-01 4.684110581874854629e-01 4.712144931157429828e-01 4.555139442284898421e-01
4.589927295843765909e-01 4.665796160697938677e-01 4.726593395074210613e-01 4.610383411248525354e-01
4.626962840557106715e-01 4.679068426291148053e-01 4.690111378828688005e-01 4.572422107060750140e-01
4.610525071620938942e-01 4.659561713536577998e-01 4.707740346590678637e-01 4.645263453324634528e-01
4.639569024244941664e-01 4.685766994953153297e-01 4.691242774327594733e-01 4.602364401022583373e-01
4.635229210058850469e-01 4.683944682280222760e-01 4.671853780746456075e-01 4.586075047651934633e-01
4.609652062257135752e-01 4.622087776660915859e-01 4.730518559614813046e-01 4.614044626553847617e-01
4.630936582883204422e-01 4.660179913043976940e-01 4.706969658533731726e-01 4.604941705862672929e-01
4.627642333507540062e-01 4.664939443270365582e-01 4.715361793835962656e-01 4.619841078917190091e-01
4.622877736886343292e-01 4.683340191841125488e-01 4.694945911566415497e-01 4.598550399144488710e-01
4.610279798507690430e-01 4.668097396691647805e-01 4.739396274089814898e-01 4.604871869087220904e-01
4.597210586071013294e-01 4.667167564233147270e-01 4.644652009010317162e-01 4.611887633800509367e-01
4.619538585344948323e-01 4.642799099286394893e-01 4.701052904129034427e-01 4.623208045959470991e-01
4.603687226772309460e-01 4.668698112169904491e-01 4.702609380086261170e-01 4.629618922869369047e-01
4.642235636711121161e-01 4.655671715736394711e-01 4.666401644547780170e-01 4.614271819591525547e-01
4.648593664169313189e-01 4.658502042293548584e-01 4.676410655180615050e-01 4.588072597980499268e-01
4.659393131732936233e-01 4.664729237556459740e-01 4.680945674578350646e-01 4.611875315507256157e-01
4.627810716629028875e-01 4.658176600933070510e-01 4.699124991893769421e-01 4.605070352554322954e-01
4.670563042163847767e-01 4.674377838770544247e-01 4.697728852430980706e-01 4.599076410134634307e-01
4.608661333719886732e-01 4.662089248498279548e-01 4.689706861972803842e-01 4.618150393168137802e-01
4.625824590524041380e-01 4.654955863952631723e-01 4.734108150005338911e-01 4.610513150691978868e-01
4.614886045455931507e-01 4.662760893503827275e-01 4.689161479473106242e-01 4.648690720399217824e-01
4.579326709111528615e-01 4.685912628968557092e-01 4.696305791536966034e-01 4.603908061981204503e-01
4.600297212600708008e-01 4.664155244827264957e-01 4.710260232289630311e-01 4.592616856098174494e-01
4.656729996204369004e-01 4.670401016871132960e-01 4.736996193726856208e-01 4.660608371098834413e-01
4.669875303904217345e-01 4.697025616963705907e-01 4.724238117535907722e-01 4.588359793027246836e-01
4.651996592680609499e-01 4.673764308293658076e-01 4.683312276999154200e-01 4.605144858360296078e-01
4.654960135618845807e-01 4.659281075000759054e-01 4.746877054373422888e-01 4.585887094338738090e-01
4.644756615161898528e-01 4.646252691745755836e-01 4.734374682108562493e-01 4.640087982018790691e-01
4.627498487631478974e-01 4.656814734141028200e-01 4.674413303534186159e-01 4.607699513435362659e-01
4.604325095812481505e-01 4.664157231648761726e-01 4.706528981526691413e-01 4.619611700375868546e-01
4.646336833635965058e-01 4.648353556791945951e-01 4.687860409418743712e-01 4.604086776574455309e-01
4.632490972677865693e-01 4.698005914688110352e-01 4.717104335625968425e-01 4.591620067755383117e-01
4.683571557203931590e-01 4.688576062520350973e-01 4.698765277862542722e-01 4.625185032685597553e-01
4.602789878845213178e-01 4.645877281824750127e-01 4.690451125303905511e-01 4.621115128199256850e-01
4.619467953840887819e-01 4.662574927012131942e-01 4.698460499445600846e-01 4.630708396434790042e-01
4.637768765290579687e-01 4.666994412740066989e-01 4.705059329668676016e-01 4.602440595626829944e-01
4.634516437848404391e-01 4.676894644896191777e-01 4.721790452798204640e-01 4.639722406864162929e-01
4.651884039243060487e-01 4.675231575965881903e-01 4.727313915888471940e-01 4.622488915920259234e-01
4.649144411087039463e-01 4.659559329350789203e-01 4.742215275764466997e-01 4.621767103672023147e-01
4.648547271887464305e-01 4.634094734986622943e-01 4.679878652095794678e-01 4.621617694695793754e-01
4.587371051311497361e-01 4.655931095282239141e-01 4.684988359610242625e-01 4.603867133458451888e-01
4.602379699548084235e-01 4.674593607584635047e-01 4.686283767223358709e-01 4.602740804354346071e-01
4.649518132209772836e-01 4.667693277200065105e-01 4.712069034576419901e-01 4.619105358918507709e-01
4.599522054195404608e-01 4.657896061738336924e-01 4.707804818948115311e-01 4.608498414357508621e-01
4.623756706714626796e-01 4.633937478065485727e-01 4.707941412925720215e-01 4.616979658603669878e-01
4.611874421437583416e-01 4.695638418197629615e-01 4.678055047988895487e-01 4.597167372703554467e-01
4.644076724847155946e-01 4.659775594870242954e-01 4.682116111119593582e-01 4.570233722527820563e-01
4.621781210104627391e-01 4.650092422962185390e-01 4.723092019557954546e-01 4.638553162415821607e-01
4.626533091068269488e-01 4.673065046469372374e-01 4.707555671532952513e-01 4.615974128246304042e-01
4.654810130596161999e-01 4.679391781489055102e-01 4.702365100383758545e-01 4.630652566750841359e-01
4.622412820657096910e-01 4.641928474108379943e-01 4.715035955111183119e-01 4.638052384058629629e-01
4.652498066425329593e-01 4.664704004923503344e-01 4.721294045448302668e-01 4.634375572204584848e-01
4.629554152488711827e-01 4.683646957079564688e-01 4.708067278067269990e-01 4.602290391921998736e-01
4.659982124964401340e-01 4.647907714049022143e-01 4.711275597413375760e-01 4.645749727884930791e-01
4.630045592784877151e-01 4.689883490403492505e-01 4.677325586477922292e-01 4.618175327777860883e-01
4.596976339817042678e-01 4.661525189876554731e-01 4.729519685109463967e-01 4.609951575597127094e-01
