4.695860147476195179e-01 4.592586358388264789e-01 4.629648923873902477e-01 4.689821004867549825e-01 4.567702611287437486e-01 4.661721785863239265e-01 4.744089444478351569e-01 4.684025049209591396e-01 4.681314627329507538e-01 4.880647261937458570e-01 4.621259768803913093e-01 4.681370258331302159e-01 4.705871343612673119e-01 4.602224826812744141e-01 4.506079355875652892e-01 4.604650735855098653e-01
4.763003587722777765e-01 4.619412422180175226e-01 4.659814834594722677e-01 4.659770329793295196e-01 4.628743728001912250e-01 4.698135058085122218e-01 4.744247595469158751e-01 4.672312339146929006e-01 4.614728291829427453e-01 4.828304449717205071e-01 4.588874578475948818e-01 4.606105486551917982e-01 4.666917324066159334e-01 4.636681874593099884e-01 4.658620357513431065e-01 4.621925751368202162e-01
4.640708367029828252e-01 4.536632696787516461e-01 4.620937506357833957e-01 4.659047921498615796e-01 4.603738387425739265e-01 4.663471380869547711e-01 4.734217723210656370e-01 4.659274419148758395e-01 4.642442464828491766e-01 4.774710337320963172e-01 4.617838064829510869e-01 4.667333761850989693e-01 4.725611209869379215e-01 4.610191583633425072e-01 4.548837343851722670e-01 4.662284453709920062e-01
4.642388423283894117e-01 4.534226655960085783e-01 4.576804240544634084e-01 4.756374756495157508e-01 4.656890233357748876e-01 4.688752492268878913e-01 4.659017324447634056e-01 4.666234652201332045e-01 4.687303304672241211e-01 4.794586102167766595e-01 4.681588013966878625e-01 4.522317647933962181e-01 4.677434762318928851e-01 4.610371192296341958e-01 4.605338573455808326e-01 4.610177675882977666e-01
4.750261704126990669e-01 4.546235005060835777e-01 4.549843867619832172e-01 4.707568883895875134e-01 4.574958880742385214e-01 4.665273825327554968e-01 4.726351102193196430e-01 4.687567154566448790e-01 4.691323836644490930e-01 4.817663033803306072e-01 4.734196662902833697e-01 4.612058003743491619e-01 4.684634208679200884e-01 4.646446307500209372e-01 4.595676660537718061e-01 4.730188051859536280e-01
4.640665451685588305e-01 4.555673201878862044e-01 4.527564048767084293e-01 4.738742113113402210e-01 4.659365415573121227e-01 4.660040537516275672e-01 4.743122657140091958e-01 4.627023537953690036e-01 4.679987430572511986e-01 4.832409222920737157e-01 4.654483795166015625e-01 4.605942964553831342e-01 4.665181239446001271e-01 4.608095884323120672e-01 4.581116437911985084e-01 4.682010809580484656e-01
4.630451599756879033e-01 4.561661481857299805e-01 4.600535631179811236e-01 4.708896875381469171e-01 4.651664892832441112e-01 4.658041397730509625e-01 4.694020350774130712e-01 4.718059301376341663e-01 4.691683451334633936e-01 4.860496123631799503e-01 4.606559276580812767e-01 4.577552080154418390e-01 4.696277777353921046e-01 4.603750705718997471e-01 4.590635299682619408e-01 4.595845143000287236e-01
4.611439307530720844e-01 4.525695244471230616e-01 4.579578240712484094e-01 4.719673792521160705e-01 4.683105548222862291e-01 4.606388409932455352e-01 4.676844676335654150e-01 4.683154821395870693e-01 4.649444421132403193e-01 4.844172398249311784e-01 4.611484209696450898e-01 4.537204504013064854e-01 4.663926760355633361e-01 4.561500946680701607e-01 4.555289347966517410e-01 4.710609515508016321e-01
4.727934996287028735e-01 4.569054444630942791e-01 4.619055986404418390e-01 4.678418636322022595e-01 4.562149842580157655e-01 4.680809577306112024e-01 4.744679133097328139e-01 4.685884714126588024e-01 4.772414763768512702e-01 4.790756305058792575e-01 4.622426827748614686e-01 4.716272751490269699e-01 4.657810926437376264e-01 4.612441857655844579e-01 4.550425211588542407e-01 4.575457572937010053e-01
4.557094971338906952e-01 4.545600016911824359e-01 4.581142663955689032e-01 4.653541247049968188e-01 4.647171497344971258e-01 4.649418592453005150e-01 4.755787452061970288e-01 4.647450049718219733e-01 4.676274855931600860e-01 4.833255608876546039e-01 4.680775403976443760e-01 4.615731239318842660e-01 4.749077955881754187e-01 4.609839121500654557e-01 4.504743814468383234e-01 4.722149372100828413e-01
4.657489458719890063e-01 4.616068601608274147e-01 4.529341856638591235e-01 4.704372485478723886e-01 4.648894468943280955e-01 4.708854357401532909e-01 4.737208286921179012e-01 4.616677761077881414e-01 4.719036420186358272e-01 4.817335605621341221e-01 4.613788525263471385e-01 4.615479310353596265e-01 4.703803459803260756e-01 4.617161353429156123e-01 4.566172758738196169e-01 4.594252904256183045e-01
4.682208299636843041e-01 4.620070457458506086e-01 4.605205853780109937e-01 4.742954969406126819e-01 4.652137756347657360e-01 4.674379030863446416e-01 4.684963226318359375e-01 4.709681669871012000e-01 4.697822332382206034e-01 4.839894374211627381e-01 4.651677211125688216e-01 4.671371777852382223e-01 4.659346342086794213e-01 4.579490423202512983e-01 4.571861028671259652e-01 4.661161104838052460e-01
4.620611667633054420e-01 4.569892883300782360e-01 4.573192993799845563e-01 4.742312828699745686e-01 4.592250982920325630e-01 4.702786604563393702e-01 4.687476158142088178e-01 4.729288021723428437e-01 4.698630968729651247e-01 4.877093235651653869e-01 4.706554015477493746e-01 4.635328054428100031e-01 4.715242385864260033e-01 4.646614392598466536e-01 4.586200316747032768e-01 4.544205268224079663e-01
4.619605541229245271e-01 4.651670853296918651e-01 4.560925165812172999e-01 4.669714768727619703e-01 4.688750902811685828e-01 4.625009298324581630e-01 4.754202365875243030e-01 4.720110098520918229e-01 4.615817070007324219e-01 4.747498432795208556e-01 4.711460669835410009e-01 4.610343376795454917e-01 4.748030106226606706e-01 4.660505453745521498e-01 4.520209232966106994e-01 4.591301282246905147e-01
4.680330753326418791e-01 4.559924999872839724e-01 4.634825785954794219e-01 4.736703236897785718e-01 4.686519702275596111e-01 4.656161069869996227e-01 4.851539532343547845e-01 4.619001150131227806e-01 4.679131110509238134e-01 4.819590648015342205e-01 4.684436718622839169e-01 4.640270074208576179e-01 4.722622235616047992e-01 4.633273681004844713e-01 4.542344013849894946e-01 4.687500397364297022e-01
4.640549818674728488e-01 4.602197408676149681e-01 4.570038715998330225e-01 4.710338910420737157e-01 4.655596415201821991e-01 4.667641321818031819e-01 4.686222871144609115e-01 4.673564831415813470e-01 4.613671700159709399e-01 4.810486237208049243e-01 4.645669857660928437e-01 4.592505693435673941e-01 4.692844549814857436e-01 4.622610012690226977e-01 4.594998359680178002e-01 4.675497213999430524e-01
4.681886831919351288e-01 4.622208674748737867e-01 4.625227053960165868e-01 4.756520589192707038e-01 4.558768272399899013e-01 4.741573333740236595e-01 4.682917992273967212e-01 4.689003626505534039e-01 4.766213893890375308e-01 4.810688098271688751e-01 4.645955562591551069e-01 4.697956641515093623e-01 4.675944646199546861e-01 4.672295252482097649e-01 4.594850937525434831e-01 4.654498895009355208e-01
4.681745767593378238e-01 4.588286479314163668e-01 4.551396767298384605e-01 4.703325033187860660e-01 4.637144804000857823e-01 4.650600751241048547e-01 4.656856060028077837e-01 4.660669565200808995e-01 4.636771281560259084e-01 4.784612655639648993e-01 4.707313776016238682e-01 4.620470603307079704e-01 4.672117630640665875e-01 4.666767120361325905e-01 4.591121673583986595e-01 4.583514531453449781e-01
4.669448534647623883e-01 4.596823453903196577e-01 4.646989504496256140e-01 4.690994421641032086e-01 4.667986234029138370e-01 4.689398209253946570e-01 4.704967737197877087e-01 4.737755060195922852e-01 4.665753841400145929e-01 4.840673208236693226e-01 4.617684682210289049e-01 4.652323325475052340e-01 4.740919272104897608e-01 4.669939279556273304e-01 4.516892830530801484e-01 4.714715480804446135e-01
4.709721803665165019e-01 4.529654184977207065e-01 4.688605864842733673e-01 4.699903329213459546e-01 4.650221268335978375e-01 4.567362467447912966e-01 4.743267297744745981e-01 4.648786385854083991e-01 4.690021673838300487e-01 4.847904046376549925e-01 4.685130119323731024e-01 4.684005578358971245e-01 4.646344979604082881e-01 4.645444154739380438e-01 4.555401404698694035e-01 4.658654133478800086e-01
4.668798049290970309e-01 4.497925837834678697e-01 4.616961081822712476e-01 4.693680206934608412e-01 4.636502663294468918e-01 4.652593930562337055e-01 4.721763928731280147e-01 4.676686922709148431e-01 4.693472782770788942e-01 4.840464194615680671e-01 4.671169122060139234e-01 4.593626260757454061e-01 4.689374764760335657e-01 4.645801782608026120e-01 4.607629776000977118e-01 4.594301780064898311e-01
4.689423243204749459e-01 4.536420901616415868e-01 4.619682232538859235e-01 4.694535334904990642e-01 4.647976557413737164e-01 4.704674879709878632e-01 4.710376262664796032e-01 4.713538487752277906e-01 4.642980098724359683e-01 4.823324282964070453e-01 4.717528820037842907e-01 4.579357703526815149e-01 4.680251280466719010e-01 4.640988111495971125e-01 4.577405850092569617e-01 4.579479694366456188e-01
4.712919791539513792e-01 4.534357388814292955e-01 4.594628413518268562e-01 4.698897202809652063e-01 4.693664709726969586e-01 4.719516833623247920e-01 4.707277218500775517e-01 4.683865706125894257e-01 4.715025424957278721e-01 4.757113059361770535e-01 4.701061248779295210e-01 4.664299090703327710e-01 4.801306327184044487e-01 4.632629950841266608e-01 4.607004721959431781e-01 4.664742549260463833e-01
4.658615986506147721e-01 4.582628011703492321e-01 4.645836353302003618e-01 4.798274437586466101e-01 4.655614296595253498e-01 4.693853855133057751e-01 4.729283253351847516e-01 4.608275890350341797e-01 4.697305361429851556e-01 4.807144006093344024e-01 4.723851283391315437e-01 4.670498371124268688e-01 4.753860632578530421e-01 4.601240555445356706e-01 4.602248668670652076e-01 4.583193063735965800e-01
4.681097666422521231e-01 4.538783232371009779e-01 4.587078491846720008e-01 4.690888722737630578e-01 4.580896695454915180e-01 4.693436622619625576e-01 4.734180768330895073e-01 4.656364123026532909e-01 4.621549844741817403e-01 4.805813233057655287e-01 4.582535425821935293e-01 4.615503152211506421e-01 4.627119700113936362e-01 4.561929702758786287e-01 4.674200614293411160e-01 4.631766080856322687e-01
4.624381860097246388e-01 4.634267886479694898e-01 4.575743277867640457e-01 4.628681341807049932e-01 4.557220538457238401e-01 4.647374550501506829e-01 4.660943746566773016e-01 4.668174187342321590e-01 4.752635558446248187e-01 4.801381826400753505e-01 4.707440137863161400e-01 4.659693241119381990e-01 4.726964632670088706e-01 4.605635404586795878e-01 4.540499846140542139e-01 4.585580825805662952e-01
4.602729876836138545e-01 4.644292195638018428e-01 4.618911345799763812e-01 4.773081938425701720e-01 4.582631190617882377e-01 4.715606768925982295e-01 4.745103120803834673e-01 4.744039376576743017e-01 4.734576940536500689e-01 4.870953559875488836e-01 4.682737588882449065e-01 4.722140232721963593e-01 4.701685110727947259e-01 4.590470790863036554e-01 4.598495562871294795e-01 4.663876295089719459e-01
4.710758129755651669e-01 4.587872823079428009e-01 4.610613187154136705e-01 4.683213233947753906e-01 4.600691795349126645e-01 4.585153261820470449e-01 4.731870492299399822e-01 4.766457875569660163e-01 4.664417505264281116e-01 4.840960899988808186e-01 4.711500803629556922e-01 4.533564647038779150e-01 4.730620781580603396e-01 4.550918340682982843e-01 4.530463218688966509e-01 4.660180409749350439e-01
4.626263380050656404e-01 4.529829025268556353e-01 4.577247301737457641e-01 4.746516148249307898e-01 4.666530688603718890e-01 4.681665897369385876e-01 4.713071982065830112e-01 4.700404405593873736e-01 4.678812424341841636e-01 4.790110985438030822e-01 4.677816232045494127e-01 4.585062265396122050e-01 4.733997186024984649e-01 4.661331971486412651e-01 4.504151741663616759e-01 4.664539893468221399e-01
4.666635990142822266e-01 4.530704021453855757e-01 4.612344900767008093e-01 4.790697892506916578e-01 4.671532313028969319e-01 4.657194217046100038e-01 4.733293056488038775e-01 4.716474215189614960e-01 4.669513702392583676e-01 4.792925914128621234e-01 4.677476485570274400e-01 4.585378567377725312e-01 4.704890251159670189e-01 4.564459721247353108e-01 4.596503973007199373e-01 4.586546023686726703e-01
4.728004137674968743e-01 4.675505956013993880e-01 4.592458407084146765e-01 4.734263420104979359e-01 4.623566865921019953e-01 4.599606990814212315e-01 4.750590324401853803e-01 4.643868605295817797e-01 4.676417112350459426e-01 4.835371176401773163e-01 4.659877618153891454e-01 4.623775879542034728e-01 4.725509087244670892e-01 4.588297208150229900e-01 4.550465345382685989e-01 4.577768643697105455e-01
4.694379568099974476e-01 4.625400304794315409e-01 4.604063034057613857e-01 4.668638308842974483e-01 4.620290597279867462e-01 4.661768674850462757e-01 4.674534797668456476e-01 4.693744579950965834e-01 4.642775456110633803e-01 4.791047970453897187e-01 4.628682136535646197e-01 4.629356066385904023e-01 4.708497921625775517e-01 4.633156458536787925e-01 4.591313203175857449e-01 4.634912808736165180e-01
4.695095618565877094e-01 4.580203294754030541e-01 4.607506195704142438e-01 4.703680276870730870e-01 4.657446543375655668e-01 4.659208059310914196e-01 4.794923861821491218e-01 4.652492205301917982e-01 4.595609108606977244e-01 4.890758593877162497e-01 4.652000665664670631e-01 4.591563145319622619e-01 4.707806110382084519e-01 4.636767705281576446e-01 4.557849566141761732e-01 4.733237822850547283e-01
4.656614065170288086e-01 4.545750617980954256e-01 4.540300766626995665e-01 4.751082261403402618e-01 4.658859173456825209e-01 4.627839724222824191e-01 4.778092702229814193e-01 4.635796149571739244e-01 4.608118534088133655e-01 4.811609983444217753e-01 4.649101098378501384e-01 4.648501873016357422e-01 4.818327426910403721e-01 4.662392934163409053e-01 4.568624496459959827e-01 4.717209736506146611e-01
4.751246770222982141e-01 4.621043602625527491e-01 4.573829968770347087e-01 4.769518772761029424e-01 4.617656071980792976e-01 4.614470402399701854e-01 4.719316562016807604e-01 4.720547199249263137e-01 4.732075532277425500e-01 4.883358081181847221e-01 4.631360769271850586e-01 4.656880299250285016e-01 4.667739470799764367e-01 4.594905773798623749e-01 4.595924615859985352e-01 4.617341756820680376e-01
4.619332949320481552e-01 4.528071085611979907e-01 4.586617946624756414e-01 4.682650963465375127e-01 4.604381322860717218e-01 4.663758277893068627e-01 4.746334155400592780e-01 4.674054384231569048e-01 4.733484188715616492e-01 4.858730236689250415e-01 4.701465765635171046e-01 4.678883155186971399e-01 4.727035363515217359e-01 4.609908262888587349e-01 4.544828335444133227e-01 4.707339604695638391e-01
4.653725624084468770e-01 4.599535067876175387e-01 4.653673966725667133e-01 4.693318605422975853e-01 4.636077880859373335e-01 4.628728230794266207e-01 4.669287602106730328e-01 4.614947239557903869e-01 4.700915416081746234e-01 4.748251438140866365e-01 4.607771237691243860e-01 4.663256406784054287e-01 4.662893613179528440e-01 4.600499073664346406e-01 4.553210337956743459e-01 4.610614379247031103e-01
4.661229848861694891e-01 4.521419604619343890e-01 4.553830226262413627e-01 4.807503620783485920e-01 4.605602423350018126e-01 4.661309321721394672e-01 4.692402680714921615e-01 4.713227351506550922e-01 4.645504156748452296e-01 4.734522501627602686e-01 4.589340686798097368e-01 4.646861950556433474e-01 4.718949794769288220e-01 4.666018486022954215e-01 4.519358476003011993e-01 4.655108849207558741e-01
4.675517082214354359e-01 4.555494785308837891e-01 4.579542875289915327e-01 4.678837855656943212e-01 4.526556730270381856e-01 4.745650291442868318e-01 4.711460272471111876e-01 4.636858304341635595e-01 4.656226237614957131e-01 4.773586988449094459e-01 4.588714043299356726e-01 4.622576634089148873e-01 4.701082706451419346e-01 4.635180632273355750e-01 4.602658748626708984e-01 4.651876688003540594e-01
4.669308662414554112e-01 4.619855086008708978e-01 4.552731513977050226e-01 4.726277589797970857e-01 4.622668425242105750e-01 4.632450342178340841e-01 4.720548788706463994e-01 4.673529863357543390e-01 4.687047799428303296e-01 4.761919180552162678e-01 4.674437046051025391e-01 4.608428875605261599e-01 4.689706961313881428e-01 4.622979164123532936e-01 4.548257589340213847e-01 4.665127595265707861e-01
4.603960911432901648e-01 4.561338424682619408e-01 4.658812284469607268e-01 4.708180030186974729e-01 4.680521488189697266e-01 4.717871745427447694e-01 4.648852745691937072e-01 4.636330207188924524e-01 4.701501131057742033e-01 4.709164301554359944e-01 4.648433923721314587e-01 4.632143179575596847e-01 4.649073680241905815e-01 4.617567459742228930e-01 4.568728605906169360e-01 4.654597441355389220e-01
4.624599218368532494e-01 4.575825532277425500e-01 4.555367628733315022e-01 4.751069148381550922e-01 4.632721344629924798e-01 4.682374397913616204e-01 4.754929939905802594e-01 4.678339958190919079e-01 4.725893338521319764e-01 4.781694412231443647e-01 4.589745601018269117e-01 4.640460411707559851e-01 4.723316033681236314e-01 4.617324272791542006e-01 4.626850684483844733e-01 4.578383366266889354e-01
4.660274187723796868e-01 4.607777992884319329e-01 4.579395055770873468e-01 4.705788691838579951e-01 4.598174889882403193e-01 4.698746204376220703e-01 4.790392319361377327e-01 4.657193422317504883e-01 4.674418767293290200e-01 4.788606564203895521e-01 4.661337137222290039e-01 4.640860557556155119e-01 4.770248730977376117e-01 4.641825755437209988e-01 4.605698982874554814e-01 4.639936288197837322e-01
4.694545666376748749e-01 4.525446891784669634e-01 4.625417788823443788e-01 4.703095356623331891e-01 4.658209880193072694e-01 4.664671818415326854e-01 4.742197593053183446e-01 4.675588607788087603e-01 4.611982107162476696e-01 4.836498101552333395e-01 4.632178942362467633e-01 4.623882770538333409e-01 4.727150996526081617e-01 4.612836440404258775e-01 4.526126782099407775e-01 4.626181920369459855e-01
4.720674355824791002e-01 4.579060475031536681e-01 4.594011704126994555e-01 4.662493069966633374e-01 4.638237158457440001e-01 4.681165218353273705e-01 4.668748378753663775e-01 4.741958777109781531e-01 4.669628143310546875e-01 4.841001828511558025e-01 4.639600515365601141e-01 4.614803393681843890e-01 4.724566141764320326e-01 4.634347756703694476e-01 4.558844168980915046e-01 4.685649077097573389e-01
4.681919018427532775e-01 4.500712156295774702e-01 4.512334267298373502e-01 4.743602673212689580e-01 4.637750784556072259e-01 4.639924367268881134e-01 4.757499694824217085e-01 4.662144184112548273e-01 4.598905642827348927e-01 4.802007277806601415e-01 4.679204622904461486e-01 4.639308849970501525e-01 4.738527933756509491e-01 4.666823943456012702e-01 4.514286915461223071e-01 4.563448429107666571e-01
4.675435622533162250e-01 4.492547512054441139e-01 4.620533784230551611e-01 4.726487795511879475e-01 4.683352311452232408e-01 4.686627785364790300e-01 4.740304152170818353e-01 4.637074073155719178e-01 4.654086033503219699e-01 4.859590133031208015e-01 4.627473751703899407e-01 4.594787756601967366e-01 4.661053419113159180e-01 4.546424150466917835e-01 4.566524426142377635e-01 4.657967090606688343e-01
4.683835903803508227e-01 4.575639565785725171e-01 4.569934209187823670e-01 4.702669779459632271e-01 4.617966413497925360e-01 4.680856466293332740e-01 4.710003534952799109e-01 4.801584084828693366e-01 4.693676630655920778e-01 4.804029464721676357e-01 4.682221015294387723e-01 4.633772373199460115e-01 4.725106954574583851e-01 4.602647225062053704e-01 4.556476672490436530e-01 4.656667311986287250e-01
4.635346730550132244e-01 4.553375641504918137e-01 4.601988395055136571e-01 4.639616409937541430e-01 4.698253472646072293e-01 4.737323919932048821e-01 4.703216950098674243e-01 4.672518173853558165e-01 4.601181745529175915e-01 4.891834259033202570e-01 4.655047655105592486e-01 4.618184169133501826e-01 4.684945742289226001e-01 4.659564495086673808e-01 4.584129254023233679e-01 4.701263109842935273e-01
4.696612358093258943e-01 4.620376825332641602e-01 4.570150375366211493e-01 4.731185436248780407e-01 4.559558629989623468e-01 4.654312531153362298e-01 4.684722820917766595e-01 4.689200321833291163e-01 4.739230076471965258e-01 4.767260154088337476e-01 4.667059977849328800e-01 4.636493921279909447e-01 4.757221539815267297e-01 4.637883504231767873e-01 4.530977408091230729e-01 4.540114800135294781e-01
4.628302653630576025e-01 4.538423220316568085e-01 4.634575049082437781e-01 4.720953702926632412e-01 4.543165365854900939e-01 4.709999163945520761e-01 4.723422527313234642e-01 4.675839344660441821e-01 4.597615003585814875e-01 4.853705565134681654e-01 4.630651871363319905e-01 4.565585056940712483e-01 4.698564211527507806e-01 4.593994220097857850e-01 4.514424006144207024e-01 4.618589083353680236e-01
4.653288920720414223e-01 4.541210730870565704e-01 4.582464694976811637e-01 4.654115041097003358e-01 4.603933095932009611e-01 4.685231844584147876e-01 4.755642016728720001e-01 4.640646378199260735e-01 4.631606737772625548e-01 4.823509057362870833e-01 4.642141660054526775e-01 4.667813380559281411e-01 4.743111928304036828e-01 4.706754287083947386e-01 4.568871259689331610e-01 4.719498952229818634e-01
4.682084321975705787e-01 4.518490235010786948e-01 4.572875499725344017e-01 4.677432775497434858e-01 4.634869893391926343e-01 4.665877819061280962e-01 4.707760016123451741e-01 4.700311024983723773e-01 4.675422112147015197e-01 4.775766928990685112e-01 4.636210203170779143e-01 4.597139358520511698e-01 4.753473202387493157e-01 4.609065055847167969e-01 4.562453826268513812e-01 4.639919201533001525e-01
4.685718218485512843e-01 4.614108800888063189e-01 4.510512749354040340e-01 4.706081549326579516e-01 4.636350075403853355e-01 4.751255114873254026e-01 4.688928127288818914e-01 4.705537954966227954e-01 4.655243953069048701e-01 4.842068354288739385e-01 4.620980819066365375e-01 4.660445849100749438e-01 4.732768535614011451e-01 4.595955212910968202e-01 4.588204224904374740e-01 4.658448696136469613e-01
4.693566163380939460e-01 4.594606161117549825e-01 4.712802569071453118e-01 4.702601830164593322e-01 4.652276436487836619e-01 4.698170423507692650e-01 4.668874740600588713e-01 4.598967631657920885e-01 4.612900018692011606e-01 4.777059952418011290e-01 4.677524566650391180e-01 4.626991351445515765e-01 4.672770897547401936e-01 4.582177797953289056e-01 4.603323141733806634e-01 4.635258515675865221e-01
4.686803023020429948e-01 4.605490366617838727e-01 4.599661032358809409e-01 4.673419793446861314e-01 4.597887595494585256e-01 4.696766535441080359e-01 4.731694857279459265e-01 4.626933336257935681e-01 4.613571166992189165e-01 4.865366617838546293e-01 4.646305640538529458e-01 4.599766731262207586e-01 4.699736038843789765e-01 4.564885695775350860e-01 4.579551219940187212e-01 4.646058877309162116e-01
4.736711184183758361e-01 4.563035170237221272e-01 4.561606645584110331e-01 4.723366498947143000e-01 4.686492681503298119e-01 4.689664840698238857e-01 4.741091728210449219e-01 4.693706432978314025e-01 4.682687918345136424e-01 4.719325701395673534e-01 4.619892040888468054e-01 4.558910131454465553e-01 4.690732558568315724e-01 4.608558019002280126e-01 4.589687983194991050e-01 4.647688070933023718e-01
4.637715816497802734e-01 4.558075269063311397e-01 4.560744762420654852e-01 4.666713078816729365e-01 4.576567411422726717e-01 4.739884932835894404e-01 4.723063707351682350e-01 4.706997871398926891e-01 4.666722218195595850e-01 4.793082078297932758e-01 4.678671360015871916e-01 4.591356515884397194e-01 4.674603939056397595e-01 4.665354887644450055e-01 4.565219084421794360e-01 4.687101046244302460e-01
4.624446233113606031e-01 4.538106520970665025e-01 4.507971207300821570e-01 4.735062519709271056e-01 4.673827886581420343e-01 4.667017459869383100e-01 4.712271293004356432e-01 4.656196832656859241e-01 4.648080666859943921e-01 4.903889497121176611e-01 4.656842947006221145e-01 4.630043109258015765e-01 4.701954126358032227e-01 4.674234390258787952e-01 4.545117616653446824e-01 4.680089155832928838e-01
4.665559927622476843e-01 4.625550508499144953e-01 4.622205495834353361e-01 4.625968535741167842e-01 4.612397352854410437e-01 4.739212195078533751e-01 4.730987946192420357e-01 4.588340520858767424e-01 4.729386965433756695e-01 4.835479656855262709e-01 4.615206718444822553e-01 4.530376593271889796e-01 4.675218264261884471e-01 4.606269598007200483e-01 4.578870932261151494e-01 4.645313024520876799e-01
4.692024389902748061e-01 4.573316176732379890e-01 4.541099866231280702e-01 4.767596324284876230e-01 4.681617418924973739e-01 4.677813053131104071e-01 4.707123041152952436e-01 4.610126415888462503e-01 4.697293837865192390e-01 4.713789621988934142e-01 4.607893228530882679e-01 4.576192299524938223e-01 4.722263813018797718e-01 4.720823367436725593e-01 4.610641400019329095e-01 4.688657522201540306e-01
4.739268620808921306e-01 4.571480751037599322e-01 4.554744561513267009e-01 4.687672853469845302e-01 4.652958710988361890e-01 4.669398864110311242e-01 4.753157695134481719e-01 4.745887120564780126e-01 4.691316684087120659e-01 4.866334199905396063e-01 4.649484554926554547e-01 4.613383611043298527e-01 4.735826651255286568e-01 4.666716655095421440e-01 4.591150283813476562e-01 4.636075496673581764e-01
4.599134922027590111e-01 4.586127201716103108e-01 4.606957832972203848e-01 4.747589031855263819e-01 4.612395366032922550e-01 4.702641169230137308e-01 4.659258127212528855e-01 4.683636426925658625e-01 4.658343394597374565e-01 4.853646357854206062e-01 4.558419386545817242e-01 4.651784102121991338e-01 4.709461530049643962e-01 4.592296679814656946e-01 4.571301539738971131e-01 4.612573385238649126e-01
4.683414300282797149e-01 4.529127279917398163e-01 4.645383358001711760e-01 4.670875072479246937e-01 4.611343145370483398e-01 4.661491314570109235e-01 4.662717580795286421e-01 4.701104164123534046e-01 4.633968273798624860e-01 4.787608385086062346e-01 4.669774373372392873e-01 4.604551792144776501e-01 4.680808782577516314e-01 4.555010795593258943e-01 4.609152873357137414e-01 4.562457005182898317e-01
4.683621327082315711e-01 4.599030017852779872e-01 4.551924467086789772e-01 4.696056445439659166e-01 4.662751754124958015e-01 4.680826266606650243e-01 4.780562321345012688e-01 4.658615986506144391e-01 4.680121342341104218e-01 4.876927137374877375e-01 4.688611030578613281e-01 4.687077204386385643e-01 4.655642906824746241e-01 4.677929083506268126e-01 4.591879049936929413e-01 4.644695520400998201e-01
4.668474197387699753e-01 4.570228258768718188e-01 4.511513710021968770e-01 4.719216823577880859e-01 4.628271659215292821e-01 4.676981767018637548e-01 4.734177986780801484e-01 4.693112373352050226e-01 4.725792805353800641e-01 4.802609682083129883e-01 4.650632937749228923e-01 4.606695175170901213e-01 4.685555696487427868e-01 4.574334621429438363e-01 4.498661756515499599e-01 4.696420828501380318e-01
4.642339547475175521e-01 4.547228813171391715e-01 4.530008633931476014e-01 4.779835542043048280e-01 4.643850326538085382e-01 4.660433530807493452e-01 4.679274559020998314e-01 4.651293754577637274e-01 4.695798953374223372e-01 4.861505031585692804e-01 4.662164052327472108e-01 4.591385126113893822e-01 4.607958793640133943e-01 4.564128716786701179e-01 4.564554293950403019e-01 4.604745308558143568e-01
4.579642216364544494e-01 4.580102364222209399e-01 4.557987848917644524e-01 4.757673740386960670e-01 4.566295941670738823e-01 4.633796215057370826e-01 4.755469163258871368e-01 4.569381475448604513e-01 4.745855728785194350e-01 4.744038581848142866e-01 4.699298938115439861e-01 4.520533482233684563e-01 4.676113526026406397e-01 4.656239748001101963e-01 4.614255030949910852e-01 4.560099045435586640e-01
4.709151188532509913e-01 4.517487684885660992e-01 4.526101748148599890e-01 4.725768168767297550e-01 4.660584131876631120e-01 4.650956789652508916e-01 4.743237495422366057e-01 4.707410335540770374e-01 4.627536932627362987e-01 4.819178183873493726e-01 4.709833463033040180e-01 4.575330813725786983e-01 4.760142167409259217e-01 4.514827330907187908e-01 4.643555084864295912e-01 4.689436356226603930e-01
4.606632391611734101e-01 4.577453931172689727e-01 4.510351419448849764e-01 4.717657566070559971e-01 4.586845636367796186e-01 4.721194903055829228e-01 4.747701485951739131e-01 4.633489847183226984e-01 4.731422265370684443e-01 4.804828564325970830e-01 4.596474568049112586e-01 4.661388397216795765e-01 4.673399527867637682e-01 4.636619091033932771e-01 4.497003555297852673e-01 4.641699790954589289e-01
4.708878199259438624e-01 4.548173745473227392e-01 4.591569900512693092e-01 4.670492808024086506e-01 4.632573922475178851e-01 4.645480314890544360e-01 4.619378646214804540e-01 4.648114045461018140e-01 4.648757775624590693e-01 4.882217645645143822e-01 4.643616676330568072e-01 4.648976325988771197e-01 4.717122316360476408e-01 4.649563630421953975e-01 4.629186789194744134e-01 4.648147026697793671e-01
4.686926205952965385e-01 4.552743434906001974e-01 4.575101931889850593e-01 4.722005526224773431e-01 4.624114433924358392e-01 4.690090417861942917e-01 4.682879845301311517e-01 4.668053388595578834e-01 4.630186557769771505e-01 4.826552470525101168e-01 4.682625134785963761e-01 4.640524387359619141e-01 4.759903748830160430e-01 4.610839684804282079e-01 4.595075050989785859e-01 4.635200500488281805e-01
4.643470843633016321e-01 4.525519609451293390e-01 4.658468961715698797e-01 4.717147350311273191e-01 4.619042873382566139e-01 4.650184710820511880e-01 4.690088828404744836e-01 4.673342307408651086e-01 4.693305889765418959e-01 4.867306550343826754e-01 4.642597436904907782e-01 4.562545617421470134e-01 4.720765749613439755e-01 4.623942772547400271e-01 4.562272628148394960e-01 4.693762063980101984e-01
4.647268056869508501e-01 4.566641648610433313e-01 4.527046680450440563e-01 4.735542535781859241e-01 4.583051602045693507e-01 4.733821551005047978e-01 4.722732305526728402e-01 4.621255000432332172e-01 4.691085418065386592e-01 4.863181114196779564e-01 4.664485851923624304e-01 4.575935999552409039e-01 4.608656962712603389e-01 4.592752854029337750e-01 4.596087535222369569e-01 4.660832881927493010e-01
4.725550810496012555e-01 4.564716021219889508e-01 4.580665429433185554e-01 4.721515576044714169e-01 4.653442303339638819e-01 4.645982980728152190e-01 4.769012133280439714e-01 4.659179449081423119e-01 4.721556901931760475e-01 4.832512537638345429e-01 4.643425544102988689e-01 4.680806795756023431e-01 4.721454779307044936e-01 4.609096447626751525e-01 4.569158951441449901e-01 4.594708681106566828e-01
4.673996766408284320e-01 4.621297121047972523e-01 4.636031389236452416e-01 4.753757317860917153e-01 4.645835955937701600e-01 4.656761487325032367e-01 4.698828061421710944e-01 4.589970509211224181e-01 4.648827314376833275e-01 4.873671929041542006e-01 4.701899290084837757e-01 4.551958243052163788e-01 4.739313125610351007e-01 4.655497868855795751e-01 4.579165776570637281e-01 4.528407255808510889e-01
4.678996801376343329e-01 4.628489414850867623e-01 4.636710484822592626e-01 4.774352709452310828e-01 4.640506108601889501e-01 4.679781595865885602e-01 4.711640675862628913e-01 4.708183209101357014e-01 4.635084072748820727e-01 4.824536244074504321e-01 4.702124198277789491e-01 4.671148856480922817e-01 4.707475105921423708e-01 4.563306570053102251e-01 4.555790821711221406e-01 4.654759565989177172e-01
4.658124049504598907e-01 4.579402208328242074e-01 4.521141052246094305e-01 4.690212011337275833e-01 4.613718589146926785e-01 4.742246071497600024e-01 4.702932039896649541e-01 4.670614798863727546e-01 4.704246918360386887e-01 4.875495036443075469e-01 4.759392738342287932e-01 4.669736226399743839e-01 4.736118714014685427e-01 4.637145598729454643e-01 4.559879700342813202e-01 4.635974168777472482e-01
4.691895246505737860e-01 4.649117787679032943e-01 4.529204765955608947e-01 4.682892163594561952e-01 4.612087408701578406e-01 4.637864430745433642e-01 4.687270720799765478e-01 4.628835916519166704e-01 4.694068829218544514e-01 4.741128683090209961e-01 4.592612981796259652e-01 4.633294741312660725e-01 4.778571526209512976e-01 4.625035921732587041e-01 4.636721213658649976e-01 4.652687708536784594e-01
4.753461678822836767e-01 4.543517827987669788e-01 4.631026188532512133e-01 4.705475568771361750e-01 4.682546854019163374e-01 4.643665154774984649e-01 4.694232145945232415e-01 4.657816886901850473e-01 4.661380052566527210e-01 4.865427414576212195e-01 4.642864068349198403e-01 4.648297627766924123e-01 4.694797595342000140e-01 4.637086788813272187e-01 4.509337743123369435e-01 4.595030943552659841e-01
4.693535168965653481e-01 4.535238345464069343e-01 4.552056392033898002e-01 4.765741825103758655e-01 4.615240891774495813e-01 4.593819379806517444e-01 4.693894386291501686e-01 4.707775115966794655e-01 4.733553330103554280e-01 4.796617031097412664e-01 4.701962073644002649e-01 4.600032965342203961e-01 4.703485965728758100e-01 4.671417077382403193e-01 4.565956195195517986e-01 4.634687503178913648e-01
4.697448015213014916e-01 4.641266663869224041e-01 4.698181947072350151e-01 4.690703550974530400e-01 4.670529762903852244e-01 4.692989190419514234e-01 4.738427003224687240e-01 4.690208435058595415e-01 4.688610235850010910e-01 4.855760733286540454e-01 4.659870068232218054e-01 4.617776075998940022e-01 4.638848304748534046e-01 4.586945374806724041e-01 4.574553171793619422e-01 4.618847767512003211e-01
4.665087064107258930e-01 4.611155986785890337e-01 4.571024974187213319e-01 4.709543387095136424e-01 4.584475755691528320e-01 4.658962885538741050e-01 4.746285676956175092e-01 4.643712043762205921e-01 4.715720415115360331e-01 4.826387166976934262e-01 4.670661687850953814e-01 4.610553582509359094e-01 4.649159510930377937e-01 4.659995237986248595e-01 4.619580904642742736e-01 4.643753767013545919e-01
4.671113093694050367e-01 4.503745237986251371e-01 4.663438399632774400e-01 4.685343106587730455e-01 4.632369677225747773e-01 4.703334967295330626e-01 4.685618480046588874e-01 4.683258533477784868e-01 4.709192514419553999e-01 4.806374311447143555e-01 4.558753569920855342e-01 4.575360616048176343e-01 4.758918285369873602e-01 4.718514283498129180e-01 4.585845470428465687e-01 4.619339307149253337e-01
4.621653159459436777e-01 4.578174750010172711e-01 4.606970548629760742e-01 4.730893770853681901e-01 4.617143869400021639e-01 4.717390934626262688e-01 4.653859933217364131e-01 4.797829389572139669e-01 4.646825790405276768e-01 4.835243622461948831e-01 4.680449565251668664e-01 4.623268842697144110e-01 4.741586844126381428e-01 4.625517527262371087e-01 4.627899726231894384e-01 4.665840069452923400e-01
4.642609357833862305e-01 4.517421722412108820e-01 4.646614789962771330e-01 4.721515973409019518e-01 4.604161183039351957e-01 4.641238848368324232e-01 4.752237002054850445e-01 4.652291933695473780e-01 4.718021154403685968e-01 4.748723904291790587e-01 4.739883740743003893e-01 4.688159624735511732e-01 4.636275370915731164e-01 4.612274964650467934e-01 4.568867286046349729e-01 4.683366616566977947e-01
4.734793504079178317e-01 4.601523478825887969e-01 4.617819786071776789e-01 4.691683848698935955e-01 4.655882517496747197e-01 4.686531225840251946e-01 4.723538160324095014e-01 4.682945013046263538e-01 4.654198487599688350e-01 4.774106740951537531e-01 4.611200491587320593e-01 4.598770141601559724e-01 4.727132320404056620e-01 4.634109338124595134e-01 4.608911673227944483e-01 4.641090234120687774e-01
4.677093426386517150e-01 4.523075819015504040e-01 4.535722335179647735e-01 4.739024241765338874e-01 4.682192802429200329e-01 4.654967784881590687e-01 4.809323151906333971e-01 4.559818506240840286e-01 4.728991587956745679e-01 4.775873819986977131e-01 4.587088425954181647e-01 4.638580083847042568e-01 4.743395646413164357e-01 4.551868438720701460e-01 4.605534076690678824e-01 4.630427360534665748e-01
4.678715070088703687e-01 4.517138799031573115e-01 4.598060448964431668e-01 4.737095832824708697e-01 4.602509737014767732e-01 4.676496585210163093e-01 4.723308881123860492e-01 4.613682031631470282e-01 4.710450967152911006e-01 4.748479127883910578e-01 4.685309727986654571e-01 4.628082513809201326e-01 4.745761950810749030e-01 4.535228808720904725e-01 4.600662787755328553e-01 4.576975107192994274e-01
4.667625824610394658e-01 4.559321006139122057e-01 4.586433172225951038e-01 4.754232168197632391e-01 4.691255887349446430e-01 4.740649859110515063e-01 4.685076077779133930e-01 4.791204929351802200e-01 4.719858566919961640e-01 4.796998898188270521e-01 4.672949711481728108e-01 4.607750972112024668e-01 4.676820039749142732e-01 4.580998420715328701e-01 4.597718715667721834e-01 4.666219949722291149e-01
4.632757902145384632e-01 4.614472786585487318e-01 4.638183911641435841e-01 4.737206697463989813e-01 4.567400614420569771e-01 4.622275829315184437e-01 4.658362865447994716e-01 4.690986474355062219e-01 4.627095858256022320e-01 4.841938416163129033e-01 4.672338167826337041e-01 4.636089404424033056e-01 4.801319440205892297e-01 4.722240765889488268e-01 4.639378388722740221e-01 4.674010276794433594e-01
4.679595629374188048e-01 4.569400946299234101e-01 4.643757740656532795e-01 4.631792306900021639e-01 4.629178841908768716e-01 4.593969186147052741e-01 4.693642854690552313e-01 4.639245271682737037e-01 4.613322416941323945e-01 4.759108622868852279e-01 4.651945034662882117e-01 4.656189282735186397e-01 4.776993989944459118e-01 4.598019123077392023e-01 4.492727518081668370e-01 4.728776613871252255e-01
4.688814481099444209e-01 4.594888289769492040e-01 4.596033493677779691e-01 4.680045445760091516e-01 4.655130704243980455e-01 4.683688879013060413e-01 4.715303182601924825e-01 4.631794293721517297e-01 4.702100356419884331e-01 4.806667566299433481e-01 4.743194977442426463e-01 4.623754421869913367e-01 4.788467884063717928e-01 4.619152148564658056e-01 4.575836261113487291e-01 4.630657434463499866e-01
4.660975933074952282e-01 4.656883478164676737e-01 4.640473922093710790e-01 4.688321352005006548e-01 4.564545551935830225e-01 4.605207840601603375e-01 4.641548395156862572e-01 4.679776827494301905e-01 4.634429613749185273e-01 4.758243163426719158e-01 4.627033869425454804e-01 4.585448106129963453e-01 4.719676971435545210e-01 4.656389156977328581e-01 4.674863417943320720e-01 4.708167314529416170e-01
4.642246564229329797e-01 4.582670529683430805e-01 4.584157466888429955e-01 4.731715520222984916e-01 4.627654155095416444e-01 4.701304038365683446e-01 4.726640780766808159e-01 4.595336914062498890e-01 4.736257791519167815e-01 4.777300755182900538e-01 4.632111390431719600e-01 4.632596572240200716e-01 4.692093531290685848e-01 4.600332578023275665e-01 4.620196819305419922e-01 4.650487502415974195e-01
