4.629467725753776408e-01 4.686896105607351037e-01 4.717514514923096258e-01 4.603340029716487258e-01
4.677323698997504220e-01 4.684036274751026130e-01 4.686657985051479458e-01 4.618881543477377782e-01
4.611137708028156812e-01 4.668369392553967656e-01 4.688238898913059671e-01 4.624073406060537073e-01
4.630564451217654143e-01 4.664607743422188868e-01 4.692423840363821874e-01 4.604855477809905451e-01
4.634182353814448319e-01 4.667832752068837854e-01 4.710016846656799316e-01 4.668029844760889779e-01
4.628936151663458065e-01 4.659113089243573924e-01 4.696418444315595409e-01 4.630888501803085422e-01
4.625454843044282671e-01 4.680378039677937640e-01 4.713052014509835352e-01 4.592647949854528622e-01
4.606657127539318108e-01 4.664812882741293243e-01 4.679761131604512348e-01 4.603646894296012371e-01
4.634987215201054056e-01 4.682009617487594699e-01 4.708355963230136387e-01 4.616145590941111432e-01
4.599821269512178734e-01 4.659480353196460145e-01 4.717111885547637939e-01 4.630849957466121603e-01
4.657826721668243963e-01 4.646900097529086948e-01 4.714334209760023819e-01 4.597423374652861994e-01
4.657198886076613364e-01 4.685701429843898702e-01 4.694138367970785986e-01 4.639017780621851328e-01
4.621385534604390832e-01 4.683067500591275301e-01 4.734395245711002786e-01 4.618071913719180022e-01
4.646259148915609649e-01 4.676238099733993625e-01 4.692962765693665106e-01 4.608328640460965242e-01
4.645734131336213268e-01 4.710517426331841118e-01 4.713654418786363820e-01 4.638637801011403772e-01
4.641496241092678554e-01 4.660041332244875822e-01 4.684903124968202714e-01 4.627167781194048701e-01
4.651109278202054109e-01 4.688417315483090486e-01 4.731285472710928808e-01 4.648315509160357295e-01
4.639444450537363318e-01 4.643061856428784551e-01 4.690067172050473299e-01 4.625605146090185360e-01
4.655914107958477044e-01 4.695176680882772735e-01 4.729321400324509317e-01 4.625404079755151554e-01
4.614239931106574044e-01 4.695140719413755659e-01 4.707428713639574269e-01 4.645797808965045905e-01
4.613955120245621933e-01 4.677273035049439032e-01 4.717278381188709235e-01 4.616681734720865515e-01
4.644623895486198473e-01 4.684533079465226790e-01 4.696885943412779651e-01 4.613443017005924296e-01
4.665114680926006896e-01 4.671167135238641355e-01 4.726518690586087867e-01 4.659276902675626442e-01
4.647678037484489488e-01 4.695417483647665313e-01 4.714887638886773313e-01 4.644947846730548280e-01
4.623553554217019190e-01 4.667128026485448111e-01 4.654103120168039953e-01 4.626001318295793197e-01
4.615811208883920380e-01 4.633385638395945416e-01 4.721654355525972679e-01 4.623303512732189202e-01
4.636315008004507354e-01 4.720283945401509973e-01 4.724421600500745555e-01 4.666812419891364638e-01
4.621119002501168360e-01 4.698038697242733486e-01 4.696729381879166110e-01 4.608927269776663116e-01
4.626072247823083128e-01 4.684309959411616653e-01 4.716063141822807725e-01 4.607892533143359004e-01
4.631516635417939898e-01 4.713202516237897099e-01 4.682947397232051778e-01 4.611476262410483806e-01
4.656670987606049139e-01 4.680295189221702068e-01 4.706398646036788480e-01 4.602971871693931627e-01
4.650459786256162520e-01 4.660245180130002662e-01 4.693869451681777494e-01 4.621066053708388632e-01
4.647988379001616321e-01 4.689650634924566464e-01 4.707735379536948650e-01 4.633662799994148762e-01
4.622265895207729458e-01 4.676317969957979326e-01 4.725112219651544931e-01 4.645859301090236593e-01
4.651104211807253197e-01 4.695803125699358205e-01 4.719519714514414099e-01 4.625376860300699500e-01
4.603885908921556136e-01 4.672414362430575285e-01 4.732289512952172483e-01 4.658129215240486842e-01
4.629516700903577031e-01 4.657806853453321794e-01 4.678139885266617837e-01 4.608713090419773173e-01
4.612390299638118862e-01 4.691740969816843854e-01 4.691248734792071162e-01 4.602667490641275116e-01
4.625804722309104777e-01 4.651674826939899976e-01 4.691519141197205700e-01 4.616456528504693235e-01
4.636070628960926587e-01 4.668271938959759892e-01 4.690413276354479799e-01 4.624062776565547872e-01
4.640923142433167059e-01 4.663043816884360759e-01 4.669326643149060985e-01 4.625975787639620140e-01
4.628880123297370863e-01 4.684926668802896765e-01 4.712057014306386127e-01 4.608860015869136739e-01
4.641243318716688493e-01 4.683192372322077524e-01 4.718774954477945038e-01 4.636958241462708630e-01
4.635718564192451430e-01 4.686574836572009461e-01 4.697116911411280404e-01 4.602092603842413698e-01
4.654784301916751743e-01 4.666802982489263729e-01 4.717385967572531591e-01 4.624724288781484893e-01
4.615076581637065356e-01 4.668895204861961967e-01 4.701566199461614248e-01 4.599062204360956363e-01
4.634490807851155969e-01 4.681099951267245762e-01 4.680288434028623823e-01 4.611688256263732355e-01
4.639574587345116075e-01 4.696047902107236549e-01 4.706365068753554648e-01 4.632284343242644709e-01
4.656074941158294123e-01 4.654334982236226215e-01 4.709381560484571239e-01 4.639656047026314845e-01
4.632715086142223937e-01 4.668814738591512969e-01 4.725398818651839750e-01 4.593661526838946352e-01
4.604972600936889093e-01 4.688697655995687774e-01 4.685969750086472763e-01 4.582312504450477553e-01
4.620916148026789072e-01 4.658217032750446296e-01 4.726245502630878059e-01 4.649581313133240301e-01
4.625330567359922651e-01 4.664594829082491234e-01 4.703431824843085085e-01 4.608930647373201128e-01
4.671858052412659057e-01 4.652765095233917791e-01 4.706509013970690547e-01 4.632019897301998812e-01
4.659654796123510745e-01 4.670811692873634291e-01 4.661227166652675002e-01 4.635774393876387345e-01
4.646736880143482185e-01 4.657927254835761977e-01 4.685889879862465413e-01 4.617920617262519789e-01
4.668975969155629846e-01 4.679942826430006364e-01 4.675326049327856448e-01 4.604044556617739592e-01
4.628060857454931454e-01 4.664379854996992258e-01 4.699940780798592677e-01 4.630587001641590095e-01
4.625849525133765572e-01 4.652875463167825409e-01 4.732039670149487121e-01 4.628023207187646482e-01
4.660679996013643023e-01 4.641875624656673360e-01 4.711588621139529698e-01 4.592441817124689463e-01
4.656192759672801995e-01 4.656486411889393384e-01 4.713542660077412183e-01 4.620846112569175768e-01
4.658276736736294832e-01 4.685365557670588266e-01 4.740048547585802852e-01 4.622523486614227850e-01
4.625074664751688269e-01 4.674360354741410872e-01 4.703436990578968024e-01 4.598519603411357348e-01
4.621344010035197680e-01 4.670020043849935631e-01 4.664349059263862007e-01 4.611484011014301276e-01
4.656557341416679985e-01 4.671789805094405112e-01 4.722655117511749268e-01 4.653065701325728720e-01
4.635988970597589853e-01 4.664505223433177972e-01 4.697073201338449189e-01 4.613102674484250709e-01
4.623463054498034297e-01 4.660103122393289277e-01 4.682347873846692821e-01 4.605712195237473550e-01
4.589959184328720743e-01 4.660128057003024016e-01 4.705561896165211255e-01 4.598546624183659226e-01
4.634544948736827874e-01 4.675629436969750974e-01 4.680421153704327764e-01 4.654538929462437857e-01
4.623031715552008980e-01 4.652300079663599375e-01 4.711567362149566285e-01 4.599141577879589105e-01
4.633776545524596058e-01 4.632388850053151819e-01 4.724415342013041363e-01 4.642481704552972599e-01
4.638468623161315918e-01 4.662010173002885671e-01 4.706870615482330877e-01 4.638356268405910976e-01
4.609554509321846516e-01 4.684761861960089480e-01 4.726330240567525598e-01 4.615294436613721074e-01
4.632695714632668604e-01 4.651644130547836764e-01 4.688919087251032791e-01 4.624335567156473981e-01
4.647423028945923407e-01 4.682593146959939112e-01 4.721155166625979338e-01 4.622024993101754298e-01
4.649472832679750756e-01 4.669646819432571316e-01 4.729327559471133702e-01 4.590357641379041453e-01
4.656943480173749150e-01 4.707721769809729562e-01 4.682600498199467887e-01 4.645955860614778832e-01
4.648372729619343890e-01 4.646224975585940831e-01 4.738251566886895749e-01 4.656245708465578947e-01
4.647741218407948072e-01 4.632050891717276464e-01 4.709701240062719174e-01 4.628829161326096231e-01
4.655797878901161702e-01 4.672137697537736556e-01 4.714672962824504321e-01 4.598882595698038367e-01
4.609458446502686657e-01 4.679866929848990886e-01 4.726268351078031227e-01 4.625659684340163169e-01
4.675558408101391783e-01 4.704380234082538581e-01 4.692541162172957359e-01 4.617761770884192263e-01
4.629920423030849941e-01 4.667641520500186436e-01 4.712815582752231114e-01 4.636137485504151501e-01
4.627640744050345312e-01 4.679414629936214931e-01 4.748249848683668284e-01 4.584824740886692673e-01
4.633590678373979976e-01 4.697388410568235639e-01 4.712293446064002578e-01 4.649364550908406390e-01
4.601357777913412384e-01 4.693164924780526825e-01 4.678823848565418220e-01 4.670069317022954025e-01
4.669682681560513027e-01 4.678996702035265742e-01 4.697386721769967188e-01 4.614993135134372593e-01
4.634332458178206937e-01 4.660972058773041327e-01 4.700032373269399932e-01 4.615407486756640809e-01
4.618715047836304266e-01 4.668036798636121532e-01 4.684980213642118696e-01 4.622757534186043848e-01
4.664713144302368164e-01 4.704236586888638771e-01 4.693668981393180895e-01 4.636159837245937831e-01
4.609226783116660564e-01 4.681184987227122729e-01 4.748148620128627151e-01 4.655454059441880288e-01
4.618036150932308681e-01 4.652109543482465526e-01 4.686861038208005592e-01 4.632409612337736182e-01
4.655630588531496916e-01 4.655794103940330553e-01 4.729096988836926641e-01 4.643360773722327584e-01
4.621903200944260659e-01 4.662530124187472258e-01 4.692184726397195527e-01 4.648878177007037538e-01
4.638468821843466650e-01 4.659462670485184366e-01 4.701496164004009271e-01 4.633848071098325971e-01
