4.688372611999510609e-01 4.516303539276124712e-01 4.547234376271568901e-01 4.701740344365437640e-01 4.661856889724729780e-01 4.675146341323849208e-01 4.753200610478715005e-01 4.625217914581299383e-01 4.768809874852498187e-01 4.836737314860030112e-01 4.775390227635698537e-01 4.619282881418868003e-01 4.676230748494467626e-01 4.630379676818850987e-01 4.587553739547729492e-01 4.641539255777995532e-01
4.646046956380203707e-01 4.569328625996908477e-01 4.641296068827313603e-01 4.719179471333818654e-01 4.640675783157349188e-01 4.674094120661418938e-01 4.724916617075600733e-01 4.687173763910928437e-01 4.641054073969520521e-01 4.824022849400843027e-01 4.780415296554567650e-01 4.573193391164143140e-01 4.784845113754274126e-01 4.650958776473999023e-01 4.597714742024742174e-01 4.665431976318360485e-01
4.740814367930099027e-01 4.604200522104901494e-01 4.590975443522132826e-01 4.797232548395791718e-01 4.643729527791340961e-01 4.631725152333576179e-01 4.694952567418410050e-01 4.675200382868447968e-01 4.637916882832842647e-01 4.780764182408654972e-01 4.824941158294677179e-01 4.674371480941772461e-01 4.678459962209061684e-01 4.586322704950969165e-01 4.581245183944704369e-01 4.652951955795289751e-01
4.610679149627688322e-01 4.531592925389613669e-01 4.700100421905515913e-01 4.656365315119421755e-01 4.619565010070799671e-01 4.650315046310419254e-01 4.748531977335617715e-01 4.673101107279459265e-01 4.736196200052897876e-01 4.940691391626991780e-01 4.714685678482049003e-01 4.620476166407266883e-01 4.662017424901326867e-01 4.525651931762696423e-01 4.532556136449178985e-01 4.633786678314213425e-01
4.643430312474568500e-01 4.626713991165161688e-01 4.609830379486083429e-01 4.667565027872724870e-01 4.661993185679121909e-01 4.651561578114830620e-01 4.758198261260985218e-01 4.693150917689002943e-01 4.717404445012408076e-01 4.902923107147212911e-01 4.744037389755247358e-01 4.586344559987385883e-01 4.683014949162799812e-01 4.651970863342284046e-01 4.565138022104900939e-01 4.651893774668383053e-01
4.675414959589641595e-01 4.548862377802527779e-01 4.617228905359904712e-01 4.730936686197917407e-01 4.595632553100583162e-01 4.713093837102254602e-01 4.715272982915243438e-01 4.646402994791664631e-01 4.682886203130087188e-01 4.754956563313804119e-01 4.818597237269084399e-01 4.660770893096921053e-01 4.673464298248292681e-01 4.643079439798993291e-01 4.545409282048545330e-01 4.670789639155066841e-01
4.673390388488770086e-01 4.538704951604204951e-01 4.608744780222576720e-01 4.680340290069579523e-01 4.622791210810341389e-01 4.641494750976561390e-01 4.674026966094972368e-01 4.689227342605590820e-01 4.643781582514448503e-01 4.862743616104125977e-01 4.740143219629923688e-01 4.666393597920730496e-01 4.705904722213746227e-01 4.653993050257363984e-01 4.589332342147823263e-01 4.590442577997846385e-01
4.670899709065757799e-01 4.624267021814983392e-01 4.543503125508623897e-01 4.755017757415772595e-01 4.653195142745973345e-01 4.678331216176350726e-01 4.767919381459551631e-01 4.655865430831909180e-01 4.662783145904541016e-01 4.807666142781579777e-01 4.733553727467857408e-01 4.565623203913372619e-01 4.737920761108400658e-01 4.612911542256669106e-01 4.519265890121461626e-01 4.623855352401733398e-01
4.635013739267984656e-01 4.554856618245443078e-01 4.621660709381102961e-01 4.658876657485961359e-01 4.668062130610148297e-01 4.676152467727665019e-01 4.726690053939819891e-01 4.623427391052252200e-01 4.697524706522625548e-01 4.828003247578936952e-01 4.772350788116455633e-01 4.583685398101805530e-01 4.752168258031211900e-01 4.694782495498656116e-01 4.555847247441606185e-01 4.609179099400841362e-01
4.664990901947022595e-01 4.546998341878251138e-01 4.563577175140381970e-01 4.738174676895141046e-01 4.652051130930579537e-01 4.700760444005332439e-01 4.707405169804891321e-01 4.689801931381228917e-01 4.641653696695960951e-01 4.792462984720870511e-01 4.707942803700764234e-01 4.610929091771441835e-01 4.680521885553996508e-01 4.689253171284994415e-01 4.513233900070192650e-01 4.609961907068879094e-01
4.671082099278768829e-01 4.472284317016602118e-01 4.595350027084351696e-01 4.758112430572504770e-01 4.589574734369912257e-01 4.711409409840900397e-01 4.848982493082680811e-01 4.666315317153926223e-01 4.723980426788333409e-01 4.806379477183023163e-01 4.688818852106728663e-01 4.618581533432008501e-01 4.745974938074748462e-01 4.566344022750852827e-01 4.576932191848752107e-01 4.652663866678869997e-01
4.710215330123900812e-01 4.546643892923988850e-01 4.694057305653887013e-01 4.760027329126993445e-01 4.631460110346478087e-01 4.696149826049803022e-01 4.787036975224814306e-01 4.613017638524372077e-01 4.664543867111201059e-01 4.817057847976683460e-01 4.827715158462516643e-01 4.586673974990842506e-01 4.697213172912597656e-01 4.646319945653284433e-01 4.577638705571489552e-01 4.654084444046019953e-01
4.609650373458865080e-01 4.584444363911946985e-01 4.555259148279824921e-01 4.747884670893350312e-01 4.573876063028972649e-01 4.686294396718344024e-01 4.850380818049114251e-01 4.750506083170575877e-01 4.722191492716468764e-01 4.822318553924556661e-01 4.687853654225663802e-01 4.608283440272016307e-01 4.723141590754186825e-01 4.657661517461139655e-01 4.545508623123171721e-01 4.728590250015259344e-01
4.696350097656254996e-01 4.552751779556276635e-01 4.569195906321212863e-01 4.672851165135697427e-01 4.702984491984051330e-01 4.652312994003294788e-01 4.840749502182003505e-01 4.668161074320474335e-01 4.726440906524653762e-01 4.847075144449875528e-01 4.737805922826127114e-01 4.607081413269042414e-01 4.695028861363722550e-01 4.651672442754110626e-01 4.531683127085371354e-01 4.622599283854163521e-01
4.692146778106686678e-01 4.534824291865029999e-01 4.583206176757815831e-01 4.669746160507201593e-01 4.583110809326172430e-01 4.642533063888550360e-01 4.748762448628746635e-01 4.736784696578975051e-01 4.614888429641721412e-01 4.812938769658409166e-01 4.707947969436646063e-01 4.582269589106240382e-01 4.731651544570922296e-01 4.684073527654010194e-01 4.521385431289675072e-01 4.640028079350792534e-01
4.618785778681434584e-01 4.527931610743205493e-01 4.612259070078536527e-01 4.761426051457720576e-01 4.665817419687910972e-01 4.548381567001344439e-01 4.770346879959109221e-01 4.653402964274090947e-01 4.711415370305380157e-01 4.784529606501263244e-01 4.675694704055783357e-01 4.610098600387569356e-01 4.675113360087077008e-01 4.612498283386227693e-01 4.601267576217651922e-01 4.641108115514118726e-01
4.660830895105999017e-01 4.574256340662637421e-01 4.609304269154869682e-01 4.709394375483190731e-01 4.649216334025065844e-01 4.662991762161254883e-01 4.702380100886028869e-01 4.716627995173134913e-01 4.645339647928874993e-01 4.809960921605428985e-01 4.800630807876583028e-01 4.559326966603601816e-01 4.627371629079182758e-01 4.648336569468177193e-01 4.592914581298829790e-01 4.570314884185793236e-01
4.657759269078569631e-01 4.548314015070596961e-01 4.572225809097291149e-01 4.658255179723099770e-01 4.586411317189534875e-01 4.740731716156003084e-01 4.772879679997761859e-01 4.622289737065636839e-01 4.645468791325884639e-01 4.912126461664835797e-01 4.737454255421953420e-01 4.560989936192832439e-01 4.700234333674110920e-01 4.618693590164189011e-01 4.541121721267695199e-01 4.670322736104332018e-01
4.686888058980305249e-01 4.560331503550208998e-01 4.580146074295040060e-01 4.717642466227213727e-01 4.641648928324383916e-01 4.610647757848103656e-01 4.738252957661950870e-01 4.709962606430052601e-01 4.671175082524620659e-01 4.866873025894167260e-01 4.716405471165975860e-01 4.657369852066039484e-01 4.677370389302574205e-01 4.577988386154173139e-01 4.577217499415079383e-01 4.655744632085164203e-01
4.624190727869669781e-01 4.634573459625245806e-01 4.619336922963460101e-01 4.670965274175008508e-01 4.607506195704141327e-01 4.629573424657185687e-01 4.757350683212278053e-01 4.601008494695030815e-01 4.568596283594768548e-01 4.824139674504596687e-01 4.756313562393195138e-01 4.602226416269937226e-01 4.613739252090456322e-01 4.592193762461341255e-01 4.588354031244914477e-01 4.633438984553019391e-01
4.649820327758786287e-01 4.621127446492511170e-01 4.539007345835369689e-01 4.737068017323808333e-01 4.618471066157019411e-01 4.684195121129353101e-01 4.721395572026573229e-01 4.608753522237145073e-01 4.727564255396524140e-01 4.827906688054403594e-01 4.762635628382373421e-01 4.591646591822307055e-01 4.802651405334472656e-01 4.590251048405964984e-01 4.610183636347455205e-01 4.585827191670737712e-01
4.739774068196613843e-01 4.556931257247924250e-01 4.597828388214107997e-01 4.694885412851970696e-01 4.643557469050088593e-01 4.668223460515338319e-01 4.706352551778156257e-01 4.737507899602252937e-01 4.699000120162964977e-01 4.852280616760256127e-01 4.769248167673750816e-01 4.643557866414385060e-01 4.727483987808229204e-01 4.605386654535932878e-01 4.611024459203082460e-01 4.587509234746295350e-01
4.703038930892945446e-01 4.605578184127804842e-01 4.529190460840865073e-01 4.733133316040044059e-01 4.608760277430219432e-01 4.681615034739177728e-01 4.745646715164187901e-01 4.630384445190429132e-01 4.692973693211873742e-01 4.777764876683550099e-01 4.650538365046183453e-01 4.625320831934610633e-01 4.621301492055253646e-01 4.606898228327430678e-01 4.557804663976031678e-01 4.659859339396157929e-01
4.656670093536379729e-01 4.615748325983685674e-01 4.513541062672934978e-01 4.736756086349491190e-01 4.598074356714888511e-01 4.674723943074545196e-01 4.757965803146358419e-01 4.691151380538940430e-01 4.665053685506186376e-01 4.831961393356320467e-01 4.665011564890541029e-01 4.724544286727904718e-01 4.780454238255819610e-01 4.532516797383625007e-01 4.504244327545166016e-01 4.684737523396808045e-01
4.562751054763793945e-01 4.599887530008949232e-01 4.567039807637527926e-01 4.645897547403977645e-01 4.668689568837482984e-01 4.719607432683309844e-01 4.765046040217079115e-01 4.701490799585981151e-01 4.690066576004029431e-01 4.778333902359008234e-01 4.792406161626178163e-01 4.591092665990195165e-01 4.650321801503500829e-01 4.601291020711263946e-01 4.599580764770510033e-01 4.634504715601603375e-01
4.642210404078166985e-01 4.523750543594360907e-01 4.589389562606811523e-01 4.714772701263428845e-01 4.547395308812464676e-01 4.696139494578044915e-01 4.785952568054200884e-01 4.648477633794149133e-01 4.688588778177897876e-01 4.796228408813478783e-01 4.802725712458293938e-01 4.533412853876745419e-01 4.725823799769085509e-01 4.568973779678348057e-01 4.562698205312096800e-01 4.595606724421181233e-01
4.700089693069457453e-01 4.606642723083491653e-01 4.654874006907143147e-01 4.741357962290445593e-01 4.639252026875818058e-01 4.572677612304686390e-01 4.819780985514322547e-01 4.689453442891439172e-01 4.671365420023604331e-01 4.818623860677084259e-01 4.725448290506996663e-01 4.550220966339112993e-01 4.716404676437381260e-01 4.602152903874711654e-01 4.551465908686320172e-01 4.636880556742351556e-01
4.673733711242674116e-01 4.530441363652547571e-01 4.570929606755576580e-01 4.626843531926476127e-01 4.613817532857260595e-01 4.680934747060132572e-01 4.768602848052975740e-01 4.636256694793705058e-01 4.690816005070998496e-01 4.802150726318359930e-01 4.648596843083702135e-01 4.503125747044885996e-01 4.666227499643964549e-01 4.690262476603189179e-01 4.528127511342367462e-01 4.613926808039348071e-01
4.669802188873288240e-01 4.499979813893634217e-01 4.588063160578408350e-01 4.671506881713866077e-01 4.628086884816487445e-01 4.711646238962808875e-01 4.780419667561845998e-01 4.666081666946411688e-01 4.694517850875852827e-01 4.868296782175698945e-01 4.790890216827388692e-01 4.587418635686240087e-01 4.753594398498532381e-01 4.544485012690225312e-01 4.586622714996336780e-01 4.674227237701412685e-01
4.674570560455324486e-01 4.604874451955155434e-01 4.602366288503019209e-01 4.699424107869468736e-01 4.592160383860272033e-01 4.710597991943359375e-01 4.759644667307538768e-01 4.671272039413448818e-01 4.750798940658569336e-01 4.867205619812010053e-01 4.758371114730834961e-01 4.591425259908037404e-01 4.727451006571448677e-01 4.695962270100911273e-01 4.600205818812050929e-01 4.658263921737667568e-01
4.669599533081054132e-01 4.555783271789551891e-01 4.579571485519406959e-01 4.720613559087115663e-01 4.589760700861615916e-01 4.631896018981932484e-01 4.712342818578083015e-01 4.627953767776490923e-01 4.734686215718588165e-01 4.824600617090863408e-01 4.845304091771437394e-01 4.613349437713624712e-01 4.715957244237266033e-01 4.651097456614178838e-01 4.539539813995359663e-01 4.635684490203856867e-01
4.724566141764328653e-01 4.583025376001989004e-01 4.677130778630575469e-01 4.762885173161823249e-01 4.544016917546592205e-01 4.669284025828049911e-01 4.770855108896892571e-01 4.676617383956913621e-01 4.635755618413290868e-01 4.794759750366210938e-01 4.767599105834962048e-01 4.580787817637126946e-01 4.720791180928542441e-01 4.677094221115117301e-01 4.572891791661581884e-01 4.705221255620318788e-01
4.655435085296628084e-01 4.580677747726439875e-01 4.650161266326904852e-01 4.656983216603599041e-01 4.654377301534016187e-01 4.689710934956864419e-01 4.723187685012816273e-01 4.664374987284342078e-01 4.681319395701088459e-01 4.774304231007892585e-01 4.794515768686928303e-01 4.687961339950560413e-01 4.761054913202922845e-01 4.554920991261794949e-01 4.618810415267943226e-01 4.633740186691283069e-01
4.700387318929037939e-01 4.644997517267860920e-01 4.574075539906817256e-01 4.742788473765057189e-01 4.613609313964844305e-01 4.676121473312377375e-01 4.789118766784665193e-01 4.640783468882244134e-01 4.636394182840981038e-01 4.824914137522376412e-01 4.830092986424761592e-01 4.627900918324790447e-01 4.670246442159013411e-01 4.682499170303349723e-01 4.589567184448242188e-01 4.701684315999344332e-01
4.563439687093100994e-01 4.618191321690876538e-01 4.547521670659379067e-01 4.783455928166708282e-01 4.617926279703777892e-01 4.766242504119874712e-01 4.769545396169029283e-01 4.667679866154982871e-01 4.685415824254350325e-01 4.816284577051799243e-01 4.705453713734943366e-01 4.592452843983967359e-01 4.729957183202107562e-01 4.627770980199176210e-01 4.634583791097003358e-01 4.625018040339150538e-01
4.647906621297198115e-01 4.514497915903727954e-01 4.642697970072433011e-01 4.764118989308674945e-01 4.674690961837768000e-01 4.623810450236005010e-01 4.793517192204793109e-01 4.732268651326494990e-01 4.686714013417566660e-01 4.752686421076458001e-01 4.727565447489419093e-01 4.639745155970255164e-01 4.702434539794920765e-01 4.649112224578855757e-01 4.549728234608970689e-01 4.621419509251911695e-01
4.666774272918706723e-01 4.582662582397461493e-01 4.556072155634562360e-01 4.703789949417113703e-01 4.659125804901124157e-01 4.684921105702719579e-01 4.643405675888064299e-01 4.671442111333208302e-01 4.658239682515463720e-01 4.906225204467771772e-01 4.763910373051959413e-01 4.658178488413491358e-01 4.764153560002644117e-01 4.562128384908045176e-01 4.571605523427329509e-01 4.622289737065634063e-01
4.671683311462408450e-01 4.521781603495285129e-01 4.578845500946044922e-01 4.731052716573079797e-01 4.587720235188797457e-01 4.675492445627846272e-01 4.704117774963386678e-01 4.582703908284504468e-01 4.710458119710287384e-01 4.789736270904536020e-01 4.696085850397747063e-01 4.570776224136353649e-01 4.707824389139810273e-01 4.701595306396487706e-01 4.574771324793496796e-01 4.620505174001058868e-01
4.619642496109009344e-01 4.552634159723922269e-01 4.566382567087811095e-01 4.722895622253417969e-01 4.654226303100584827e-01 4.662217696507770515e-01 4.800064166386922571e-01 4.712156852086384351e-01 4.637961784998573256e-01 4.788947900136309999e-01 4.710379441579183313e-01 4.636056820551553992e-01 4.676967859268189032e-01 4.698059956232711332e-01 4.541722536087033912e-01 4.640051921208701025e-01
4.687755107879637007e-01 4.585951964060461794e-01 4.567236105600991358e-01 4.844068686167399274e-01 4.543844064076742462e-01 4.671453634897868024e-01 4.724527994791665741e-01 4.653372764587403454e-01 4.715848366419477800e-01 4.842779636383053865e-01 4.715560674667358398e-01 4.530405998229981579e-01 4.719490210215252501e-01 4.643755356470745665e-01 4.570031166076659601e-01 4.629739522933956075e-01
4.698793888092038240e-01 4.594433307647705633e-01 4.625693162282309978e-01 4.725755453109742876e-01 4.584350983301800908e-01 4.625243743260700757e-01 4.769642750422156130e-01 4.619820515314734810e-01 4.690489768981929708e-01 4.786867300669356839e-01 4.754041433334350586e-01 4.572544495264690423e-01 4.691446224848433433e-01 4.592458804448446563e-01 4.605197509129844713e-01 4.572909673055015611e-01
4.679931004842119435e-01 4.607517321904501806e-01 4.667154153188071697e-01 4.679260651270546467e-01 4.578381776809693493e-01 4.644068082173667955e-01 4.764283498128254468e-01 4.675347805023193359e-01 4.639477729797364947e-01 4.848876794179279304e-01 4.770448605219521632e-01 4.624923865000404866e-01 4.777684211730957031e-01 4.644132852554322399e-01 4.528886079788209118e-01 4.637704690297442811e-01
4.613862435022989539e-01 4.564553896586099335e-01 4.590804974238076319e-01 4.719409147898354639e-01 4.570262432098388117e-01 4.657204151153564453e-01 4.709425369898475600e-01 4.657733043034869014e-01 4.623591899871830613e-01 4.848656256993612024e-01 4.782368739446004047e-01 4.631648858388264234e-01 4.722348848978680791e-01 4.599930445353192510e-01 4.607412417729696008e-01 4.666282733281453265e-01
4.640424251556397039e-01 4.587427377700806219e-01 4.608255624771117054e-01 4.756118853886920905e-01 4.645354747772218462e-01 4.680964549382526374e-01 4.781900246938069476e-01 4.669445753097536955e-01 4.686131079991657788e-01 4.804051717122396759e-01 4.659075339635210811e-01 4.681267340977987579e-01 4.653249979019167260e-01 4.635942379633581911e-01 4.596691528956092232e-01 4.599805672963455661e-01
4.749781688054401929e-01 4.591832558314005719e-01 4.616244236628214148e-01 4.700120290120446409e-01 4.609619379043578546e-01 4.716055790583291163e-01 4.752420981725057891e-01 4.731124242146808601e-01 4.658999443054198109e-01 4.777452150980635026e-01 4.784493843714400230e-01 4.583639303843177748e-01 4.680337905883790173e-01 4.654607375462849750e-01 4.532254934310912531e-01 4.560586214065553423e-01
4.616278012593588720e-01 4.504006306330358145e-01 4.614607493082679146e-01 4.718441168467207292e-01 4.698413213094079777e-01 4.719983736673989405e-01 4.754232565561926638e-01 4.646603266398114385e-01 4.710632562637329102e-01 4.860432545344035571e-01 4.842440684636436510e-01 4.637566407521565015e-01 4.736531178156533350e-01 4.600463310877486167e-01 4.551504453023271224e-01 4.667495091756188597e-01
4.594594240188596412e-01 4.596687555313111462e-01 4.560779333114627354e-01 4.748339653015143380e-01 4.622425635655725285e-01 4.725930293401081062e-01 4.748454888661705064e-01 4.595535596211752782e-01 4.617685079574588292e-01 4.787842035293576881e-01 4.786463578542075603e-01 4.582666953404748167e-01 4.675164222717284601e-01 4.592007795969644257e-01 4.653913180033368291e-01 4.605683485666911547e-01
4.626255432764687647e-01 4.619911114374792294e-01 4.624508221944169661e-01 4.709061781565349603e-01 4.616171916325886304e-01 4.621736605962113442e-01 4.817531108856208943e-01 4.668176571528115382e-01 4.684089819590245840e-01 4.756690661112466523e-01 4.731552600860596258e-01 4.626297553380335215e-01 4.710391759872435968e-01 4.619491895039880558e-01 4.569780031840002810e-01 4.664673010508218476e-01
4.686394929885859817e-01 4.609363476435336948e-01 4.655678669611612586e-01 4.639707406361897601e-01 4.602369467417400384e-01 4.801857074101765210e-01 4.732461770375567811e-01 4.699038664499918250e-01 4.603426456451411575e-01 4.808744986852009351e-01 4.617329041163124592e-01 4.650840759277339309e-01 4.698266983032227118e-01 4.626678228378293678e-01 4.601125717163084827e-01 4.593135118484498181e-01
4.646506309509277344e-01 4.582647482554118024e-01 4.560217459996539491e-01 4.756246407826741907e-01 4.649397929509479499e-01 4.749576648076369589e-01 4.671424229939783457e-01 4.641464948654170364e-01 4.684375127156578111e-01 4.810282389322920737e-01 4.732174475987754869e-01 4.590803384780885454e-01 4.687767823537190570e-01 4.603672027587887294e-01 4.643656810124713874e-01 4.644875129063919528e-01
4.641778071721402998e-01 4.560437202453617722e-01 4.584370851516720302e-01 4.766455094019569350e-01 4.654802481333414343e-01 4.713397820790607429e-01 4.740722179412842352e-01 4.696860710779826587e-01 4.645223617553708162e-01 4.774289925893147046e-01 4.744130770365400651e-01 4.716252485911051062e-01 4.710370302200319048e-01 4.558680852254228810e-01 4.514500300089517304e-01 4.700827995936074921e-01
4.667151769002279016e-01 4.569412867228190844e-01 4.642773469289143695e-01 4.613016446431479345e-01 4.711964925130212034e-01 4.696817795435588305e-01 4.802587827046712055e-01 4.625829855600995799e-01 4.672961632410687627e-01 4.831651846567787123e-01 4.707324504852291591e-01 4.616850614547729492e-01 4.756532112757365649e-01 4.630185763041180236e-01 4.553129275639853368e-01 4.618045488993325343e-01
4.578981399536133923e-01 4.512651761372882819e-01 4.580468336741133628e-01 4.724125862121583697e-01 4.657367070515945895e-01 4.579000870386760735e-01 4.801979859670004180e-01 4.672131141026812928e-01 4.692680835723876398e-01 4.826521873474117763e-01 4.641592502593993030e-01 4.640106360117600692e-01 4.719647963841756000e-01 4.636886517206828540e-01 4.515057007471724448e-01 4.567110538482663795e-01
4.584377209345501525e-01 4.477641185124716094e-01 4.570926825205489652e-01 4.758018255233767424e-01 4.619928598403935660e-01 4.693385759989421313e-01 4.731464783350629033e-01 4.646223386128742749e-01 4.708146651585900511e-01 4.824586709340416557e-01 4.797242879867556486e-01 4.669745365778606994e-01 4.684029817581178978e-01 4.608229001363122745e-01 4.603888988494873602e-01 4.601045052210488984e-01
4.682496388753254468e-01 4.572621981302895655e-01 4.585782289505002662e-01 4.713265498479205506e-01 4.622606039047240101e-01 4.669134616851803865e-01 4.819183746973669802e-01 4.645063877105713446e-01 4.658318758010861482e-01 4.842901627222696570e-01 4.699991544087724349e-01 4.660727977752683882e-01 4.747627178827925065e-01 4.613058567047116920e-01 4.598121643066408470e-01 4.627465804417928985e-01
4.607870578765873026e-01 4.492102464040120813e-01 4.555603663126629455e-01 4.647628068923947975e-01 4.676379362742109080e-01 4.734084208806349503e-01 4.751919110616047992e-01 4.693365097045903434e-01 4.684027433395387408e-01 4.884455998738610472e-01 4.708810647328692256e-01 4.528439044952392023e-01 4.676313797632856151e-01 4.674197038014725747e-01 4.523321787516274561e-01 4.628899892171219888e-01
4.729202191034949099e-01 4.543463786443072694e-01 4.585970640182492897e-01 4.692778984705606726e-01 4.631780783335373020e-01 4.692548116048173013e-01 4.853922923405963319e-01 4.624512195587159313e-01 4.705439805984495405e-01 4.844767252604166852e-01 4.644044637680057042e-01 4.622872670491537939e-01 4.731242656707770888e-01 4.638688564300536554e-01 4.545421600341800206e-01 4.625883102416994408e-01
4.688257773717249277e-01 4.546910524368285578e-01 4.607803821563724589e-01 4.657291968663535009e-01 4.650181531906124599e-01 4.717968702316283625e-01 4.840798775355018013e-01 4.627176920572916852e-01 4.675720135370892150e-01 4.838974475860598479e-01 4.676690498987833844e-01 4.554653167724608820e-01 4.718567927678419260e-01 4.659091631571453118e-01 4.569553931554160009e-01 4.657964706420893997e-01
4.666006167729694898e-01 4.581048488616941694e-01 4.506127834320066694e-01 4.693470398585000147e-01 4.668914874394737291e-01 4.650300741195678711e-01 4.697895447413127923e-01 4.713942607243853944e-01 4.731105168660477700e-01 4.848283131917318634e-01 4.692476590474445319e-01 4.630905787150066955e-01 4.728835026423137688e-01 4.543819824854531397e-01 4.630757570266719192e-01 4.660259087880455064e-01
4.635964632034301758e-01 4.530920584996540601e-01 4.611815611521399294e-01 4.722364346186316286e-01 4.624560674031578666e-01 4.598344564437869542e-01 4.786257743835449219e-01 4.631389776865642571e-01 4.724233547846479753e-01 4.809169769287111040e-01 4.697617292404175360e-01 4.672346909840899287e-01 4.723244110743206603e-01 4.648193915685017719e-01 4.593528111775717071e-01 4.698160489400223794e-01
4.604555765787760047e-01 4.543394645055132131e-01 4.620143175125119295e-01 4.668977657953898297e-01 4.659025669097900391e-01 4.588870207468666584e-01 4.808586835861207165e-01 4.636565049489340118e-01 4.677891333897906123e-01 4.831313689549766033e-01 4.784476757049560547e-01 4.698473612467450322e-01 4.742712974548338734e-01 4.573043584823609509e-01 4.589198827743531939e-01 4.590646028518675092e-01
4.680641889572143555e-01 4.573736985524494147e-01 4.657641251881916022e-01 4.717661539713541852e-01 4.625823497772215687e-01 4.706480105717978923e-01 4.731952349344894504e-01 4.655040899912518126e-01 4.701368014017743846e-01 4.868984222412109375e-01 4.778636693954465553e-01 4.668500423431394264e-01 4.676171541213985927e-01 4.694348573684690162e-01 4.540599584579464998e-01 4.614795049031574781e-01
4.684616327285772153e-01 4.577636321385698537e-01 4.621829986572265625e-01 4.717768033345540180e-01 4.599589109420773592e-01 4.637267589569094017e-01 4.750633239746092640e-01 4.663825035095209848e-01 4.683985710144043524e-01 4.827576875686646063e-01 4.708054065704348479e-01 4.582766294479369007e-01 4.615886608759561249e-01 4.616046746571856318e-01 4.560767412185668945e-01 4.673966964085896070e-01
4.686619043350216396e-01 4.524062474568683045e-01 4.621985753377279571e-01 4.705832004547121361e-01 4.636051654815670497e-01 4.710795879364017003e-01 4.812388817469281377e-01 4.675843318303424256e-01 4.666142463684081476e-01 4.849158128102619147e-01 4.653782049814861876e-01 4.645875295003256689e-01 4.780579408009847375e-01 4.662255048751827724e-01 4.501326878865558601e-01 4.621806542078658597e-01
4.628202517827349483e-01 4.564191102981566273e-01 4.665782848993937360e-01 4.730335076649984094e-01 4.739336570103963586e-01 4.714915752410888117e-01 4.853279193242386880e-01 4.569183190663658189e-01 4.648263454437255304e-01 4.808242718378702429e-01 4.700166781743368438e-01 4.617980718612673674e-01 4.726750055948893969e-01 4.584846893946331048e-01 4.597622950871781411e-01 4.594236612319948510e-01
4.657786289850874284e-01 4.619120756785073389e-01 4.559644460678100031e-01 4.734086990356448643e-01 4.701486428578696142e-01 4.616495768229161301e-01 4.841955105463666698e-01 4.761010408401488148e-01 4.750118255615232155e-01 4.792437950770057076e-01 4.720567464828488435e-01 4.618070125579833984e-01 4.671473105748494836e-01 4.610763788223268822e-01 4.517126083374024548e-01 4.702060222625731312e-01
4.740744431813557203e-01 4.507292509078977827e-01 4.532604217529299651e-01 4.730098644892377080e-01 4.654597441355387555e-01 4.738506078720089998e-01 4.822861353556311959e-01 4.632916847864785304e-01 4.745614926020305102e-01 4.811892112096149421e-01 4.783371289571123897e-01 4.606333573659263103e-01 4.714430173238121635e-01 4.607302745183307069e-01 4.605161746342973372e-01 4.614943265914916437e-01
4.628780682881671327e-01 4.508292277654012969e-01 4.547514915466308039e-01 4.748282829920451587e-01 4.648511807123815731e-01 4.593565066655477258e-01 4.756950537363689446e-01 4.693679412206013812e-01 4.638815720876057203e-01 4.803630908330285276e-01 4.737836519877113850e-01 4.651432832082113555e-01 4.725969235102334687e-01 4.643893639246622351e-01 4.606247345606478971e-01 4.587074518203739792e-01
4.662346045176187226e-01 4.535738229751586914e-01 4.535383780797325737e-01 4.731355508168538782e-01 4.590725898742680222e-01 4.552249511082963052e-01 4.640741745630903026e-01 4.697658220926918538e-01 4.715905586878457734e-01 4.934474627176921868e-01 4.652717510859166739e-01 4.553920427958169648e-01 4.786321719487510173e-01 4.563273588816325610e-01 4.644458293914794922e-01 4.604478677113852947e-01
4.644774198532106158e-01 4.607720375061035711e-01 4.660976727803551878e-01 4.694229761759440844e-01 4.621569315592445326e-01 4.671653906504311116e-01 4.855844577153521358e-01 4.701757431030277323e-01 4.644698699315386592e-01 4.853743314743041437e-01 4.777992566426600418e-01 4.693712393442789343e-01 4.691312313079833429e-01 4.593445857365924812e-01 4.550717671712237733e-01 4.736431042353310694e-01
4.656286636988318794e-01 4.584590196609495960e-01 4.633518457412718061e-01 4.625324408213299376e-01 4.597216447194414357e-01 4.695644776026410838e-01 4.714661836624143842e-01 4.688561360041295090e-01 4.721783399581910845e-01 4.757611751556395929e-01 4.743528763453166985e-01 4.593359231948859200e-01 4.666998386383053865e-01 4.634926716486607590e-01 4.489569664001464844e-01 4.567578633626304119e-01
4.622832536697388806e-01 4.543661276499428858e-01 4.655451377232869836e-01 4.740150372187294514e-01 4.571102460225426323e-01 4.679352045059207432e-01 4.842885732650757946e-01 4.677580595016476717e-01 4.661219120025631435e-01 4.800296227137246241e-01 4.621975421905519799e-01 4.619208574295046166e-01 4.670451879501344439e-01 4.581618706385295892e-01 4.611981709798173013e-01 4.603665272394816821e-01
4.703675508499142177e-01 4.567629098892212469e-01 4.656072457631429407e-01 4.665553569793695621e-01 4.635562101999917139e-01 4.670654535293577991e-01 4.720028638839723345e-01 4.687767028808593750e-01 4.696664810180661287e-01 4.791932106018070847e-01 4.723732868830365916e-01 4.686512549718221399e-01 4.680866400400796601e-01 4.698075056076049250e-01 4.606741269429520669e-01 4.577696720759072413e-01
4.633216857910154585e-01 4.613518317540482583e-01 4.636985460917147917e-01 4.719287951787313751e-01 4.625517924626669219e-01 4.749934275945026929e-01 4.752193291982014234e-01 4.587961037953692811e-01 4.649559656778969874e-01 4.829759597778317537e-01 4.750622908274333978e-01 4.601155916849768435e-01 4.768885771433515885e-01 4.652069409688314172e-01 4.602051973342894953e-01 4.553822676340737452e-01
4.677802721659343743e-01 4.619760910669965526e-01 4.639475345611568935e-01 4.749257167180380157e-01 4.626653591791790032e-01 4.666889111200970830e-01 4.797671238581336373e-01 4.703897635142008093e-01 4.682401816050210108e-01 4.781415859858193507e-01 4.685282707214354914e-01 4.631422758102416437e-01 4.827471971511840265e-01 4.561880429585773444e-01 4.546169042587278608e-01 4.625074863433836780e-01
4.639966090520221687e-01 4.518769979476928711e-01 4.596318403879801617e-01 4.720026652018229907e-01 4.582857688268024421e-01 4.599645137786868010e-01 4.829002618789672852e-01 4.738298654556272194e-01 4.707266092300415594e-01 4.763356049855552166e-01 4.685110648473101991e-01 4.642885128657019411e-01 4.707774718602492636e-01 4.637214740117386325e-01 4.588804244995116077e-01 4.576604763666786146e-01
4.618178606033324640e-01 4.612386624018351977e-01 4.585510889689127234e-01 4.731324116388954670e-01 4.601395130157469593e-01 4.616063435872393428e-01 4.784157673517862586e-01 4.732356468836468322e-01 4.668869574864707439e-01 4.795835018157958984e-01 4.697738091150918116e-01 4.562333027521764950e-01 4.675273497899377073e-01 4.683045546213788768e-01 4.592054287592573503e-01 4.674331347147623328e-01
4.630186160405480589e-01 4.535630544026691413e-01 4.583711226781210790e-01 4.685606559117634351e-01 4.655753374099732556e-01 4.728834629058836780e-01 4.720041354497276909e-01 4.636956453323364258e-01 4.641862312952677594e-01 4.824527899424233546e-01 4.756577809651693078e-01 4.595746994018554688e-01 4.711240132649739398e-01 4.671523571014402076e-01 4.494163990020749733e-01 4.677115678787229225e-01
4.662845929463697026e-01 4.597525993982955472e-01 4.574745098749798955e-01 4.751570622126259913e-01 4.657122294108071991e-01 4.674075444539390611e-01 4.730472962061565978e-01 4.638856252034506134e-01 4.700533548990890598e-01 4.776686827341714570e-01 4.776502052942913079e-01 4.676802158355712336e-01 4.767265319824220970e-01 4.583960771560670056e-01 4.598913192749022327e-01 4.650884071985884050e-01
4.640756845474247050e-01 4.639309644699101676e-01 4.592019716898600445e-01 4.663159847259527591e-01 4.662203391393023866e-01 4.723152319590253612e-01 4.737023115158081610e-01 4.712279637654621656e-01 4.634473721186319617e-01 4.731614192326862867e-01 4.801867802937824781e-01 4.614760478337607830e-01 4.659987290700272622e-01 4.529866377512614672e-01 4.616260131200155548e-01 4.646708170572916852e-01
4.611281156539919213e-01 4.562050501505536815e-01 4.586402575174965413e-01 4.716025590896603670e-01 4.644467433293663072e-01 4.724820057551064600e-01 4.893834988276167253e-01 4.658854802449542976e-01 4.640314181645712188e-01 4.848950306574500990e-01 4.764986832936603522e-01 4.587303400039672296e-01 4.709618091583254729e-01 4.611940383911132812e-01 4.524834950764973773e-01 4.619880517323817215e-01
4.640557368596396337e-01 4.613296190897626103e-01 4.643641312917075048e-01 4.772922992706296053e-01 4.588593641916913768e-01 4.627711772918696176e-01 4.695586363474532621e-01 4.669511715571086907e-01 4.685391187667846680e-01 4.813345670700071022e-01 4.655628204345698684e-01 4.691820939381918798e-01 4.730479319890341650e-01 4.571929375330604506e-01 4.519693454106649688e-01 4.653134743372599469e-01
4.579222997029623321e-01 4.524204730987549383e-01 4.597933292388918236e-01 4.727127949396771056e-01 4.523905515670778588e-01 4.570373296737671454e-01 4.789053996404010749e-01 4.676157633463540741e-01 4.651320775349933045e-01 4.821157455444333717e-01 4.742412567138672985e-01 4.656921227773031524e-01 4.713855584462486314e-01 4.675288597742713326e-01 4.576442639033002635e-01 4.685843785603845402e-01
4.649543762207033470e-01 4.614871342976887836e-01 4.631830851236977131e-01 4.654641151428222101e-01 4.611088434855144524e-01 4.658253192901609663e-01 4.844348430633544367e-01 4.685931603113813737e-01 4.700842301050821570e-01 4.733328024546304413e-01 4.617788394292196008e-01 4.577544132868450744e-01 4.766372044881184711e-01 4.607110420862838285e-01 4.589568773905439714e-01 4.634197155634563470e-01
4.613976081212360913e-01 4.603406985600788648e-01 4.507720073064165334e-01 4.730071624120077423e-01 4.623432556788127368e-01 4.579264322916666852e-01 4.746737877527876792e-01 4.701930284500124846e-01 4.709581136703489546e-01 4.799134333928433138e-01 4.779786268870036547e-01 4.655961195627847937e-01 4.723838567733765204e-01 4.588797489802041718e-01 4.553733666737871388e-01 4.686272144317626953e-01
4.671481053034465813e-01 4.529482920964555959e-01 4.650309483210247619e-01 4.691378672917679293e-01 4.686479965845741225e-01 4.601361354192099462e-01 4.724736213684080366e-01 4.743747711181643401e-01 4.662038087844854739e-01 4.825015862782798259e-01 4.751513401667275538e-01 4.641535679499310119e-01 4.662329753239948249e-01 4.637708266576131000e-01 4.524871905644738956e-01 4.751377503077182651e-01
4.587462743123373876e-01 4.545762538909913220e-01 4.656218290328980602e-01 4.732979138692221532e-01 4.608427286148072399e-01 4.682002464930217212e-01 4.884947538375852272e-01 4.635622104008992883e-01 4.678014914194745244e-01 4.826721350351970696e-01 4.779198169708254174e-01 4.625552892684937634e-01 4.669111569722497745e-01 4.607410828272497927e-01 4.578023751576740241e-01 4.664570093154912778e-01
4.694964488347366238e-01 4.614740610122685105e-01 4.574580987294518120e-01 4.649437665939329944e-01 4.620907704035444596e-01 4.640084902445478221e-01 4.707120259602866064e-01 4.631743828455607281e-01 4.642696380615236595e-01 4.731847047805785023e-01 4.789917469024660424e-01 4.600755373636885581e-01 4.761951367060345830e-01 4.551521142323814439e-01 4.598651727040606874e-01 4.641251564025875576e-01
4.713601668675742040e-01 4.556176662445070025e-01 4.585721492767333984e-01 4.685933192571004602e-01 4.653621117273972763e-01 4.622930685679121909e-01 4.914506673812867321e-01 4.644533793131513932e-01 4.652513265609737880e-01 4.819219509760541698e-01 4.720144271850587048e-01 4.550793170928952303e-01 4.702056646347042568e-01 4.609550237655640204e-01 4.579106966654455380e-01 4.540700117746989672e-01
4.699279467264810273e-01 4.612667560577388692e-01 4.611435731252033210e-01 4.684546788533528461e-01 4.657710790634153053e-01 4.687902927398681086e-01 4.847375154495239258e-01 4.657761255900068065e-01 4.669021765391031531e-01 4.799630641937253639e-01 4.676005442937210543e-01 4.570436477661131702e-01 4.734666744867961352e-01 4.595453341801956082e-01 4.546955426534014522e-01 4.612855513890591341e-01
4.711846113204954944e-01 4.560419321060178999e-01 4.623738129933669394e-01 4.738181829452514648e-01 4.635112285614015337e-01 4.614663918813071697e-01 4.822804530461624606e-01 4.720503489176429146e-01 4.662773609161379174e-01 4.869977633158363850e-01 4.662525256474810975e-01 4.563192526499432744e-01 4.689911603927608974e-01 4.567295710245768969e-01 4.559706052144363864e-01 4.710358778635662103e-01
4.674330552419026508e-01 4.536921183268228797e-01 4.667731126149496368e-01 4.677169720331827429e-01 4.643323024113977238e-01 4.659446080525714851e-01 4.808549880981445868e-01 4.651374816894536246e-01 4.626053969065348492e-01 4.817959467569983834e-01 4.604038000106812079e-01 4.628393252690631843e-01 4.689151446024571457e-01 4.686472813288377615e-01 4.559221665064496221e-01 4.624989430109662791e-01
4.634980360666910437e-01 4.559866984685261304e-01 4.587484598159788374e-01 4.715044498443602405e-01 4.701206684112548828e-01 4.676770766576134331e-01 4.816946188608802748e-01 4.712526798248293791e-01 4.734592437744138960e-01 4.787286917368569483e-01 4.725546836853025678e-01 4.611363808314004609e-01 4.627267519632974335e-01 4.577661355336507532e-01 4.639325141906736061e-01 4.649728139241537384e-01
4.665343364079791444e-01 4.664727449417115923e-01 4.595844348271689861e-01 4.764802853266396077e-01 4.625523885091148424e-01 4.639825423558555650e-01 4.665993849436438357e-01 4.681063890457151100e-01 4.685986439387007652e-01 4.806154966354371783e-01 4.748785893122353663e-01 4.573059876759842934e-01 4.741884867350258936e-01 4.614812533060708710e-01 4.575186173121136846e-01 4.642949501673385160e-01
4.665838082631426631e-01 4.642306168874106298e-01 4.601987202962237733e-01 4.692179361979169072e-01 4.610317548116047437e-01 4.674070676167810245e-01 4.870878855387370532e-01 4.666476249694825329e-01 4.623492161432901648e-01 4.868266185124717760e-01 4.647189776102703118e-01 4.598266681035357295e-01 4.752284685770670758e-01 4.689582586288449928e-01 4.579017957051598198e-01 4.613627990086875963e-01
