4.636334180831911955e-01 4.558385610580447111e-01 4.634732405344645922e-01 4.709545771280921334e-01 4.619108835856118311e-01 4.610565503438318613e-01 5.047436952590943493e-01 4.626391728719074226e-01 4.643899202346801203e-01 4.796492656071981164e-01 4.733610947926840118e-01 4.581504662831625274e-01 4.723269144694006161e-01 4.655971129735307357e-01 4.566110372543338292e-01 4.709035158157349743e-01
4.654386838277180805e-01 4.566554228464758669e-01 4.573218425114948249e-01 4.771027962366741204e-01 4.649568001429244535e-01 4.600210189819329831e-01 5.287908315658568226e-01 4.718790849049881997e-01 4.707976579666138250e-01 4.828198750813800233e-01 4.614208936691279739e-01 4.655659198760985773e-01 4.706689914067584968e-01 4.592031637827551638e-01 4.615219831466669254e-01 4.612644116083778334e-01
4.683754046758015210e-01 4.536904493967692797e-01 4.518866936365765197e-01 4.777410030364991345e-01 4.639738400777184690e-01 4.628922939300535444e-01 5.135990381240844727e-01 4.627283414204915735e-01 4.605987866719564727e-01 4.831134478251136732e-01 4.657414356867466410e-01 4.587784210840859522e-01 4.712285200754802728e-01 4.584184487660726282e-01 4.602990945180261972e-01 4.712893962860107422e-01
4.706331094106037116e-01 4.581454594930010060e-01 4.545418421427405709e-01 4.724647601445512990e-01 4.585377772649126826e-01 4.628916581471759772e-01 4.772794644037882117e-01 4.580104748407995974e-01 4.647906621297200891e-01 4.793065786361693781e-01 5.109458764394121388e-01 4.595781564712524969e-01 4.707629283269250120e-01 4.573084910710653039e-01 4.481666882832842091e-01 4.602578083674109810e-01
4.705531597137447841e-01 4.491073687871295350e-01 4.585569699605306915e-01 4.618676106135050086e-01 4.569722016652426055e-01 4.725122451782228228e-01 4.787690639495849609e-01 4.639368851979573383e-01 4.712485074996952128e-01 4.786177873611447975e-01 5.005083481470741225e-01 4.637049039204915735e-01 4.644110997517906791e-01 4.667992194493613689e-01 4.553883870442705928e-01 4.607315858205161541e-01
4.570513168970742890e-01 4.557526906331380578e-01 4.554690917332964162e-01 4.678530693054193668e-01 4.592548608779906116e-01 4.718271891276041297e-01 4.724049568176271197e-01 4.717927773793536561e-01 4.707329670588177306e-01 4.840317964553833008e-01 5.139263470967609937e-01 4.609578053156535016e-01 4.604026873906456041e-01 4.596212307612105308e-01 4.535557031631470837e-01 4.608861207962035578e-01
4.612347682317092801e-01 4.614718755086261170e-01 4.590293566385904578e-01 4.722441832224527070e-01 4.650748173395794494e-01 4.658150275548299524e-01 5.213309923807778468e-01 4.618962605794270093e-01 4.637355009714765330e-01 4.773028294245400538e-01 4.641210635503136839e-01 4.539589484532674524e-01 4.742731650670373722e-01 4.586598475774129602e-01 4.576343297958371248e-01 4.608113368352255712e-01
4.693096876144409735e-01 4.529405037562054814e-01 4.583284457524618438e-01 4.790752331415813470e-01 4.612683852513631555e-01 4.698524077733359228e-01 4.703480402628581469e-01 4.699335495630900805e-01 4.659847418467202851e-01 4.792548418045042280e-01 5.167427460352574942e-01 4.693674246470129208e-01 4.752510388692219312e-01 4.599052667617796186e-01 4.535306692123410310e-01 4.643702904383334995e-01
4.611177841822303725e-01 4.527274370193481445e-01 4.552445809046430925e-01 4.679795900980633361e-01 4.572204748789471251e-01 4.662206967671710389e-01 4.766201178232830071e-01 4.715502659479773317e-01 4.685520728429161119e-01 4.740628004074095569e-01 5.130531390508016321e-01 4.658153454462688470e-01 4.744336207707720576e-01 4.618799686431881990e-01 4.590138594309490228e-01 4.740527470906579222e-01
4.645429452260335101e-01 4.647293090820313055e-01 4.565698703130083302e-01 4.659036397933961626e-01 4.667069514592490087e-01 4.591278632481891608e-01 4.770199855168662517e-01 4.610981941223141201e-01 4.577199220657349188e-01 4.863044818242392431e-01 5.166502396265665320e-01 4.640205303827918959e-01 4.665141900380451734e-01 4.602940082550053824e-01 4.568054676055909313e-01 4.678171078364051771e-01
4.672009944915768154e-01 4.570742448170977412e-01 4.623102744420371502e-01 4.803886413574221526e-01 4.697863658269241793e-01 4.670170545578001264e-01 4.724796613057452577e-01 4.601444800694783899e-01 4.679775238037107710e-01 4.832224448521934557e-01 5.067868232727049671e-01 4.549434979756673547e-01 4.745724995930987733e-01 4.631185928980507405e-01 4.518940846125284461e-01 4.716992775599165300e-01
4.599258502324418130e-01 4.546111424763994990e-01 4.554452896118164062e-01 4.646032253901164477e-01 4.603142738342283491e-01 4.589142799377441961e-01 5.170493920644122499e-01 4.695010979970296594e-01 4.646034638086956603e-01 4.837728738784788929e-01 4.616113106409708289e-01 4.646682739257814720e-01 4.671074151992796186e-01 4.659538666407272989e-01 4.573266108830775223e-01 4.623097578684493558e-01
4.639535347620648009e-01 4.639064073562621515e-01 4.638077418009436959e-01 4.710500637690223091e-01 4.527536630630494829e-01 4.652868111928307737e-01 5.231666962305705493e-01 4.711624781290691399e-01 4.705982605616251813e-01 4.757267236709594727e-01 4.622688690821329383e-01 4.673182566960649709e-01 4.755896329879764073e-01 4.568555355072023705e-01 4.530477126439413360e-01 4.678683280944824774e-01
4.611004193623857716e-01 4.558688004811607963e-01 4.552987019220986475e-01 4.698423941930135461e-01 4.643953641255699205e-01 4.641543229420979078e-01 5.164237419764200476e-01 4.658464590708414899e-01 4.627273082733150411e-01 4.750099976857503625e-01 4.645231167475380452e-01 4.592219193776445607e-01 4.677066008249917695e-01 4.588007926940918524e-01 4.644749959309895093e-01 4.622623523076375696e-01
4.656640291213993144e-01 4.529366890589395789e-01 4.586457808812463011e-01 4.663367271423337623e-01 4.663763840993246923e-01 4.656634728113811517e-01 4.815972646077474328e-01 4.685945510864260588e-01 4.706873893737796855e-01 4.823274215062456904e-01 4.951138496398923561e-01 4.632879892985031223e-01 4.744369188944495552e-01 4.667089382807413367e-01 4.607085784276320206e-01 4.640333255132036983e-01
4.610571066538492468e-01 4.558798472086589282e-01 4.652817646662395501e-01 4.693953990936281517e-01 4.621379772822064025e-01 4.681732257207233960e-01 4.756131172180176891e-01 4.661302963892621221e-01 4.674815336863198389e-01 4.811018308003743860e-01 5.178734064102169521e-01 4.603886604309077035e-01 4.699239333470666136e-01 4.623859326044717499e-01 4.491740862528484923e-01 4.596629540125524715e-01
4.629614750544225887e-01 4.557542403539019404e-01 4.611237843831381134e-01 4.690087238947550086e-01 4.584233363469441547e-01 4.742660919825231747e-01 5.226660966873166725e-01 4.647400379180905983e-01 4.704655408859257371e-01 4.833766222000123181e-01 4.663910865783688631e-01 4.612222909927369274e-01 4.672114849090576172e-01 4.670124053955075905e-01 4.520475864410402056e-01 4.605075915654505136e-01
4.723104238510128505e-01 4.605739116668705613e-01 4.561700026194250301e-01 4.711162249247236589e-01 4.598609606424965413e-01 4.689735571543373061e-01 4.819680452346802313e-01 4.635877211888626559e-01 4.722371498743692109e-01 4.697719415028886458e-01 5.066394011179609080e-01 4.613418579101557504e-01 4.680889447530104941e-01 4.624011516571038816e-01 4.555376370747880599e-01 4.578475952148439165e-01
4.616550604502356325e-01 4.534951448440554533e-01 4.553249279657998194e-01 4.665412902832030695e-01 4.636917908986407655e-01 4.682710568110146632e-01 4.696885347366334673e-01 4.551178614298505565e-01 4.708209832509357429e-01 4.777859449386596680e-01 5.115425189336143541e-01 4.734674692153933440e-01 4.675185283025105054e-01 4.596163829167684289e-01 4.587816397349039343e-01 4.653606812159221118e-01
4.733780622482300360e-01 4.579697847366331342e-01 4.612270196278889234e-01 4.656580289204915180e-01 4.565254847208659039e-01 4.593195915222172410e-01 5.062738656997680664e-01 4.723184903462729345e-01 4.657564957936607963e-01 4.777563015619912257e-01 4.751488765080768006e-01 4.623113473256426076e-01 4.750321308771767725e-01 4.679514169692995385e-01 4.561130603154500140e-01 4.707413514455160986e-01
4.594391584396363970e-01 4.562367598215742448e-01 4.547187884648639655e-01 4.783548116683958296e-01 4.618457953135174932e-01 4.650008678436284848e-01 5.198055505752561256e-01 4.681409200032550788e-01 4.679982662200927734e-01 4.772934516270957994e-01 4.685191313425701720e-01 4.636380275090535297e-01 4.668107032775877796e-01 4.641470511754350325e-01 4.576025009155275103e-01 4.573243061701456336e-01
4.596184094746906812e-01 4.505390326182047711e-01 4.587802886962890070e-01 4.815380970637004876e-01 4.617619117101033899e-01 4.633644421895343757e-01 5.207881132761637000e-01 4.659684896469118431e-01 4.699886242548624860e-01 4.828146298726399555e-01 4.633164008458452998e-01 4.652913808822628505e-01 4.692403475443517880e-01 4.505505959192907528e-01 4.609531561533608546e-01 4.612485965092976148e-01
4.637114206949869977e-01 4.533218542734782086e-01 4.603425661722820861e-01 4.682965278625492167e-01 4.622793992360436643e-01 4.700520038604731887e-01 5.216286182403566674e-01 4.713611205418906103e-01 4.660371939341225178e-01 4.774668614069620398e-01 4.745084444681803570e-01 4.640780687332152210e-01 4.758317470550534889e-01 4.697438081105551055e-01 4.633966684341430109e-01 4.658570686976117314e-01
4.700895547866821844e-01 4.564426342646280554e-01 4.672389825185144785e-01 4.660574595133466502e-01 4.606830676396690971e-01 4.686141411463423112e-01 4.701669216156005859e-01 4.704840183258053310e-01 4.706823031107582600e-01 4.812595844268800493e-01 5.156288941701254736e-01 4.587511221567796005e-01 4.798323710759481164e-01 4.569736321767164378e-01 4.578713973363243706e-01 4.681855042775472375e-01
4.640810092290238442e-01 4.570029576619468736e-01 4.618037541707356586e-01 4.743499358495078533e-01 4.557459354400634766e-01 4.688983360926313182e-01 4.710561434427894545e-01 4.648171265920001960e-01 4.718416929244995117e-01 4.840145905812579530e-01 5.132434368133541591e-01 4.628720283508305777e-01 4.687080383300777919e-01 4.578883250554404150e-01 4.551482597986855061e-01 4.690000216166174685e-01
4.681228796641030421e-01 4.561775525410968757e-01 4.630368550618488288e-01 4.702104330062862325e-01 4.634611209233600038e-01 4.653932253519695306e-01 5.034122069676717492e-01 4.643158117930095696e-01 4.690891106923423814e-01 4.807158708572385475e-01 4.958683649698891194e-01 4.608385165532430938e-01 4.721314509709676477e-01 4.706158240636189038e-01 4.554721514383950343e-01 4.607295592625936242e-01
4.675036668777464710e-01 4.562353293100994689e-01 4.582435687383018541e-01 4.677393039067584968e-01 4.634489615758259906e-01 4.676734606424965968e-01 4.917971690495808734e-01 4.689566294352212616e-01 4.697642723719280822e-01 4.825160900751751525e-01 4.904538790384923574e-01 4.634054104487104753e-01 4.734843571980792420e-01 4.634093046188355602e-01 4.559770822525026079e-01 4.618404706319177988e-01
4.673189719518027752e-01 4.562178055445352265e-01 4.545371135075891855e-01 4.782504638036088052e-01 4.608217875162763377e-01 4.674207369486488295e-01 4.883246024449666711e-01 4.682006835937502776e-01 4.651576677958165762e-01 4.833886226018272447e-01 5.006068150202434008e-01 4.581142266591388679e-01 4.714516003926593757e-01 4.629076321919758930e-01 4.664996067682907199e-01 4.674747784932452577e-01
4.656333923339842640e-01 4.622948169708248622e-01 4.606175025304159454e-01 4.697632392247517163e-01 4.616766770680745258e-01 4.612550338109334125e-01 5.249743461608886719e-01 4.715555906295771926e-01 4.622848828633620566e-01 4.763517777125039210e-01 4.733030398686725593e-01 4.614234765370687774e-01 4.783086379369103636e-01 4.679191509882608124e-01 4.589767456054689165e-01 4.600084225336716903e-01
4.680502414703370251e-01 4.586569865544636859e-01 4.606174627939858546e-01 4.770008325576783337e-01 4.629904826482136304e-01 4.685874382654826031e-01 4.862724939982099870e-01 4.672118028004964008e-01 4.654450019200641608e-01 4.830606381098429547e-01 4.985510110855100874e-01 4.652148087819418798e-01 4.707168340682985619e-01 4.648017883300784581e-01 4.603442351023358525e-01 4.615753889083863415e-01
4.649952650070193205e-01 4.567869106928509337e-01 4.579527378082274836e-01 4.739437103271486595e-01 4.567922353744506836e-01 4.661542971928918644e-01 4.719022909800208998e-01 4.675004084904992308e-01 4.632739623387654437e-01 4.762391249338787103e-01 5.213809013366700329e-01 4.617410500844319476e-01 4.721339146296186229e-01 4.638344844182337168e-01 4.536841710408532347e-01 4.602289597193396919e-01
4.643930594126388645e-01 4.596014022827147327e-01 4.641740719477339683e-01 4.760799407958987151e-01 4.667819341023762836e-01 4.661435683568317390e-01 4.743759632110596813e-01 4.662395715713500977e-01 4.623345534006753077e-01 4.857430060704549524e-01 5.110172828038532788e-01 4.626559416453044360e-01 4.713199933369954242e-01 4.569542805353801751e-01 4.502033392588293825e-01 4.614397287368770528e-01
4.707210858662922437e-01 4.606391191482541170e-01 4.615629911422730047e-01 4.695977767308553430e-01 4.611008167266844593e-01 4.726848999659219452e-01 4.694770971934000281e-01 4.638974269231163627e-01 4.685864845911659193e-01 4.804732799530028187e-01 5.181421836217242616e-01 4.577395518620810400e-01 4.679663578669229218e-01 4.642987648646036414e-01 4.551860491434734368e-01 4.688284794489539498e-01
4.610718488693237305e-01 4.586388270060222094e-01 4.592702388763432730e-01 4.690955082575481994e-01 4.623791774113975572e-01 4.601566394170125140e-01 4.722504615783694737e-01 4.629921913146976542e-01 4.611670970916749712e-01 4.791631301244098640e-01 5.058362881342568507e-01 4.617074728012081630e-01 4.746636946996050099e-01 4.629553159077963720e-01 4.570424954096478087e-01 4.585764010747270247e-01
4.573889970779423386e-01 4.580190976460774555e-01 4.569145838419598760e-01 4.717763264973957593e-01 4.688683350880943901e-01 4.723097483317059142e-01 4.911199410756426631e-01 4.658238093058266749e-01 4.660529692967733117e-01 4.908348321914677292e-01 4.913398822148636880e-01 4.603377580642696310e-01 4.742629130681353944e-01 4.572385152180988288e-01 4.507691462834678697e-01 4.566166400909418277e-01
4.671952724456788775e-01 4.585271676381428296e-01 4.580426216125489947e-01 4.703757365544636304e-01 4.569888512293503458e-01 4.699860811233517177e-01 4.756795962651569898e-01 4.652293523152671306e-01 4.665712118148804821e-01 4.851339260737103642e-01 5.100111166636150939e-01 4.604806105295817242e-01 4.772793849309291958e-01 4.598573446273801490e-01 4.628361463546751819e-01 4.674202998479206617e-01
4.637922843297322406e-01 4.549318552017216910e-01 4.620018800099693346e-01 4.731913805007931795e-01 4.687128464380901360e-01 4.698233207066846995e-01 4.719181855519611335e-01 4.615799585978193065e-01 4.636561473210655260e-01 4.880996942520142157e-01 5.119301080703737572e-01 4.592748483022051631e-01 4.714771906534832580e-01 4.607266982396442390e-01 4.634642203648882131e-01 4.649787743886309999e-01
4.683740139007566694e-01 4.467551310857134639e-01 4.686060746510825048e-01 4.723109006881712202e-01 4.594982465108237157e-01 4.610886971155803704e-01 4.695405165354407662e-01 4.668037096659340968e-01 4.654742081960042688e-01 4.774013757705689032e-01 5.078734954198201867e-01 4.561552206675208443e-01 4.722889264424644518e-01 4.732440312703456442e-01 4.533107678095500415e-01 4.628034035364784193e-01
4.622767368952429567e-01 4.546718597412107155e-01 4.633734226226803310e-01 4.741451342900594446e-01 4.608501593271889796e-01 4.694385925928747372e-01 5.136677026748658337e-01 4.639192819595334694e-01 4.667092959086104331e-01 4.801079432169597649e-01 4.696376323699949507e-01 4.660151799519852145e-01 4.725328286488851282e-01 4.604417085647586338e-01 4.609495401382449620e-01 4.665858348210654150e-01
4.733889102935789350e-01 4.586482445398961105e-01 4.614320596059162671e-01 4.686129490534460262e-01 4.657844702402747505e-01 4.614511728286743164e-01 4.743043184280394953e-01 4.665380716323853094e-01 4.682998657226559169e-01 4.813131888707477546e-01 5.096532503763837596e-01 4.586884578069047591e-01 4.693121910095216509e-01 4.628543853759766180e-01 4.550330241521197694e-01 4.660520156224566835e-01
4.671327670415240108e-01 4.577542940775551350e-01 4.577400286992392431e-01 4.739617109298704389e-01 4.542697270711266722e-01 4.680285453796384498e-01 5.198702414830528307e-01 4.682624737421673955e-01 4.703971147537233666e-01 4.821108182271321430e-01 4.708029031753537819e-01 4.638090928395588453e-01 4.747589429219560841e-01 4.709051847457883522e-01 4.639911254247027772e-01 4.643301566441854211e-01
4.623632033665971974e-01 4.562690258026121937e-01 4.605729182561240087e-01 4.689813852310178444e-01 4.574915170669557885e-01 4.680241346359255705e-01 5.133449236551925754e-01 4.706613222757973780e-01 4.604149659474688350e-01 4.739635388056435694e-01 4.637392759323122893e-01 4.597807327906292540e-01 4.748252630233767979e-01 4.594754775365194610e-01 4.593834877014158491e-01 4.631162484486895381e-01
4.693827629089358799e-01 4.529835780461626826e-01 4.541065295537310420e-01 4.688395659128829496e-01 4.674970308939615515e-01 4.595240751902262000e-01 5.080472230911257103e-01 4.650847911834715132e-01 4.655064741770427172e-01 4.798212051391604893e-01 4.736841519673663514e-01 4.704153140385950449e-01 4.694037834803263531e-01 4.662835200627645782e-01 4.586445093154905561e-01 4.699846506118775524e-01
4.639279047648110499e-01 4.629050095876056092e-01 4.540285269419351288e-01 4.761858383814492890e-01 4.627036253611243599e-01 4.671279589335123328e-01 4.935633341471351576e-01 4.718260765075681928e-01 4.662719567616777083e-01 4.781891107559204657e-01 4.803193807601926490e-01 4.647940794626873040e-01 4.662607908248898592e-01 4.586434364318847656e-01 4.539241393407186242e-01 4.621507326761883361e-01
4.611339569091799095e-01 4.552223285039268541e-01 4.635325272878015324e-01 4.637356599171955085e-01 4.679716030756632117e-01 4.730503559112552159e-01 5.163947343826296166e-01 4.655628601710008474e-01 4.665025472640990101e-01 4.802508751551308741e-01 4.702487786610928255e-01 4.598418871561688048e-01 4.726725419362391434e-01 4.557509422302244428e-01 4.593666394551597087e-01 4.606700738271075624e-01
4.624039332071937514e-01 4.564096927642823376e-01 4.551592270533239004e-01 4.659934043884279009e-01 4.632645448048909320e-01 4.685289065043131695e-01 5.068550109863284581e-01 4.647671778996784187e-01 4.697978893915814580e-01 4.834064642588301597e-01 4.848399957021077289e-01 4.628589550654090834e-01 4.772508144378661554e-01 4.603689511617021779e-01 4.572718938191732696e-01 4.584596554438269966e-01
4.648096164067582192e-01 4.582652648289999853e-01 4.513918161392211359e-01 4.737896919250487726e-01 4.636949300765987325e-01 4.693945646286012963e-01 4.741563796997068092e-01 4.674219290415442818e-01 4.679691791534422163e-01 4.787075122197474997e-01 5.127553939819334827e-01 4.669135808944701593e-01 4.760865370432537103e-01 4.703021446863810962e-01 4.563563664754231586e-01 4.675909678141276227e-01
4.700063864390057744e-01 4.565847317377726422e-01 4.574977556864422423e-01 4.685348669687903755e-01 4.609845479329425788e-01 4.700370629628496943e-01 5.244864225387574352e-01 4.580387671788535009e-01 4.711471398671471245e-01 4.760317405064895535e-01 4.706556797027586225e-01 4.574573437372842499e-01 4.711753924687703821e-01 4.722834825515746515e-01 4.557045698165891334e-01 4.574685891469316146e-01
4.621977408727006020e-01 4.604624509811399702e-01 4.587641954421998736e-01 4.652078946431478235e-01 4.657814502716068339e-01 5.100864171981807083e-01 4.869138002395631548e-01 4.628083705902097389e-01 4.682413339614871495e-01 4.762945969899492482e-01 4.692890644073485773e-01 4.662214120229081771e-01 4.652963081995650230e-01 4.675153891245522608e-01 4.570473432540893555e-01 4.637235800425215104e-01
4.645231962203977272e-01 4.537536303202316379e-01 4.637562036514281116e-01 4.620289802551268976e-01 4.599050680796305524e-01 4.684462547302248314e-01 5.201270977656043959e-01 4.613078037897745398e-01 4.707945982615152625e-01 4.786185423533123595e-01 4.665261109670001960e-01 4.637862443923950195e-01 4.694336255391440282e-01 4.726295471191405695e-01 4.614880084991456188e-01 4.617336988449089463e-01
4.646311998367310681e-01 4.533248742421466804e-01 4.556767543156938216e-01 4.718835751215618712e-01 4.652173519134517599e-01 4.669877290725706898e-01 4.794876575469973479e-01 4.633654356002805397e-01 4.680902560551960523e-01 4.773034254709881963e-01 5.122757752736408765e-01 4.618902603785197680e-01 4.676582018534340413e-01 4.618242581685383374e-01 4.559205770492552046e-01 4.636209408442179547e-01
4.687924385070798561e-01 4.566455284754433186e-01 4.541336297988893267e-01 4.679028590520221131e-01 4.585114717483521063e-01 4.728849331537879896e-01 5.136867761611937366e-01 4.633272488911945319e-01 4.709046681722005023e-01 4.779374996821084132e-01 4.716746807098389227e-01 4.548391501108804413e-01 4.652728637059532768e-01 4.638381004333501090e-01 4.586286147435506555e-01 4.662249883015949226e-01
4.591082334518432062e-01 4.556823571523027083e-01 4.616705973943068808e-01 4.727182785669961085e-01 4.563588698705035585e-01 4.654194911321002937e-01 4.679370721181232429e-01 4.697573979695636170e-01 4.699958562850952148e-01 4.830142259597776655e-01 5.147707859675088038e-01 4.638994534810385040e-01 4.695377349853514515e-01 4.555425643920897882e-01 4.540781180063881428e-01 4.567711750666298975e-01
4.672891696294150243e-01 4.604312181472776655e-01 4.615892171859745097e-01 4.759397904078168096e-01 4.659907023111977131e-01 4.607646862665811804e-01 5.173727671305340392e-01 4.636413256327310273e-01 4.716315666834515752e-01 4.816214640935264080e-01 4.690692027409872344e-01 4.610132376352947259e-01 4.704980850219728228e-01 4.618794918060305510e-01 4.597622156143187921e-01 4.638988971710206743e-01
4.644904136657711513e-01 4.593999783198038922e-01 4.597945213317871094e-01 4.699716567993165173e-01 4.708495537439984502e-01 4.680539369583130993e-01 4.761217037836711352e-01 4.707732995351154304e-01 4.688364267349239278e-01 4.802086353302000843e-01 5.023661057154337195e-01 4.592031240463257391e-01 4.720497131347657360e-01 4.671507279078168096e-01 4.602736632029212904e-01 4.632943073908487031e-01
4.636067152023315985e-01 4.592798948287962757e-01 4.588695764541626532e-01 4.677115281422932758e-01 4.605612754821775123e-01 4.846257368723552172e-01 4.967438777287802032e-01 4.678727785746257806e-01 4.714422623316450456e-01 4.794817368189494555e-01 4.722638130187994387e-01 4.617476065953568520e-01 4.725840091705320045e-01 4.621258974075312942e-01 4.583095312118526388e-01 4.636278152465821978e-01
4.656824668248494281e-01 4.585653940836584841e-01 4.584367275238038220e-01 4.733051061630248468e-01 4.627138376235964135e-01 4.680897394816079249e-01 5.185964107513429955e-01 4.637244939804073818e-01 4.675948222478230054e-01 4.858671426773071844e-01 4.666166702906288655e-01 4.685053825378419079e-01 4.691717227300007398e-01 4.540336529413859235e-01 4.487135410308834560e-01 4.628833134969071450e-01
4.654304186503089857e-01 4.532790978749596800e-01 4.604907830556234649e-01 4.686029752095545731e-01 4.605500698089597389e-01 4.600784778594972368e-01 4.746462106704710249e-01 4.676826794942219867e-01 4.710690180460611609e-01 4.734543959299723492e-01 5.149083534876508494e-01 4.668317635854087322e-01 4.740325212478641581e-01 4.603743155797324071e-01 4.605192343393958998e-01 4.681750138600671574e-01
4.626691341400146484e-01 4.526652097702026367e-01 4.516112407048546440e-01 4.751371145248415306e-01 4.593584537506101295e-01 4.689972798029583001e-01 5.020037889480588600e-01 4.692889849344891173e-01 4.704000155131023986e-01 4.843785762786865789e-01 4.880347251892090399e-01 4.616052309672038501e-01 4.701179265975952704e-01 4.695486625035605321e-01 4.557624260584516307e-01 4.581667979558311510e-01
4.678828318913780815e-01 4.593989054361978241e-01 4.568513631820675935e-01 4.677292505900063624e-01 4.685256481170653742e-01 4.666618506113689446e-01 4.714703559875492167e-01 4.580143292744954242e-01 4.678568442662557891e-01 4.882850646972654585e-01 5.174194971720373903e-01 4.606153170267741070e-01 4.671365420023601556e-01 4.608757893244421200e-01 4.644442001978555390e-01 4.641523361206055243e-01
4.670102596282960650e-01 4.582365751266480047e-01 4.655100504557291852e-01 4.705475568771362860e-01 4.610398213068641060e-01 4.642440875371295350e-01 5.086056391398120491e-01 4.650407234827683145e-01 4.718573093414307751e-01 4.811496337254848599e-01 4.774970610936484783e-01 4.643117189407351408e-01 4.748085737228395775e-01 4.595751762390137274e-01 4.661707480748495946e-01 4.701540072758996214e-01
4.640030860900881682e-01 4.637485345204672149e-01 4.602109591166179681e-01 4.789201418558759471e-01 4.588874181111652906e-01 4.678674538930256421e-01 4.711757898330686256e-01 4.675486485163364847e-01 4.638486305872597248e-01 4.838473796844482977e-01 5.168011983235678564e-01 4.654655853907268548e-01 4.772951602935789350e-01 4.702537457148232569e-01 4.575447241465254722e-01 4.602155685424803022e-01
4.636083841323856980e-01 4.590633710225424102e-01 4.620253245035809142e-01 4.660075505574546306e-01 4.656157096227010461e-01 4.570928017298379054e-01 4.748388926188149561e-01 4.658695062001546039e-01 4.735957781473795203e-01 4.860502481460572954e-01 5.047499736150102834e-01 4.665866692860921039e-01 4.723721345265705640e-01 4.658881823221844853e-01 4.628265698750813062e-01 4.608240127563473787e-01
4.598156213760376532e-01 4.578633705774941554e-01 4.594213962554932751e-01 4.735632340113319905e-01 4.593712886174518562e-01 4.653298854827886410e-01 4.847906430562337610e-01 4.671897490819294507e-01 4.692923625310262414e-01 4.764028787612913374e-01 4.998668034871417976e-01 4.676920175552364278e-01 4.727667172749838720e-01 4.618893861770633769e-01 4.579407771428427032e-01 4.683929681777947440e-01
4.668641885121660451e-01 4.500525395075476998e-01 4.596620798110958583e-01 4.690524737040203118e-01 4.597822427749634899e-01 4.675389925638835376e-01 4.736358324686683052e-01 4.652276833852135862e-01 4.675923983256021765e-01 4.783754746119181500e-01 5.029861529668172571e-01 4.663966496785484916e-01 4.745097160339356579e-01 4.612102905909219452e-01 4.590629339218136873e-01 4.588001171747845275e-01
4.578923781712845864e-01 4.584376017252603797e-01 4.590322971343994696e-01 4.678920904795328961e-01 4.691409269968668805e-01 4.688545862833656264e-01 5.008421738942459012e-01 4.664166768391928009e-01 4.777871767679853221e-01 4.856089353561403033e-01 4.870421886444092907e-01 4.645429452260339542e-01 4.702899853388467499e-01 4.547059933344525517e-01 4.554414351781211900e-01 4.623743295669553999e-01
4.693944056828813216e-01 4.521735111872356438e-01 4.504181146621706877e-01 4.692656199137368311e-01 4.693036079406737171e-01 4.621511300404868572e-01 4.875127871831264614e-01 4.610792795817055811e-01 4.682623147964476429e-01 4.738007386525471265e-01 5.032479365666705506e-01 4.561291138331095563e-01 4.663229783376057758e-01 4.588960409164430931e-01 4.612119992574056360e-01 4.671422640482586486e-01
4.628870884577434008e-01 4.602809349695838326e-01 4.489113092422487572e-01 4.756241242090860633e-01 4.718853235244752087e-01 4.696022272109985352e-01 4.708318710327147882e-01 4.627582629521684310e-01 4.685576359430951299e-01 4.819612105687463011e-01 5.201864639918009070e-01 4.593971967697139669e-01 4.748686949412028735e-01 4.558275540669757264e-01 4.632148345311480342e-01 4.547934532165526234e-01
4.644659360249837610e-01 4.557017087936402477e-01 4.530722300211586506e-01 4.780680735905963874e-01 4.627805550893147046e-01 4.709371328353885722e-01 5.190110603968298708e-01 4.653906822204587623e-01 4.724275668462118438e-01 4.806389808654780160e-01 4.719510873158773157e-01 4.573389291763305109e-01 4.720745881398518140e-01 4.546476602554321289e-01 4.551151990890502375e-01 4.641948143641153046e-01
4.686133066813147341e-01 4.581191937128702429e-01 4.563737710316976282e-01 4.775067170461022026e-01 4.641023874282840800e-01 4.663484891255700315e-01 5.078636010487876939e-01 4.636716445287069055e-01 4.637131690979007237e-01 4.842383464177448249e-01 4.799025853474933045e-01 4.625116586685176223e-01 4.613693555196122786e-01 4.668939908345541290e-01 4.642353455225626813e-01 4.575907389322916852e-01
4.590912262598673688e-01 4.592974185943605736e-01 4.591914812723794648e-01 4.668126503626508494e-01 4.642271995544435259e-01 4.677665233612060547e-01 4.761555592219034461e-01 4.686791896820066694e-01 4.710604747136435400e-01 4.841355085372925360e-01 5.115520159403481593e-01 4.551768700281775271e-01 4.707059065500895922e-01 4.539467096328729245e-01 4.609776337941482449e-01 4.587005774180092366e-01
4.666262467702228522e-01 4.499876896540322968e-01 4.569989442825316828e-01 4.616524775822954951e-01 4.711443980534875120e-01 4.683799743652345970e-01 4.954976638158163915e-01 4.722943305969239391e-01 4.668335914611816961e-01 4.852275451024372632e-01 4.856159687042240214e-01 4.584661722183226984e-01 4.660793542861940142e-01 4.593395392100014796e-01 4.575937986373903033e-01 4.637817939122522160e-01
4.646324714024863134e-01 4.548042615254721532e-01 4.637794494628906805e-01 4.696975549062086253e-01 4.541589419047044052e-01 4.644486904144288775e-01 4.689002434412635201e-01 4.670191605885817832e-01 4.699216683705648712e-01 4.806093772252399976e-01 5.148263374964399119e-01 4.605075518290198677e-01 4.728278716405230897e-01 4.620400269826252515e-01 4.517025550206502649e-01 4.640659093856809303e-01
4.688698450724285149e-01 4.534893830617272581e-01 4.628301461537681072e-01 4.694360891977948369e-01 4.635541041692097242e-01 4.643222888310749030e-01 4.944114685058594860e-01 4.650889635086055685e-01 4.650586843490597255e-01 4.799613157908119709e-01 4.918035268783573222e-01 4.570338328679404150e-01 4.695659478505448958e-01 4.588067134221395782e-01 4.511901934941614511e-01 4.670226176579791999e-01
4.673586686452229633e-01 4.622531731923421039e-01 4.535405238469443212e-01 4.694792032241820179e-01 4.674313465754190156e-01 4.647004604339601275e-01 5.099743207295732716e-01 4.658066034317018822e-01 4.737178484598800754e-01 4.818385442097977700e-01 4.756087064743043658e-01 4.624176025390624445e-01 4.595455725987753759e-01 4.576710462570192095e-01 4.532493352890015204e-01 4.706069231033327971e-01
4.795489311218257833e-01 4.591673612594605047e-01 4.628023306528727954e-01 4.734178781509395528e-01 4.649882316589354914e-01 4.665460983912147475e-01 5.240143934885658217e-01 4.683477481206258508e-01 4.700422286987308018e-01 4.793287118275953440e-01 4.574843247731522622e-01 4.568646351496376545e-01 4.810285965601605596e-01 4.664144118626914470e-01 4.533603191375733532e-01 4.604861338933312065e-01
4.606525500615434310e-01 4.574722846349083549e-01 4.606016874313355602e-01 4.725861946741747310e-01 4.608009656270343757e-01 4.746906757354736883e-01 4.678033987681071149e-01 4.585676987965902618e-01 4.658112525939940296e-01 4.870491822560625850e-01 5.098042090733846399e-01 4.593970378239949914e-01 4.742708206176757257e-01 4.621760845184329503e-01 4.596294959386192924e-01 4.691361983617144404e-01
4.708590904871620131e-01 4.570617675781250555e-01 4.590714772542317523e-01 4.701403776804607970e-01 4.682352145512898023e-01 4.955321550369263806e-01 4.901726245880123067e-01 4.636735916137694757e-01 4.693858623504640892e-01 4.791729847590133762e-01 4.687865575154619990e-01 4.571081002553307737e-01 4.719451268513997766e-01 4.639986356099446430e-01 4.661027590433753920e-01 4.554157257080075349e-01
4.707644383112590813e-01 4.551167090733846954e-01 4.510486125946042146e-01 4.788980484008790173e-01 4.551171064376832720e-01 4.714152812957765337e-01 4.905818303426109916e-01 4.636622269948326158e-01 4.724583625793460917e-01 4.824838240941368150e-01 5.008325974146523585e-01 4.715643326441449346e-01 4.760685364405312647e-01 4.631725947062171334e-01 4.519268671671547444e-01 4.636442661285402611e-01
4.607901175816857542e-01 4.549431006113691112e-01 4.548777739206945059e-01 4.731635649998978677e-01 4.684473276138306219e-01 4.755865732828772896e-01 5.075523853301999733e-01 4.670047760009766735e-01 4.646974404652912116e-01 4.718763033548990515e-01 4.635003407796223773e-01 4.645613829294842345e-01 4.731217622756956898e-01 4.595615466435751806e-01 4.491583506266280112e-01 4.645072221755980890e-01
4.656374454498292681e-01 4.596875111262004321e-01 4.554333686828616612e-01 4.736750920613606586e-01 4.644887844721473646e-01 4.725861152013143274e-01 4.633789857228599596e-01 4.666519165039063610e-01 4.702795743942260187e-01 4.829656680425007953e-01 5.175112485885624558e-01 4.640567302703856867e-01 4.751518170038860900e-01 4.699967702229820854e-01 4.559236764907840800e-01 4.590025345484418096e-01
4.636194705963131990e-01 4.579761425654098050e-01 4.574060837427774140e-01 4.667540788650512140e-01 4.611997207005821275e-01 4.764214356740317791e-01 4.721798102060956182e-01 4.678983290990194610e-01 4.693201780319211092e-01 4.812319676081344699e-01 5.080420573552451025e-01 4.668540557225547283e-01 4.789838790893551912e-01 4.736675818761187373e-01 4.549778302510582573e-01 4.721786578496295905e-01
4.714229106903079503e-01 4.563809633255002662e-01 4.580187797546386164e-01 4.725255568822220864e-01 4.634206295013428845e-01 4.606457153956092787e-01 4.683621327082315156e-01 4.584784110387170042e-01 4.718344608942665053e-01 4.815968672434491338e-01 5.204787254333493873e-01 4.604545036951702697e-01 4.726612965265911681e-01 4.662795066833494984e-01 4.589233398437500555e-01 4.601141611735026782e-01
4.679827690124510053e-01 4.566149314244589696e-01 4.599918127059939854e-01 4.667343695958456329e-01 4.548356135686241752e-01 4.631615082422892438e-01 4.759795665740966242e-01 4.704916477203370806e-01 4.690949916839597944e-01 4.784788290659588994e-01 5.149517059326171875e-01 4.693171183268223801e-01 4.686202605565389923e-01 4.623427788416544226e-01 4.570407867431640070e-01 4.646230538686122458e-01
4.750518798828125000e-01 4.611368576685589971e-01 4.618559678395586232e-01 4.799995819727580493e-01 4.583597183227540728e-01 4.684273799260456062e-01 5.201170841852823523e-01 4.671452442804975846e-01 4.700140953063963734e-01 4.820668697357174404e-01 4.645241896311443353e-01 4.550526539484661126e-01 4.606920083363851837e-01 4.618381659189857991e-01 4.558891057968139648e-01 4.649137655893960663e-01
4.710570176442461787e-01 4.586615959803259090e-01 4.660936991373699767e-01 4.723852475484209279e-01 4.618472258249922135e-01 4.646212657292682069e-01 5.057233969370519278e-01 4.684638579686482007e-01 4.656782547632851710e-01 4.814215501149493037e-01 4.746770858764647327e-01 4.586513439814253190e-01 4.800499677658083275e-01 4.682281414667765485e-01 4.538342157999671334e-01 4.695634444554645515e-01
4.685392777125041985e-01 4.573592344919844010e-01 4.599552154541013405e-01 4.732139110565184992e-01 4.630493323008222362e-01 4.690830707550049383e-01 5.153531630833945165e-01 4.645699262619017444e-01 4.761538108189899421e-01 4.775865475336706356e-01 4.711123307545979633e-01 4.536158243815105462e-01 4.701059261957808433e-01 4.632007280985513953e-01 4.607288440068563196e-01 4.711588223775226014e-01
4.666093587875365101e-01 4.547117551167803584e-01 4.617000818252564032e-01 4.680822292963663922e-01 4.668478171030682744e-01 4.703474839528402063e-01 5.212459961573286948e-01 4.696449836095178410e-01 4.701693058013912130e-01 4.791481097539265765e-01 4.679896036783850466e-01 4.648559888203939172e-01 4.690333207448322272e-01 4.673134883244834392e-01 4.542011817296344733e-01 4.611470699310306065e-01
4.627011219660449592e-01 4.580992460250855602e-01 4.573677380879722643e-01 4.629206657409664083e-01 4.597473939259849041e-01 4.638715585072838432e-01 5.188312133153285544e-01 4.612265030543009625e-01 4.691042502721154417e-01 4.736378590265906130e-01 4.634446303049725158e-01 4.572560389836628492e-01 4.691408077875772187e-01 4.579293727874753639e-01 4.621129035949706476e-01 4.663294553756713312e-01
4.647964636484782086e-01 4.552156130472816420e-01 4.609110752741493178e-01 4.666601022084552186e-01 4.550418853759763960e-01 4.653383096059166557e-01 4.709911346435551316e-01 4.645665486653644538e-01 4.659224748611454081e-01 4.744249582290643863e-01 5.176324844360357114e-01 4.560136397679642739e-01 4.740442434946694483e-01 4.548479715983068661e-01 4.610962867736816406e-01 4.690329631169633529e-01
4.568687677383425627e-01 4.570916096369420090e-01 4.657959540685018274e-01 4.691020250320435125e-01 4.580099582672121916e-01 4.953612486521400959e-01 4.941034317016599897e-01 4.687039852142334539e-01 4.617864290873208155e-01 4.821112155914305530e-01 4.665202299753823389e-01 4.654423793156940437e-01 4.658877452214560400e-01 4.609599908192953954e-01 4.605180819829305938e-01 4.645892381668090820e-01
4.608459472656252776e-01 4.540332953135172711e-01 4.523977438608803303e-01 4.667021830876664779e-01 4.591835737228394110e-01 4.675775766372679554e-01 5.250718196233108426e-01 4.687429666519162819e-01 4.661111434300740375e-01 4.803714752197268401e-01 4.627876679102573831e-01 4.666393597920736047e-01 4.790424903233849174e-01 4.652759631474814306e-01 4.604988892873134176e-01 4.642484982808431915e-01
4.575412670771283330e-01 4.569385449091588614e-01 4.617832899093622934e-01 4.679030577341716235e-01 4.632341464360553163e-01 4.696933428446453673e-01 4.632796843846639367e-01 4.666369358698524428e-01 4.702799717585248174e-01 4.824143250783283765e-01 5.132290919621785852e-01 4.556945562362670343e-01 4.832770427068070473e-01 4.596875508626303564e-01 4.537671804428098921e-01 4.601477384567259632e-01
4.671915769577026367e-01 4.558707078297930537e-01 4.618431329727170076e-01 4.755169947942096687e-01 4.595268964767454944e-01 4.619166851043703392e-01 4.780236085255935574e-01 4.677652120590208851e-01 4.622854789098102546e-01 4.752100308736161849e-01 5.149111350377401086e-01 4.563717444737755424e-01 4.750411113103231164e-01 4.600247542063394812e-01 4.515860478083294494e-01 4.615705013275149260e-01
4.659613370895382412e-01 4.626182715098060005e-01 4.628606637318927741e-01 4.745112260182699493e-01 4.719729820887246241e-01 4.637831052144368305e-01 5.186521609624225038e-01 4.647668600082394685e-01 4.760860602060953961e-01 4.760314623514809163e-01 4.712582031885783618e-01 4.621289173762003766e-01 4.759342273076371810e-01 4.578698078791300086e-01 4.512275854746498616e-01 4.649180968602501518e-01
