4.627911647160849462e-01 4.587206443150836921e-01 4.614570538202923955e-01 4.643547932306924531e-01 4.619504610697428570e-01 4.673649867375696543e-01 4.639776547749835944e-01 4.676078955332440001e-01 4.664694865544637414e-01 4.771087964375810286e-01 4.636133909225464977e-01 4.604185819625854492e-01 4.659388462702437339e-01 4.611533085505169494e-01 4.525373776753744415e-01 4.569615920384730301e-01
4.613629976908366070e-01 4.558409452438352272e-01 4.615817467371622906e-01 4.671082894007366204e-01 4.716348648071295724e-01 4.679704109827677039e-01 4.768277804056804681e-01 4.665004014968869850e-01 4.739072720209761558e-01 4.810051123301191112e-01 4.752227862675983960e-01 4.636528094609578265e-01 4.747707049051922978e-01 4.666483004887897468e-01 4.609047571818033484e-01 4.627208709716796320e-01
4.668019215265908906e-01 4.586198329925540995e-01 4.507147868474324359e-01 4.738056659698487438e-01 4.658352931340540293e-01 4.692151943842573503e-01 4.646571874618531939e-01 4.706227382024134598e-01 4.668941895167036393e-01 4.759232600529986201e-01 4.653534094492598472e-01 4.643085002899175473e-01 4.694323937098180965e-01 4.577372868855796306e-01 4.607698520024617328e-01 4.633492231369018555e-01
4.639010826746620131e-01 4.545266230901080506e-01 4.610766967137656658e-01 4.705367485682169226e-01 4.558438857396446831e-01 4.629285732905070172e-01 4.714937210083008368e-01 4.688433011372885595e-01 4.601337114969892284e-01 4.783866802851356459e-01 4.771214326222739666e-01 4.583921035130819055e-01 4.658795595169069048e-01 4.645367463429771471e-01 4.611020882924397046e-01 4.649279117584225740e-01
4.667713642120364659e-01 4.583803017934163782e-01 4.574888149897258227e-01 4.695266485214235064e-01 4.676314592361448530e-01 4.631027380625409862e-01 4.722885290781652645e-01 4.643338123957315156e-01 4.667652845382690985e-01 4.802763859430948523e-01 4.688382943471273157e-01 4.597786267598470422e-01 4.630832274754841937e-01 4.636623462041218890e-01 4.585245450337726569e-01 4.654640754063921193e-01
4.654554923375447406e-01 4.572490851084389241e-01 4.611378113428753478e-01 4.657726685206093897e-01 4.651559591293333296e-01 4.648571014404297430e-01 4.785264333089191968e-01 4.716918071111043664e-01 4.684302409489948804e-01 4.903295040130614124e-01 4.663432836532590553e-01 4.531470139821369147e-01 4.677852789560955071e-01 4.696927070617679667e-01 4.554422696431477680e-01 4.624091784159342633e-01
4.665888150533040735e-01 4.580237468083698804e-01 4.572249650955197975e-01 4.683383305867510060e-01 4.590394496917723499e-01 4.589321613311764803e-01 4.739989837010700757e-01 4.678072929382325329e-01 4.693311452865603917e-01 4.873154163360595148e-01 4.792979955673218329e-01 4.634485642115276360e-01 4.685683647791542006e-01 4.602667888005575469e-01 4.552078247070311945e-01 4.611527522404989532e-01
4.679414033889769953e-01 4.585009018580118445e-01 4.616184631983437647e-01 4.725520610809325617e-01 4.636259873708092338e-01 4.637846946716306373e-01 4.733252922693886311e-01 4.679086208343506414e-01 4.741829633712769110e-01 4.849987824757896471e-01 4.764906962712607830e-01 4.529431660970052453e-01 4.625390768051148016e-01 4.612473646799722937e-01 4.582960208257034762e-01 4.573051532109578265e-01
4.626309076944988830e-01 4.593561490376787959e-01 4.531661669413249438e-01 4.693659941355394216e-01 4.672460556030274548e-01 4.644531408945719031e-01 4.793221155802411260e-01 4.649073680241904150e-01 4.663207928339641595e-01 4.794715642929077704e-01 4.643992185592649702e-01 4.662959973017374304e-01 4.771721363067628063e-01 4.660572608311968623e-01 4.642859697341918390e-01 4.602082173029580225e-01
4.734509388605754876e-01 4.582679669062301175e-01 4.592814445495603248e-01 4.652800559997560259e-01 4.630659023920692952e-01 4.684025843938195988e-01 4.734912713368734649e-01 4.653759002685545210e-01 4.640273650487262147e-01 4.885619481404623321e-01 4.695447285970054674e-01 4.598334630330404016e-01 4.709667364756265351e-01 4.644234577814737586e-01 4.562693039576213305e-01 4.731009801228843181e-01
4.643489122390748181e-01 4.524662892023716965e-01 4.574352900187173554e-01 4.719573259353637140e-01 4.620159864425655849e-01 4.660008351008096961e-01 4.811371167500813617e-01 4.611704746882123174e-01 4.692522287368774969e-01 4.861403703689571310e-01 4.669950803120930249e-01 4.605555931727086660e-01 4.684738318125407641e-01 4.704875151316327275e-01 4.595386981964112993e-01 4.635304609934488007e-01
4.632150332132973780e-01 4.522337913513185259e-01 4.601456324259440289e-01 4.717419942220048568e-01 4.679925839106240382e-01 4.666943152745564594e-01 4.673964579900103944e-01 4.694869915644326319e-01 4.706528584162394946e-01 4.833041826883954228e-01 4.666172663370773965e-01 4.619275728861495511e-01 4.718186060587569175e-01 4.543899695078529866e-01 4.613361756006872927e-01 4.639979998270672978e-01
4.608220259348551617e-01 4.634155035018922009e-01 4.597749710083003372e-01 4.657428264617918812e-01 4.613316059112548273e-01 4.664670228958133213e-01 4.745752811431885876e-01 4.646799961725867067e-01 4.681313832600910718e-01 4.864364862442016602e-01 4.709865252176919648e-01 4.629412492116293243e-01 4.725310007731119422e-01 4.700974623362222382e-01 4.507240851720171748e-01 4.577576319376626124e-01
4.613771438598630592e-01 4.652126630147297992e-01 4.570693572362260482e-01 4.739316701889037531e-01 4.687154293060301069e-01 4.748572508494062760e-01 4.804305632909139923e-01 4.615333080291745826e-01 4.618095159530636873e-01 4.811149040857949366e-01 4.668353398640948670e-01 4.622947772343953821e-01 4.737016359965000589e-01 4.639726082483929814e-01 4.543521006902058734e-01 4.664195775985713888e-01
4.614783922831218743e-01 4.607005119323732689e-01 4.580863316853835965e-01 4.664423863093056788e-01 4.622659683227541838e-01 4.687692721684775798e-01 4.782570997873938357e-01 4.721630811691283069e-01 4.655049641927084259e-01 4.813789923985797303e-01 4.673323631286623314e-01 4.551035960515338874e-01 4.732025067011515485e-01 4.591528177261350874e-01 4.596403439839683025e-01 4.758688608805340392e-01
4.709492921829220857e-01 4.564005533854165186e-01 4.586372375488282915e-01 4.724083344141638552e-01 4.601920048395790053e-01 4.646482865015669761e-01 4.735183318456013812e-01 4.597065448760982997e-01 4.657276868820194315e-01 4.867896238962806099e-01 4.733978509902955767e-01 4.663056929906204129e-01 4.714274803797403601e-01 4.544604619344072005e-01 4.537121852238973907e-01 4.557034969329831764e-01
4.705070257186889093e-01 4.567676385243736314e-01 4.647609790166224997e-01 4.699011643727619147e-01 4.636967976888018428e-01 4.651321172714233398e-01 4.676198561986291136e-01 4.635886351267500816e-01 4.717989365259804835e-01 4.851475954055787798e-01 4.615164597829184423e-01 4.541663328806559430e-01 4.701705773671467914e-01 4.567810694376632230e-01 4.616310199101762435e-01 4.662930965423584539e-01
4.601043860117596807e-01 4.546113014221184745e-01 4.565588235855108090e-01 4.738517602284746388e-01 4.583754539489745539e-01 4.705285628636676765e-01 4.750486214955648712e-01 4.725809892018636993e-01 4.708951314290364398e-01 4.846622149149574788e-01 4.658401807149250007e-01 4.624540805816650391e-01 4.700583616892498595e-01 4.672300815582274280e-01 4.614437023798624304e-01 4.650748570760089851e-01
4.603502353032430383e-01 4.630448420842485091e-01 4.520628849665325744e-01 4.773153066635129060e-01 4.684794346491498174e-01 4.653195937474567390e-01 4.698963960011804386e-01 4.757792552312215539e-01 4.651521841684977399e-01 4.812654654184976288e-01 4.712885618209834426e-01 4.696785608927407374e-01 4.721272389094032240e-01 4.624454180399581449e-01 4.546405871709189861e-01 4.639137983322147440e-01
4.663288593292234663e-01 4.535993337631223921e-01 4.568165938059491338e-01 4.764664967854816968e-01 4.611202081044514234e-01 4.655678272247314453e-01 4.787920713424683727e-01 4.670708576838173975e-01 4.677712917327879749e-01 4.824075698852535732e-01 4.692935546239219158e-01 4.602827628453577957e-01 4.678920904795324520e-01 4.593533674875895922e-01 4.584080378214516194e-01 4.604721864064535986e-01
4.794401725133257686e-01 4.546800057093298708e-01 4.634397824605307470e-01 4.745645523071286842e-01 4.633071819941206315e-01 4.653233289718626819e-01 4.708495537439980616e-01 4.634125630060829115e-01 4.744457006454466663e-01 4.793877998987837175e-01 4.616533120473222396e-01 4.612590074539186791e-01 4.700601498285934543e-01 4.669744968414307751e-01 4.495426416397094727e-01 4.637100696563716817e-01
4.671505689620972790e-01 4.516958793004359207e-01 4.534999132156376511e-01 4.657067855199175654e-01 4.619437456130978115e-01 4.643973906834916732e-01 4.721627632776894679e-01 4.673630793889362867e-01 4.662423531214394123e-01 4.796008666356406103e-01 4.679317871729536948e-01 4.667010307312009498e-01 4.727180798848472087e-01 4.611491362253825055e-01 4.528034925460813764e-01 4.581609567006431627e-01
4.657461245854699894e-01 4.520808060963951713e-01 4.671431382497152063e-01 4.771693547566729365e-01 4.603875478108723218e-01 4.700426657994585811e-01 4.693469603856405548e-01 4.646209875742590700e-01 4.628789822260541142e-01 4.816090663274131822e-01 4.662684599558516441e-01 4.553460280100501967e-01 4.800927639007569470e-01 4.603638648986814741e-01 4.505576690038048393e-01 4.730171362558999171e-01
4.572712580362955914e-01 4.573152462641394966e-01 4.591765006383261016e-01 4.654763539632164604e-01 4.628522793451941286e-01 4.657038847605388665e-01 4.680071671803792688e-01 4.664771159489948804e-01 4.720305999120072982e-01 4.843922058741255698e-01 4.666425387064618291e-01 4.598916769027708296e-01 4.666564067204789223e-01 4.535636504491173393e-01 4.600727160771687085e-01 4.638022184371944356e-01
4.699660936991371107e-01 4.604099988937377375e-01 4.571580886840820868e-01 4.652130603790285979e-01 4.570335149765016314e-01 4.655628601710003478e-01 4.724334081013997766e-01 4.630578358968101549e-01 4.649612506230667019e-01 4.738030036290483138e-01 4.594336748123173386e-01 4.558477799097696015e-01 4.709157943725578166e-01 4.662836392720539624e-01 4.590449333190920189e-01 4.656188885370885489e-01
4.703714052836099890e-01 4.572879870732624585e-01 4.626743396123249585e-01 4.762572844823202423e-01 4.574359655380250134e-01 4.558665355046589429e-01 4.746900002161662524e-01 4.724835554758707867e-01 4.637959400812785016e-01 4.715654850006102405e-01 4.683763583501174832e-01 4.615941445032759050e-01 4.787168900171917540e-01 4.583628177642821155e-01 4.521369934082033470e-01 4.613123337427771919e-01
4.647934436798094038e-01 4.489831924438479338e-01 4.574376742045082045e-01 4.740966955820718476e-01 4.641156196594239947e-01 4.694378773371377656e-01 4.675163427988690001e-01 4.697974125544228663e-01 4.681715170542399829e-01 4.784785509109494850e-01 4.688889185587566399e-01 4.631728728612264923e-01 4.690201679865516615e-01 4.545120398203527645e-01 4.554774761199952837e-01 4.622293313344317811e-01
4.764684041341148424e-01 4.573407173156739947e-01 4.575072129567463453e-01 4.801917076110839844e-01 4.606228272120159728e-01 4.712483088175457024e-01 4.721573193867994456e-01 4.647520780563354492e-01 4.683391650517783056e-01 4.893836975097654585e-01 4.779777129491173393e-01 4.657575686772665313e-01 4.713796774546301638e-01 4.675486882527666310e-01 4.552227258682249311e-01 4.576056400934853108e-01
4.665307203928629187e-01 4.559905529022220128e-01 4.642744064331055798e-01 4.726623296737674784e-01 4.676540692647297437e-01 4.661032756169638525e-01 4.724756081899007532e-01 4.774298270543415601e-01 4.703861077626548259e-01 4.855021635691318949e-01 4.665346940358481853e-01 4.569727579752605462e-01 4.687186876932781243e-01 4.671579599380495940e-01 4.597662687301637408e-01 4.625002543131510602e-01
4.612038135528559457e-01 4.611898263295494127e-01 4.641906023025514361e-01 4.691510597864790300e-01 4.727916320164997077e-01 4.732270638147986208e-01 4.686924219131474167e-01 4.690182209014889247e-01 4.666717847188318613e-01 4.807573556900027745e-01 4.654018084208169093e-01 4.664408763249717205e-01 4.758840799331662819e-01 4.626569350560504335e-01 4.573289950688675387e-01 4.597240686416630417e-01
4.612811803817748468e-01 4.551136493682860773e-01 4.606977701187132679e-01 4.732815027236935701e-01 4.658661286036172022e-01 4.680910110473630037e-01 4.670254786809284187e-01 4.699888229370113302e-01 4.633017381032311088e-01 4.796717961629234916e-01 4.704275528589882960e-01 4.632075627644856031e-01 4.723838567733767424e-01 4.632087151209516307e-01 4.570595820744833282e-01 4.680066903432208991e-01
4.614291191101069223e-01 4.527986049652101275e-01 4.587098757425939199e-01 4.629288911819458008e-01 4.616653124491371107e-01 4.647843043009438069e-01 4.720860719680784467e-01 4.640236695607505846e-01 4.666074911753336774e-01 4.857345819473268267e-01 4.655743042627972783e-01 4.604611396789553002e-01 4.707707166671756260e-01 4.582983652750649006e-01 4.579076369603476415e-01 4.658223390579224743e-01
4.687376817067461232e-01 4.493766228357948811e-01 4.636663198471073222e-01 4.615003665288290313e-01 4.700503349304203660e-01 4.576560656229654578e-01 4.805683294932047156e-01 4.731088081995644679e-01 4.624211390813188216e-01 4.776082436243692109e-01 4.665073951085408899e-01 4.576430718104043116e-01 4.649845759073889528e-01 4.598881006240845837e-01 4.546100298563642839e-01 4.633989334106445868e-01
4.687323967615768527e-01 4.565630753835042688e-01 4.606839418411255438e-01 4.688115914662679962e-01 4.634766181310017163e-01 4.683330456415810694e-01 4.766547282536824359e-01 4.633237520853679681e-01 4.656300942103067664e-01 4.789481163024901234e-01 4.773836930592850747e-01 4.639691511789958422e-01 4.657942056655883234e-01 4.641683896382650110e-01 4.623141288757328105e-01 4.671243429183958851e-01
4.607685009638469165e-01 4.647275606791180236e-01 4.615532557169591543e-01 4.675378799438478228e-01 4.667615890502929132e-01 4.663721323013305109e-01 4.702596267064412250e-01 4.617060820261638110e-01 4.637877146402993311e-01 4.791480700174966523e-01 4.664395650227865509e-01 4.638601144154869127e-01 4.783947865168253211e-01 4.580048720041907107e-01 4.538755416870119408e-01 4.622556368509925240e-01
4.621073404947919072e-01 4.538413683573410129e-01 4.596509933471675247e-01 4.768026272455852532e-01 4.637387593587237178e-01 4.736548662185666170e-01 4.743573665618892599e-01 4.628336429595947266e-01 4.716382026672363836e-01 4.811248381932574092e-01 4.625279506047567102e-01 4.632667303085326038e-01 4.742943048477171186e-01 4.597278833389282227e-01 4.581065972646077289e-01 4.666386842727658912e-01
4.635155995686848773e-01 4.665260712305703827e-01 4.601310491561891314e-01 4.721167087554934416e-01 4.667367537816365375e-01 4.684815406799318627e-01 4.724537134170531116e-01 4.673876762390138384e-01 4.692476193110146077e-01 4.777591625849405554e-01 4.671566883722939600e-01 4.638992945353186403e-01 4.669166803359980911e-01 4.578869740168253211e-01 4.596349000930786688e-01 4.709477424621583697e-01
4.643073876698812774e-01 4.576867024103801196e-01 4.552159309387212027e-01 4.696558713912968863e-01 4.656776587168374726e-01 4.674614270528160698e-01 4.783117771148680530e-01 4.696203867594401782e-01 4.706126054128010328e-01 4.771847724914550781e-01 4.719907840092978368e-01 4.599917332331341924e-01 4.686182737350467198e-01 4.556342760721849849e-01 4.586880604426065711e-01 4.649608532587686804e-01
4.651805957158410276e-01 4.623686472574873307e-01 4.528240760167443479e-01 4.721841812133787397e-01 4.706427653630576025e-01 4.658679167429609080e-01 4.817078113555910424e-01 4.674340883890784615e-01 4.729522466659550894e-01 4.786034027735392438e-01 4.719971418380738970e-01 4.536027908325189761e-01 4.788636366526285992e-01 4.577163855234782641e-01 4.652935663859052440e-01 4.621289968490596145e-01
4.741278886795039504e-01 4.561124642690025377e-01 4.552677075068158330e-01 4.697187741597493305e-01 4.627642234166464696e-01 4.641842444737754869e-01 4.746327002843220844e-01 4.646232525507608124e-01 4.720456202824909187e-01 4.747474193572996382e-01 4.687937498092653033e-01 4.624134302139276120e-01 4.686628977457684142e-01 4.537965854008995659e-01 4.562292098999026768e-01 4.645102421442665053e-01
4.629724820454916290e-01 4.544271230697634611e-01 4.647739330927532220e-01 4.737676382064816560e-01 4.606476624806723486e-01 4.721885522206625274e-01 4.663553237915039062e-01 4.697444438934322841e-01 4.713861147562665166e-01 4.787804285685225425e-01 4.645855426788332299e-01 4.638616641362509063e-01 4.715602397918705613e-01 4.633703629175819350e-01 4.562836885452267732e-01 4.688858985900878351e-01
4.676922162373859382e-01 4.646095037460326593e-01 4.623071750005084968e-01 4.726519187291461921e-01 4.636885722478232830e-01 4.715804656346640478e-01 4.686247905095420330e-01 4.672560691833494984e-01 4.638560215632125949e-01 4.812843402226767431e-01 4.724382162094116766e-01 4.576532046000169052e-01 4.644575119018554132e-01 4.555241266886392304e-01 4.551326433817546868e-01 4.682775338490807737e-01
4.649585485458373468e-01 4.515078465143840258e-01 4.559549490610760314e-01 4.739904403686520662e-01 4.634307622909543123e-01 4.576479991277060400e-01 4.730490843454995820e-01 4.666419426600134090e-01 4.744758208592732562e-01 4.827864964803059711e-01 4.681820074717208402e-01 4.621724685033158919e-01 4.670756260553994843e-01 4.695801337560020494e-01 4.595521291097006134e-01 4.667332967122397314e-01
4.673782984415686959e-01 4.528229236602780428e-01 4.605729977289836352e-01 4.768945773442579972e-01 4.629666010538739385e-01 4.657595952351887836e-01 4.667087793350217506e-01 4.630659818649285886e-01 4.774605035781861462e-01 4.791568120320633395e-01 4.759866793950400798e-01 4.608618418375646786e-01 4.651576677958171313e-01 4.591162999471032347e-01 4.674022197723388672e-01 4.681888421376547149e-01
4.605980316797893548e-01 4.507808685302737706e-01 4.607985814412434156e-01 4.713916381200154992e-01 4.633995294570923407e-01 4.692632357279463151e-01 4.786336024602255712e-01 4.640541076660157915e-01 4.627038637797035170e-01 4.805173873901366077e-01 4.645361900329590399e-01 4.683980544408165025e-01 4.711694717407226562e-01 4.610527356465656812e-01 4.583325783411664744e-01 4.651608864466345028e-01
4.643092155456547410e-01 4.468231598536174798e-01 4.541689157485959694e-01 4.637872378031409060e-01 4.637088378270464162e-01 4.728808005650838031e-01 4.819420973459879187e-01 4.698041280110675788e-01 4.788827896118165173e-01 4.843011697133381421e-01 4.775080283482869281e-01 4.615472157796224328e-01 4.712411165237425648e-01 4.590974648793541002e-01 4.539007743199668377e-01 4.656021197636922571e-01
4.710299571355180959e-01 4.618754784266157487e-01 4.650623798370361328e-01 4.744869867960610499e-01 4.610269864400230455e-01 4.705734252929686945e-01 4.674191474914549671e-01 4.646956523259478944e-01 4.689712921778358412e-01 4.841524362564088579e-01 4.715021053949988716e-01 4.649588664372761859e-01 4.661689996719363127e-01 4.649565617243447968e-01 4.530046383539832466e-01 4.681492646535235780e-01
4.646511475245153622e-01 4.562547206878660444e-01 4.618554115295407936e-01 4.661023219426471131e-01 4.614243507385251686e-01 4.738959471384687205e-01 4.753785133361820847e-01 4.669402043024695192e-01 4.622829357782998749e-01 4.836174647013343209e-01 4.740380446116130853e-01 4.646083116531373736e-01 4.728375275929769250e-01 4.630064964294430263e-01 4.595740636189780681e-01 4.633108377456662264e-01
4.609317779541016735e-01 4.604236284891761177e-01 4.556080102920536112e-01 4.744209051132202148e-01 4.668085972468061229e-01 4.700795014699298280e-01 4.705251455307003505e-01 4.530567328135177707e-01 4.682874282201131000e-01 4.809225797653197132e-01 4.651643037796016067e-01 4.629927873611449085e-01 4.661655426025389515e-01 4.617245594660442931e-01 4.553287426630661106e-01 4.665944178899125161e-01
4.670562744140626110e-01 4.541050990422564326e-01 4.593646128972368459e-01 4.775256315867111856e-01 4.693028132120768414e-01 4.667178392410278320e-01 4.731551011403400397e-01 4.699578285217284601e-01 4.678448836008706757e-01 4.848175843556726816e-01 4.717290798823038922e-01 4.590659141540529009e-01 4.781248172124231144e-01 4.613287448883053310e-01 4.529373248418174236e-01 4.589461882909137702e-01
4.665042956670125696e-01 4.649875958760581462e-01 4.583214521408086606e-01 4.663111766179398598e-01 4.540464878082277056e-01 4.655670324961344586e-01 4.733618895212811650e-01 4.663328329722080667e-01 4.698754549026489813e-01 4.881059328715006140e-01 4.658646583557125576e-01 4.656500816345212623e-01 4.633960723876954790e-01 4.639610449473067222e-01 4.545396169026691413e-01 4.690579970677696831e-01
4.684489965438848325e-01 4.573818445205688477e-01 4.587487379709881408e-01 4.696389834086099890e-01 4.626013040542604760e-01 4.689282178878783069e-01 4.770985444386799390e-01 4.678616523742675781e-01 4.676025708516437507e-01 4.792309204737345563e-01 4.688438177108766314e-01 4.640655517578121669e-01 4.680696725845334139e-01 4.632326761881511157e-01 4.602812131245930805e-01 4.624491930007934570e-01
4.636978705724078553e-01 4.609489838282266883e-01 4.585567712783810146e-01 4.772532383600868733e-01 4.637486139933266749e-01 4.722084999084470991e-01 4.789057175318400805e-01 4.664856195449834098e-01 4.719870487848912832e-01 4.808846314748126960e-01 4.665518204371133515e-01 4.637181361516318212e-01 4.686270157496131294e-01 4.596519867579141327e-01 4.552245140075684704e-01 4.639808336893716523e-01
4.695002635320033035e-01 4.553209145863851282e-01 4.621499776840212181e-01 4.794849554697672711e-01 4.638676643371580921e-01 4.640499353408819028e-01 4.729226827621462736e-01 4.660143852233887274e-01 4.650612274805703272e-01 4.845873912175497900e-01 4.631847143173220549e-01 4.627744356791178570e-01 4.770416816075641053e-01 4.715715646743779965e-01 4.513397614161174798e-01 4.628295103708902070e-01
4.638913472493490509e-01 4.537624120712280273e-01 4.551792144775389515e-01 4.741874933242796186e-01 4.657327731450399688e-01 4.635748068491618024e-01 4.743475516637169487e-01 4.637556870778402063e-01 4.730902115503948235e-01 4.841174681981406658e-01 4.713160991668702837e-01 4.633055130640666430e-01 4.789082606633502381e-01 4.630044698715210516e-01 4.530662695566816667e-01 4.697923660278319202e-01
4.648561080296834125e-01 4.634025891621907922e-01 4.639976819356277926e-01 4.780708154042562774e-01 4.688197374343869295e-01 4.565980434417722389e-01 4.755076169967651367e-01 4.645682970682781798e-01 4.713706175486246930e-01 4.897301197051997512e-01 4.702113072077429567e-01 4.621978998184206322e-01 4.674066305160523016e-01 4.619306723276769833e-01 4.580128987630208148e-01 4.533089399337770220e-01
4.611550172170004736e-01 4.572973251342776213e-01 4.511400461196894973e-01 4.663849274317426463e-01 4.561904668807984509e-01 4.680552482604983244e-01 4.703434308369949801e-01 4.637741247812907086e-01 4.614248275756836493e-01 4.748649199803671728e-01 4.712857405344644257e-01 4.683201710383100291e-01 4.712745348612467078e-01 4.637863636016846258e-01 4.487585226694736362e-01 4.713661670684816118e-01
4.681523640950522314e-01 4.554460843404135595e-01 4.596273501714070453e-01 4.777663548787433045e-01 4.551223913828532641e-01 4.616635640462241619e-01 4.787150224049888103e-01 4.678323666254677327e-01 4.703209400177004174e-01 4.811647335688270521e-01 4.701923926671341958e-01 4.550946553548175233e-01 4.733609755833939059e-01 4.649322430292766595e-01 4.603055318196616619e-01 4.643663565317787123e-01
4.576449791590371796e-01 4.500792026519778721e-01 4.556695222854613148e-01 4.621698856353756990e-01 4.651882251103721111e-01 4.657762447992959132e-01 4.720228115717567952e-01 4.614843130111693781e-01 4.715601603190104907e-01 4.845167795817059697e-01 4.646849632263181373e-01 4.547569354375204931e-01 4.709655841191607295e-01 4.683693250020344867e-01 4.537464380264278341e-01 4.590194225311281517e-01
4.686429897944133227e-01 4.646029472351077549e-01 4.618226687113446416e-01 4.696495135625201600e-01 4.644426107406616211e-01 4.657175143559779129e-01 4.763809045155841249e-01 4.660404920578001819e-01 4.718496799468995806e-01 4.821582635243732429e-01 4.669206937154137260e-01 4.671124219894406959e-01 4.655158519744874157e-01 4.517735242843628485e-01 4.596843719482420210e-01 4.623698790868120412e-01
4.662647644678746817e-01 4.559921820958452998e-01 4.620265960693359375e-01 4.594711462656655421e-01 4.659850597381599013e-01 4.624914328257244689e-01 4.764784971872966790e-01 4.708141088485717218e-01 4.691306749979659574e-01 4.833850463231401107e-01 4.661763509114580928e-01 4.568585157394410290e-01 4.763396581013997766e-01 4.607520898183188884e-01 4.571315844853721111e-01 4.609719912211100445e-01
4.658387104670206891e-01 4.567964076995851275e-01 4.551283518473311362e-01 4.697153170903528019e-01 4.678696393966675915e-01 4.625368913014725192e-01 4.671402772267658210e-01 4.692924817403151261e-01 4.617355267206825209e-01 4.824856917063398143e-01 4.670349359512324661e-01 4.650884866714478649e-01 4.706728855768836373e-01 4.544221162796018842e-01 4.593135515848790762e-01 4.603007634480795196e-01
4.706004858016967773e-01 4.636347293853754770e-01 4.646842479705809992e-01 4.654335578282674524e-01 4.676286379496256695e-01 4.737546841303506007e-01 4.717047214508055530e-01 4.739774465560911976e-01 4.733109871546429259e-01 4.888352950414019960e-01 4.586497545242310125e-01 4.598235686620074647e-01 4.687465429306027498e-01 4.664579232533777042e-01 4.585072596867879602e-01 4.585798184076944617e-01
4.684067567189535986e-01 4.480235576629641447e-01 4.589172204335533745e-01 4.714275995890299664e-01 4.621926943461098780e-01 4.673382043838497091e-01 4.815379778544111034e-01 4.686371882756550367e-01 4.696461359659833135e-01 4.865850607554117468e-01 4.639862775802612860e-01 4.585796197255450624e-01 4.692233403523765056e-01 4.513887961705529417e-01 4.535779555638629335e-01 4.613311688105264929e-01
4.625760714213053015e-01 4.550555547078451446e-01 4.632687171300257645e-01 4.644719362258910578e-01 4.629631837209067791e-01 4.725208679835005143e-01 4.756733179092408892e-01 4.726047515869140625e-01 4.676704804102581048e-01 4.859308401743571149e-01 4.648707707722982141e-01 4.655814568201702142e-01 4.708972374598187072e-01 4.666259686152141595e-01 4.581012725830076460e-01 4.532538255055745813e-01
4.643935759862259927e-01 4.631088972091676470e-01 4.567513465881348766e-01 4.794652859369916142e-01 4.581047693888346539e-01 4.690148830413817249e-01 4.715144236882526929e-01 4.645844697952269953e-01 4.692015250523882131e-01 4.767959117889403742e-01 4.735688765843710790e-01 4.651774565378822279e-01 4.705255826314289069e-01 4.582180579503375983e-01 4.480882883071898859e-01 4.587515592575069912e-01
4.653442700703937507e-01 4.614229202270509478e-01 4.529286225636799390e-01 4.762078523635864258e-01 4.607355594635006435e-01 4.591842095057172002e-01 4.790793259938561643e-01 4.597616593043013511e-01 4.659225940704347924e-01 4.772788683573411239e-01 4.606291453043618866e-01 4.618810017903642318e-01 4.693403641382857261e-01 4.555272658665974750e-01 4.562679131825761458e-01 4.615604877471923828e-01
4.683608611424762147e-01 4.647071758906053951e-01 4.635334412256882919e-01 4.685942331949871087e-01 4.606307347615564152e-01 4.701530933380130839e-01 4.768356084823610619e-01 4.680152734120683888e-01 4.636344909667969860e-01 4.862370888392128498e-01 4.633380572001141728e-01 4.622794787089030688e-01 4.728873173395795049e-01 4.561508099238079095e-01 4.573306639989213052e-01 4.649244546890255458e-01
4.735629955927526669e-01 4.586465756098432323e-01 4.602686166763304554e-01 4.722259442011519925e-01 4.592407941818239525e-01 4.698185125986736321e-01 4.729708830515542139e-01 4.708802302678428697e-01 4.677295684814454790e-01 4.743311007817583858e-01 4.642930428187052594e-01 4.666875600814818781e-01 4.688680569330848646e-01 4.593035380045573102e-01 4.521080652872723760e-01 4.623825947443642725e-01
4.660082658131919353e-01 4.495925108591716790e-01 4.562732378641764508e-01 4.698056777318323496e-01 4.675697485605873616e-01 4.691444238026936109e-01 4.805655479431152344e-01 4.667561451594035571e-01 4.690240224202474328e-01 4.782268603642786942e-01 4.704291025797526782e-01 4.603914419809977399e-01 4.732032616933184999e-01 4.640655517578125555e-01 4.612447420756024541e-01 4.614575703938804674e-01
4.713767766952516869e-01 4.586001237233476857e-01 4.619795481363934142e-01 4.768852392832438891e-01 4.613559246063232977e-01 4.654504855473836078e-01 4.686383803685507665e-01 4.720326662063599743e-01 4.746277729670203560e-01 4.857579469680788908e-01 4.627759456634520929e-01 4.609857002894085509e-01 4.778832991917930650e-01 4.561799367268881134e-01 4.543557564417518568e-01 4.665654500325522869e-01
4.560867547988890491e-01 4.596979220708207192e-01 4.627919594446819884e-01 4.652896324793494576e-01 4.577114979426063490e-01 4.658474127451580071e-01 4.745970567067464008e-01 4.709004163742061544e-01 4.681677420934042266e-01 4.835383494695026929e-01 4.731074968973790762e-01 4.615293343861898157e-01 4.644000927607219720e-01 4.616761207580564741e-01 4.568607807159421053e-01 4.572002092997234923e-01
4.656090736389158491e-01 4.603966871897376967e-01 4.635740915934244977e-01 4.760253826777137709e-01 4.605106115341183193e-01 4.715237220128380424e-01 4.665320316950478108e-01 4.647503693898518140e-01 4.674160877863567931e-01 4.835197528203328265e-01 4.638772805531814480e-01 4.569884538650514361e-01 4.696450233459467105e-01 4.697745243708290608e-01 4.568422635396322540e-01 4.662493467330937613e-01
4.642817576726281925e-01 4.584442377090451881e-01 4.698445796966551624e-01 4.742922385533649976e-01 4.695478677749630458e-01 4.690588712692262963e-01 4.754929542541506127e-01 4.712393283843993586e-01 4.725977977116903039e-01 4.809464216232303135e-01 4.726404349009198369e-01 4.631215731302897876e-01 4.736627340316770240e-01 4.661089976628618459e-01 4.545080264409381288e-01 4.629265864690140231e-01
4.761559565862020782e-01 4.549044768015543250e-01 4.515444437662760602e-01 4.674128293991089977e-01 4.638371864954630164e-01 4.632326364517209139e-01 4.728537003199262956e-01 4.665298859278358412e-01 4.713480472564695045e-01 4.921078681945796895e-01 4.631073474884034868e-01 4.626902739206948945e-01 4.671251773834224630e-01 4.620102246602378337e-01 4.648354053497316118e-01 4.652177890141805938e-01
4.659531116485595703e-01 4.632598956425981185e-01 4.589477380116778193e-01 4.641589323679603529e-01 4.725657701492316232e-01 4.631509780883786287e-01 4.703012307484943366e-01 4.660152196884156384e-01 4.725364049275716516e-01 4.853524367014571683e-01 4.687225421269733960e-01 4.583400090535480476e-01 4.699227809906006414e-01 4.623225132624308453e-01 4.528590838114421868e-01 4.719101587931313624e-01
4.642008940378828385e-01 4.513400395711266722e-01 4.666064977645870138e-01 4.642152786254879482e-01 4.626548687616985345e-01 4.636840025583904290e-01 4.732623895009354653e-01 4.697691996892288668e-01 4.726099173227942818e-01 4.793111483256016214e-01 4.751751025517779725e-01 4.681417544682822673e-01 4.637015263239543938e-01 4.636527697245276802e-01 4.639512697855632806e-01 4.669342835744221265e-01
4.683670202891034862e-01 4.515068133672079376e-01 4.642827908198037812e-01 4.699463049570720141e-01 4.585058291753133508e-01 4.718078374862667568e-01 4.716333548227945593e-01 4.724431435267134605e-01 4.589991966883343322e-01 4.815189838409420497e-01 4.636847575505576580e-01 4.576009511947631836e-01 4.647688070933023163e-01 4.645013411839805095e-01 4.539701938629151501e-01 4.637133677800501230e-01
4.685003757476808861e-01 4.578793048858640913e-01 4.573976993560792126e-01 4.665472904841103108e-01 4.660323460896809711e-01 4.633301893870034327e-01 4.742151896158857127e-01 4.645885229110717218e-01 4.632994333902996087e-01 4.787902037302650959e-01 4.617789189020795604e-01 4.577389955520635989e-01 4.732031822204595395e-01 4.642062584559121241e-01 4.573646783828737572e-01 4.632923603057862993e-01
4.593572219212849750e-01 4.563727378845214289e-01 4.558556079864502508e-01 4.704925219217939714e-01 4.640845060348504081e-01 4.717748959859208169e-01 4.738022883733117308e-01 4.642612139383952008e-01 4.673506816228232275e-01 4.788045485814409474e-01 4.756229718526198691e-01 4.581034978230793531e-01 4.782253106435137013e-01 4.594223896662392725e-01 4.593991835912071831e-01 4.583324988683065704e-01
4.645815690358474637e-01 4.569289286931358940e-01 4.629665215810135903e-01 4.703266620635985218e-01 4.531676371892292554e-01 4.771697918574015485e-01 4.756750663121542821e-01 4.704035123189290180e-01 4.682964483896895347e-01 4.803455670674642297e-01 4.662003517150880016e-01 4.672929843266805383e-01 4.793959458669026508e-01 4.631407658259075744e-01 4.557373921076455781e-01 4.633069833119708436e-01
4.718805551528931219e-01 4.585522413253783069e-01 4.548533360163374284e-01 4.700893958409625983e-01 4.621735811233523838e-01 4.696778059005738415e-01 4.733643134435020494e-01 4.631903171539308306e-01 4.635476271311446683e-01 4.784309069315592078e-01 4.610705773035682076e-01 4.550297260284424383e-01 4.759845336278282213e-01 4.629240830739341783e-01 4.571917851765952001e-01 4.648459752400714295e-01
4.656880696614581483e-01 4.644943475723268822e-01 4.566787878672283196e-01 4.674005905787150805e-01 4.658148288726806086e-01 4.705054362614947694e-01 4.648563861846927159e-01 4.654813210169474469e-01 4.727511803309122351e-01 4.839878877003986335e-01 4.688356320063278293e-01 4.622609615325933285e-01 4.713772137959796327e-01 4.681485096613565711e-01 4.522538582483927594e-01 4.579641024271647320e-01
4.681910673777262555e-01 4.555446704228720556e-01 4.568907022476196289e-01 4.768807888031007525e-01 4.611343542734781531e-01 4.722325404485069322e-01 4.742113749186196991e-01 4.635674158732094874e-01 4.651381969451905962e-01 4.806851148605344459e-01 4.718652963638303999e-01 4.578777949015298554e-01 4.710055589675907206e-01 4.607010285059606747e-01 4.616346756617231151e-01 4.685735702514641776e-01
4.675104220708214964e-01 4.536456267038984635e-01 4.636153777440391588e-01 4.734768867492677447e-01 4.649584690729776648e-01 4.623938798904415060e-01 4.733999172846476422e-01 4.572799205780030962e-01 4.709270795186357161e-01 4.813748200734453975e-01 4.679630597432452577e-01 4.589789311091106994e-01 4.660395781199136445e-01 4.554581244786582439e-01 4.556773503621415755e-01 4.691833257675174229e-01
4.679878155390418404e-01 4.568132162094117876e-01 4.583711226781213566e-01 4.781325658162437486e-01 4.611360629399613997e-01 4.678444465001419528e-01 4.737847248713176751e-01 4.581919113794961640e-01 4.660864671071369703e-01 4.814888238906860352e-01 4.660888512929279304e-01 4.598920742670695727e-01 4.715081453323366478e-01 4.642032782236736321e-01 4.548916816711428557e-01 4.676955938339234509e-01
4.691785971323652049e-01 4.619712034861245820e-01 4.573202530543011290e-01 4.701576630274449942e-01 4.629802306493122077e-01 4.760042826334635047e-01 4.744949738184607857e-01 4.684895277023317650e-01 4.684152205785117595e-01 4.880919059117634351e-01 4.709546566009519264e-01 4.689709742863971687e-01 4.737972418467200075e-01 4.681411186854043116e-01 4.577232996622724870e-01 4.573292732238771752e-01
4.639124870300294634e-01 4.605050086975098766e-01 4.549718300501504609e-01 4.713198343912760047e-01 4.572024742762249572e-01 4.718112945556637849e-01 4.811427593231197841e-01 4.671922922134400524e-01 4.699734449386597235e-01 4.818629821141560132e-01 4.657918214797973633e-01 4.590579271316531096e-01 4.697490533192949513e-01 4.595001141230263264e-01 4.565005699793499017e-01 4.543170134226483525e-01
4.627382755279536020e-01 4.575156768163042842e-01 4.611668984095259605e-01 4.783792893091833309e-01 4.583981831868490509e-01 4.681360721588133100e-01 4.725884596506753632e-01 4.623710314432780133e-01 4.703326225280763939e-01 4.875143369038901220e-01 4.682055711746216375e-01 4.642035563786823249e-01 4.699911673863733097e-01 4.585479497909546454e-01 4.576523303985596258e-01 4.687859614690146337e-01
4.729694922765091958e-01 4.520053863525388960e-01 4.602113564809162671e-01 4.756058454513548139e-01 4.582368930180864552e-01 4.683134158452347817e-01 4.756466547648113274e-01 4.693208138147987873e-01 4.664486249287922992e-01 4.821895360946655273e-01 4.606365362803142571e-01 4.623654286066695152e-01 4.722572167714433888e-01 4.619901974995932470e-01 4.613537788391111061e-01 4.640649557113652457e-01
4.583243926366166177e-01 4.625111818313601963e-01 4.590231577555339837e-01 4.736498991648354084e-01 4.562228918075560968e-01 4.643893639246624017e-01 4.800210793813075583e-01 4.717412392298382384e-01 4.607074658075967499e-01 4.840372800827024147e-01 4.723298947016399407e-01 4.571792682011924791e-01 4.742501974105839402e-01 4.578862587610878498e-01 4.638973077138265344e-01 4.651817878087362024e-01
4.668681224187213319e-01 4.630495309829711359e-01 4.597535928090414337e-01 4.730796813964843195e-01 4.657054742177331175e-01 4.684417247772216242e-01 4.766337871551513672e-01 4.630291461944581743e-01 4.743413130442304393e-01 4.910118977228800641e-01 4.709281524022418397e-01 4.602274099985759204e-01 4.708664019902544240e-01 4.585347175598148972e-01 4.582511981328329376e-01 4.694420099258424517e-01
4.742913246154783491e-01 4.680807987848922824e-01 4.584813117980962027e-01 4.772592385609946697e-01 4.593134721120201713e-01 4.669708410898848472e-01 4.739579757054644960e-01 4.728180567423501679e-01 4.716366926829020367e-01 4.792225758234660016e-01 4.741624991099034903e-01 4.566023747126259358e-01 4.736241896947224750e-01 4.691197872161866900e-01 4.558040301005043538e-01 4.686805804570516321e-01
4.649967352549237987e-01 4.504877726236979352e-01 4.591759840647379187e-01 4.756821393966671474e-01 4.686530828475947708e-01 4.696637789408364960e-01 4.766911665598552728e-01 4.637892643610633248e-01 4.658228556315104352e-01 4.810915788014722971e-01 4.639753103256229472e-01 4.575156370798745264e-01 4.767815669377645782e-01 4.650973876317343603e-01 4.588902393976848071e-01 4.570012092590330921e-01
4.642063776652019524e-01 4.559909900029500696e-01 4.588366746902462490e-01 4.719561735788977974e-01 4.609634081522623328e-01 4.660722812016798722e-01 4.680398702621457740e-01 4.630606969197590406e-01 4.699293375015262120e-01 4.894276460011798835e-01 4.737778504689534320e-01 4.609177112579344038e-01 4.681305487950642163e-01 4.619632562001544374e-01 4.563328425089516749e-01 4.658670425415041283e-01
