4.642831087112427313e-01 4.573649168014530253e-01 4.614782333374022882e-01 4.728333552678425367e-01 4.587471882502235365e-01 4.632192452748614686e-01 4.639438788096106325e-01 4.662343263626098078e-01 4.702409505844114546e-01 4.831564029057821563e-01 4.677435557047525672e-01 4.563455581665043503e-01 4.694853623708085122e-01 4.602537949879962897e-01 4.643552700678507117e-01 4.706985950469974034e-01
4.752688407897950884e-01 4.577172199885053416e-01 4.590868552525839141e-01 4.677174886067707593e-01 4.649343490600588158e-01 4.752612511316937627e-01 4.743465979893998208e-01 4.680181741714477539e-01 4.672777652740481846e-01 4.847312370936074366e-01 4.633348385492960797e-01 4.622236092885335101e-01 4.743188619613643020e-01 4.678321282068884646e-01 4.640249808629357542e-01 4.584331115086874298e-01
4.686392545700071577e-01 4.598580598831175092e-01 4.550778865814206764e-01 4.665729602177933200e-01 4.563022851943973057e-01 4.637444416681928416e-01 4.730006853739424644e-01 4.672462940216067229e-01 4.695617755254110071e-01 4.834088087081912510e-01 4.763648112614949914e-01 4.584572315216065008e-01 4.681024551391597122e-01 4.599905411402382960e-01 4.510393937428792688e-01 4.601882696151731733e-01
4.622048139572143000e-01 4.517383575439454790e-01 4.598712126413985191e-01 4.647453228632605904e-01 4.559044440587364244e-01 4.654741287231444757e-01 4.765351613362628358e-01 4.671912988026931668e-01 4.707635243733723773e-01 4.790233373641971659e-01 4.651674032211304821e-01 4.587181409200035143e-01 4.669226408004757967e-01 4.640240669250489947e-01 4.546896616617839282e-01 4.651089509328205085e-01
4.666860500971473646e-01 4.555630286534625428e-01 4.552590449651083282e-01 4.674062331517530033e-01 4.637340704600015351e-01 4.659057060877481726e-01 4.745551347732542835e-01 4.625375668207803992e-01 4.639085133870440858e-01 4.839505751927692390e-01 4.647196928660074500e-01 4.664973020553588867e-01 4.679522911707557076e-01 4.597896337509154163e-01 4.541696707407635314e-01 4.694629510243727988e-01
4.650364716847738000e-01 4.563472270965571731e-01 4.634978373845416999e-01 4.717888037363685005e-01 4.713861942291261986e-01 4.709967374801636297e-01 4.720921516418458697e-01 4.614329735438026936e-01 4.688575267791749157e-01 4.750090837478634920e-01 4.638413985570274400e-01 4.591358900070187099e-01 4.702088832855222389e-01 4.663012822469081442e-01 4.588357607523599890e-01 4.629079500834143435e-01
4.682710965474448650e-01 4.542589187622065316e-01 4.532101154327397019e-01 4.701878627141318767e-01 4.686953624089556514e-01 4.648913939793904437e-01 4.709946711858111201e-01 4.639854033788049503e-01 4.646986722946166992e-01 4.824296236038206898e-01 4.760800600051879883e-01 4.628204107284545343e-01 4.638538757960000702e-01 4.644155502319337603e-01 4.576598803202313048e-01 4.671641588211059570e-01
4.667635361353554280e-01 4.473002354303999839e-01 4.533220529556271083e-01 4.768753846486410430e-01 4.547910292943318500e-01 4.737529357274375408e-01 4.660849173863728656e-01 4.636133909225467753e-01 4.641219774881997218e-01 4.750953118006390197e-01 4.671220382054642739e-01 4.562811056772869134e-01 4.722059567769364419e-01 4.530619382858275812e-01 4.594508806864420203e-01 4.605607191721598492e-01
4.595928192138672985e-01 4.572538932164505465e-01 4.612845579783124150e-01 4.720861117045084265e-01 4.650499820709229071e-01 4.694402615229287257e-01 4.736854632695518541e-01 4.635204474131264241e-01 4.686172405878701874e-01 4.873658418655394398e-01 4.639807939529420056e-01 4.639186461766560687e-01 4.711594978968305369e-01 4.657539526621503057e-01 4.602526823679604639e-01 4.668661753336589837e-01
4.675343434015911126e-01 4.570990006128944350e-01 4.573415517807008501e-01 4.725623528162639087e-01 4.647210041681923420e-01 4.682518641153973760e-01 4.799229303995770080e-01 4.609551827112831068e-01 4.623386065165205339e-01 4.812943140665691399e-01 4.700753291447955506e-01 4.606858491897580232e-01 4.661311308542887555e-01 4.619305133819582854e-01 4.482667843500772742e-01 4.627388318379717647e-01
4.713942209879558032e-01 4.599317312240600031e-01 4.577270746231079102e-01 4.716395139694216088e-01 4.643965164820353930e-01 4.662760496139523592e-01 4.711370865503947680e-01 4.735273122787473365e-01 4.693955580393474603e-01 4.815242290496830613e-01 4.618377685546873890e-01 4.662456909815474448e-01 4.705871343612668123e-01 4.693388541539511571e-01 4.577675263086957158e-01 4.709430138270060962e-01
4.660998185475666578e-01 4.639035463333133769e-01 4.567867120107017009e-01 4.656348228454589844e-01 4.629568656285604211e-01 4.685890277226767986e-01 4.682049751281736061e-01 4.644313653310138679e-01 4.614093701044719720e-01 4.835822184880571584e-01 4.701725641886394524e-01 4.674807389577231853e-01 4.747527440388994435e-01 4.603148698806758810e-01 4.654914538065595409e-01 4.631835222244266581e-01
4.745795726776120826e-01 4.537205696105958697e-01 4.582628806432088586e-01 4.689665635426847889e-01 4.560608466466264943e-01 4.634817838668822687e-01 4.817024469375608686e-01 4.628891547520955219e-01 4.699060519536332192e-01 4.826263586680092366e-01 4.662708044052120138e-01 4.653875430425001847e-01 4.689850807189940851e-01 4.631318648656210790e-01 4.581141471862792969e-01 4.615371227264403187e-01
4.701563517252606017e-01 4.584912856419879890e-01 4.582734107971184190e-01 4.669409990310670611e-01 4.642949501673387380e-01 4.723054170608520508e-01 4.636604388554884659e-01 4.649047454198199092e-01 4.719080527623489840e-01 4.831154346466064453e-01 4.671154419581097228e-01 4.633046388626100853e-01 4.692687193552654845e-01 4.618881940841674250e-01 4.589197238286337743e-01 4.613227446873981452e-01
4.699621995290118592e-01 4.540086587270102947e-01 4.560233354568481445e-01 4.706612825393672872e-01 4.655486742655436383e-01 4.685310920079552854e-01 4.726479450861610365e-01 4.684675534566241639e-01 4.616701205571489552e-01 4.786409536997475178e-01 4.687676827112830513e-01 4.669698079427081483e-01 4.720064798990887822e-01 4.563590288162230890e-01 4.719400008519487044e-01 4.702157179514565022e-01
4.666895071665440042e-01 4.543017943700153882e-01 4.637767076492307905e-01 4.668458302815756134e-01 4.685196081797279866e-01 4.681869347890215693e-01 4.795564810434977399e-01 4.676613410313922858e-01 4.646326700846355462e-01 4.827756484349567390e-01 4.606454769770304547e-01 4.639136393864948804e-01 4.770828485488886050e-01 4.599750439325966389e-01 4.551906585693357155e-01 4.663525422414143695e-01
4.657819271087644819e-01 4.532242218653358412e-01 4.618121782938638953e-01 4.704722563425696724e-01 4.628953138987225158e-01 4.708677530288700730e-01 4.731546640396118719e-01 4.628488620122273578e-01 4.718865156173704944e-01 4.783590634663896779e-01 4.641700188318887976e-01 4.689764976501461513e-01 4.699738820393877248e-01 4.618845780690506442e-01 4.572394688924156236e-01 4.676924943923952416e-01
4.746850331624345443e-01 4.526230096817016046e-01 4.580953518549603642e-01 4.781912962595622485e-01 4.667870601018271337e-01 4.690812826156616766e-01 4.755558570226035564e-01 4.691028594970705345e-01 4.700639247894284889e-01 4.783919254938762133e-01 4.642874399820960951e-01 4.582036336263017873e-01 4.720438321431476569e-01 4.628925323486323129e-01 4.570764303207395796e-01 4.699937105178834673e-01
4.714783827463785437e-01 4.543504317601522735e-01 4.571485122044880445e-01 4.761283795038858679e-01 4.598066806793214001e-01 4.655882120132442958e-01 4.716897010803224322e-01 4.630082448323565858e-01 4.713196754455567516e-01 4.846804539362586928e-01 4.711740016937258635e-01 4.675710598627729198e-01 4.771191279093423554e-01 4.617164532343548400e-01 4.578143755594887843e-01 4.613346258799231880e-01
4.637732108434039491e-01 4.543957710266113281e-01 4.533876578013102954e-01 4.722054004669188343e-01 4.646488030751544374e-01 4.730505148569741358e-01 4.701412121454873749e-01 4.700139760971068781e-01 4.687023560206095008e-01 4.847537279129026100e-01 4.637805223464963600e-01 4.566117127736408765e-01 4.678873618443805671e-01 4.618577162424724603e-01 4.522302150726317804e-01 4.757909774780273993e-01
4.642884731292729050e-01 4.521780014038086493e-01 4.697733322779336085e-01 4.719143708546954530e-01 4.586932261784867348e-01 4.748950799306235204e-01 4.751109282175699500e-01 4.730886618296305524e-01 4.725749890009566245e-01 4.804345369338989813e-01 4.721375703811644953e-01 4.580031236012778728e-01 4.630824724833168538e-01 4.593627452850340687e-01 4.564768870671591650e-01 4.646102984746295350e-01
4.653688669204709139e-01 4.578849077224729225e-01 4.592915773391719192e-01 4.725729624430338727e-01 4.683379332224529290e-01 4.688932895660401501e-01 4.758535226186115241e-01 4.642429749170938758e-01 4.661641915639249678e-01 4.801299174626664223e-01 4.688564936319987719e-01 4.547018210093181634e-01 4.641315539677939306e-01 4.613706668217973927e-01 4.610875844955444891e-01 4.640404780705766896e-01
4.596801201502481171e-01 4.604544242223101436e-01 4.644767840703329931e-01 4.652778704961138545e-01 4.683783451716104218e-01 4.735529025395712188e-01 4.699156284332277056e-01 4.695057471593222509e-01 4.662306706110637688e-01 4.768416086832684142e-01 4.581989447275797711e-01 4.697279930114743318e-01 4.649495681126917246e-01 4.629454215367632686e-01 4.571103254954014261e-01 4.636794726053872773e-01
4.652651151021326981e-01 4.646407763163248883e-01 4.625858465830488542e-01 4.721148808797202001e-01 4.614439805348716783e-01 4.548116127649945994e-01 4.777241945266724743e-01 4.654518763224287925e-01 4.767038424809775798e-01 4.839462041854854513e-01 4.655993779500323670e-01 4.566162029902137709e-01 4.706184069315594853e-01 4.672148625055949078e-01 4.583271344502766742e-01 4.675484895706175648e-01
4.629612366358438202e-01 4.620271921157831918e-01 4.561062256495154732e-01 4.655052423477172852e-01 4.675515492757162939e-01 4.671002626419070158e-01 4.641588131586716903e-01 4.681940078735353228e-01 4.669676224390669206e-01 4.933465321858722663e-01 4.603789647420250541e-01 4.608929157257077303e-01 4.714397589365638686e-01 4.634366035461423561e-01 4.619638522466020247e-01 4.619114001592002361e-01
4.685359398523968322e-01 4.617693424224857401e-01 4.619068304697669936e-01 4.741949240366618579e-01 4.543502330780030407e-01 4.624618291854859509e-01 4.729491074879967893e-01 4.713910420735675788e-01 4.676975011825559303e-01 4.832118749618531384e-01 4.649276733398435280e-01 4.605480829874677995e-01 4.722858667373657782e-01 4.563452402750645676e-01 4.608294963836671032e-01 4.654143651326496656e-01
4.653637011845905835e-01 4.625385999679566540e-01 4.604800939559943740e-01 4.686156908671061383e-01 4.667497078577678704e-01 4.675264358520503927e-01 4.722960789998371656e-01 4.720837275187176330e-01 4.659111897150673975e-01 4.825507402420044500e-01 4.616271654764809163e-01 4.494891961415609649e-01 4.675891796747843054e-01 4.647567669550581315e-01 4.576835632324214864e-01 4.623757203420001960e-01
4.761010408401489813e-01 4.591389894485473633e-01 4.572517474492392986e-01 4.718415737152096834e-01 4.655476013819373482e-01 4.671268065770465272e-01 4.722746213277183025e-01 4.671613772710164758e-01 4.596124092737832734e-01 4.815302689870200048e-01 4.568487803141274561e-01 4.605573415756226141e-01 4.766464630762738963e-01 4.669796228408814587e-01 4.541544516881304006e-01 4.658669630686441132e-01
4.662974278132121508e-01 4.535476764043169240e-01 4.599774678548171902e-01 4.728997945785519685e-01 4.535224040349328800e-01 4.700762430826823657e-01 4.688207308451334265e-01 4.679960012435914751e-01 4.648030201594031685e-01 4.795626799265543805e-01 4.700240691502891588e-01 4.677007595698040032e-01 4.740227858225499746e-01 4.655191103617356552e-01 4.601374069849648030e-01 4.658426443735756983e-01
4.665554761886595014e-01 4.541355371475219727e-01 4.603775342305500562e-01 4.716457128524780829e-01 4.640224377314249304e-01 4.714130957921344733e-01 4.718983570734658906e-01 4.744645357131954677e-01 4.623615344365432089e-01 4.853432973225911273e-01 4.688723087310791571e-01 4.598840475082394130e-01 4.709068139394126384e-01 4.639973243077595844e-01 4.641393820444746354e-01 4.687871535619096419e-01
4.595805009206134217e-01 4.525382121404012414e-01 4.634926319122314453e-01 4.689679145812988836e-01 4.594797293345133093e-01 4.634604851404824921e-01 4.797920385996499726e-01 4.613502820332846532e-01 4.595464070638021203e-01 4.865634044011434289e-01 4.729129076004027210e-01 4.590337276458740789e-01 4.629223346710201747e-01 4.665854374567663942e-01 4.511835972468057343e-01 4.634162982304887435e-01
4.655052423477173407e-01 4.576931397120156397e-01 4.536467393239336232e-01 4.714694420496621796e-01 4.617127974828085235e-01 4.653722842534376292e-01 4.741702874501546039e-01 4.724853436152142705e-01 4.675150712331139768e-01 4.796820481618252474e-01 4.619423151016232021e-01 4.587551752726236609e-01 4.704632361729937373e-01 4.571985403696697814e-01 4.597425858179728930e-01 4.741627375284828694e-01
4.725252787272138932e-01 4.596755107243856164e-01 4.585878451665240663e-01 4.675957361857100425e-01 4.527708689371744422e-01 4.617416063944502214e-01 4.752899010976152083e-01 4.719414710998537932e-01 4.589330355326334820e-01 4.786897102991737873e-01 4.620738029479983799e-01 4.578009446461992482e-01 4.722594817479449092e-01 4.573307434717817643e-01 4.590217272440589857e-01 4.675323963165284313e-01
4.714319308598833302e-01 4.655913114547729492e-01 4.647300640741983679e-01 4.729176362355542729e-01 4.564621448516847368e-01 4.621837139129640892e-01 4.758089383443192544e-01 4.699867963790894110e-01 4.609823226928707052e-01 4.870774348576865087e-01 4.654270807902020080e-01 4.671191374460857415e-01 4.706627130508423962e-01 4.646890560785928992e-01 4.508438507715859522e-01 4.641065200169884886e-01
4.656674861907956209e-01 4.617737929026284882e-01 4.540882507960001258e-01 4.644558032353715560e-01 4.647138516108197392e-01 4.681291580200196978e-01 4.654285113016761732e-01 4.733763535817462342e-01 4.731275637944539758e-01 4.834291537602738442e-01 4.651339848836263946e-01 4.610182841618853944e-01 4.742931127548216663e-01 4.586648543675742040e-01 4.616579612096153307e-01 4.683904250462848085e-01
4.613567988077801885e-01 4.632722934087119548e-01 4.609566529591881956e-01 4.797772963841759886e-01 4.613416989644364419e-01 4.724952379862469298e-01 4.769289493560789350e-01 4.691463311513262568e-01 4.686382611592610492e-01 4.879491329193117455e-01 4.632995923360192503e-01 4.593782027562457460e-01 4.626402060190837329e-01 4.595018625259398304e-01 4.559353590011600565e-01 4.691324631373083864e-01
4.667594432830807771e-01 4.551803270975748883e-01 4.618772665659586218e-01 4.724769989649455493e-01 4.597516457239786414e-01 4.681868950525914230e-01 4.724582831064857991e-01 4.686756134033205345e-01 4.674213727315264522e-01 4.828533331553139796e-01 4.804027080535886451e-01 4.590976238250734642e-01 4.775730371475221947e-01 4.615549246470133093e-01 4.537302652994792407e-01 4.625908136367797296e-01
4.630363384882610345e-01 4.551649888356532059e-01 4.619699319203692811e-01 4.706986347834269946e-01 4.649490118026735619e-01 4.671831528345743445e-01 4.749332666397097502e-01 4.662134250005088298e-01 4.664011796315513658e-01 4.834571679433189439e-01 4.582622845967613268e-01 4.640610218048092928e-01 4.696185986200967499e-01 4.615143140157064727e-01 4.579152663548790025e-01 4.589136838912965533e-01
4.688535531361898712e-01 4.578849077224730890e-01 4.606814384460452549e-01 4.711962540944414912e-01 4.571240743001301343e-01 4.651698668797807912e-01 4.725882609685262414e-01 4.594777425130214810e-01 4.666817188262938898e-01 4.872177044550577985e-01 4.667490720748899147e-01 4.668404261271162925e-01 4.718628724416099041e-01 4.627472162246702991e-01 4.600094159444172437e-01 4.607550303141276227e-01
4.588690598805743592e-01 4.687951803207396906e-01 4.570828278859454530e-01 4.721654256184894538e-01 4.625804821650184584e-01 4.648749430974324359e-01 4.715314706166586212e-01 4.727586905161541564e-01 4.731159210205074794e-01 4.868876536687213874e-01 4.696459770202637274e-01 4.572921991348264936e-01 4.738729000091552734e-01 4.544402360916136030e-01 4.665510257085167534e-01 4.590800205866499839e-01
4.644652605056764361e-01 4.531901677449539645e-01 4.542744159698490214e-01 4.753755728403725733e-01 4.574764569600423547e-01 4.669839143753051758e-01 4.792584578196207867e-01 4.625608523686731144e-01 4.642438093821208422e-01 4.857658545176188891e-01 4.680527846018474047e-01 4.638919035593666029e-01 4.709728161493935694e-01 4.589356978734337456e-01 4.541567961374918805e-01 4.678775072097776655e-01
4.614297946294149133e-01 4.586425622304282634e-01 4.617958863576249184e-01 4.687920808792114813e-01 4.589215914408369401e-01 4.644549687703448115e-01 4.727522532145184142e-01 4.643863042195637281e-01 4.640045960744219045e-01 4.857003688812255304e-01 4.706032673517860920e-01 4.639485279719036681e-01 4.662743806838988703e-01 4.690030018488561270e-01 4.539451201756794507e-01 4.664944410324099455e-01
4.701317946116128077e-01 4.582949876785273324e-01 4.563920100529985091e-01 4.707744518915810139e-01 4.601003328959147876e-01 4.685810804367064319e-01 4.715284506479897608e-01 4.657275279362994014e-01 4.687064488728842071e-01 4.779645999272668089e-01 4.677933057149250007e-01 4.547149340311686938e-01 4.731872081756592907e-01 4.594961007436118572e-01 4.669241110483802193e-01 4.581128358840946269e-01
4.598637421925862445e-01 4.539696375528973760e-01 4.624612331390386966e-01 4.715904792149863134e-01 4.673829873402912116e-01 4.653468529383339436e-01 4.781054258346552621e-01 4.646492401758832713e-01 4.589388370513913795e-01 4.905341863632204369e-01 4.626673857371010334e-01 4.651238520940143006e-01 4.711306492487592479e-01 4.665700991948444898e-01 4.575326840082805102e-01 4.631434679031371515e-01
4.663357337315877094e-01 4.508399963378910691e-01 4.668732881546022173e-01 4.696635405222573389e-01 4.563086827596034012e-01 4.619048436482748321e-01 4.647810061772663093e-01 4.749013980229693788e-01 4.714004198710127769e-01 4.819202820460001813e-01 4.688962300618491619e-01 4.586933453877765077e-01 4.675373236338297156e-01 4.637560844421385609e-01 4.592682520548507230e-01 4.669938484827675929e-01
4.685415824254351436e-01 4.608957767486575041e-01 4.623273213704428009e-01 4.695331255594888953e-01 4.726103941599528735e-01 4.624603986740114525e-01 4.667286872863768976e-01 4.660124778747556928e-01 4.701023101806638405e-01 4.829306999842325476e-01 4.759589036305750809e-01 4.599152406056723486e-01 4.709315697352087215e-01 4.528155724207558186e-01 4.509234031041459700e-01 4.669588804244993452e-01
4.665828148523963881e-01 4.586270252863563490e-01 4.629865884780881014e-01 4.720863501230876946e-01 4.656517505645748622e-01 4.638437827428182891e-01 4.715691010157266883e-01 4.637184540430709379e-01 4.726447264353434985e-01 4.814592202504479612e-01 4.710745016733806079e-01 4.617632230122887260e-01 4.734898805618288353e-01 4.575369755427036722e-01 4.505243698755900250e-01 4.631049235661823804e-01
4.761674801508584687e-01 4.512397448221839857e-01 4.554213682810463459e-01 4.695189793904625541e-01 4.593479633331296608e-01 4.676628510157265217e-01 4.685447216033932216e-01 4.667852719624834279e-01 4.641550381978353790e-01 4.856292406717935828e-01 4.700213670730592486e-01 4.618216753005983666e-01 4.695234696070353930e-01 4.664061466852825744e-01 4.523040056228638806e-01 4.654471079508463727e-01
4.600758949915567109e-01 4.565691550572713586e-01 4.622793992360437199e-01 4.772804180781045069e-01 4.633806546529136150e-01 4.736961921056109248e-01 4.708263079325358813e-01 4.616794586181640070e-01 4.697842200597129314e-01 4.884768724441530541e-01 4.627129634221392451e-01 4.616466363271081730e-01 4.675529797871911253e-01 4.632834593454993599e-01 4.605446259180703827e-01 4.586541652679438363e-01
4.668461084365845282e-01 4.588676293690999164e-01 4.530774354934691828e-01 4.728938738505044648e-01 4.560336669286093603e-01 4.680833419164023845e-01 4.737317164738971687e-01 4.722718000411985639e-01 4.735266367594400116e-01 4.798076550165808474e-01 4.649546941121420196e-01 4.600007136662798146e-01 4.716132879257201038e-01 4.580115874608358673e-01 4.613977670669557329e-01 4.627017577489213607e-01
4.637100299199420350e-01 4.554559389750161280e-01 4.562107721964516194e-01 4.744417667388920457e-01 4.615513086318970837e-01 4.709922870000202155e-01 4.793543815612793524e-01 4.620887041091922276e-01 4.726982514063518548e-01 4.863034486770629328e-01 4.634841680526735619e-01 4.658660491307572982e-01 4.720432360967006802e-01 4.534553686777749171e-01 4.599982102711995813e-01 4.656781355539961198e-01
4.588999748229982689e-01 4.563435316085814875e-01 4.606626033782955654e-01 4.670758247375491057e-01 4.621573686599732556e-01 4.646144310633344432e-01 4.732489983240758535e-01 4.634481271107990796e-01 4.671366612116495398e-01 4.848824342091880846e-01 4.785147110621134625e-01 4.619123935699459005e-01 4.622373978296918651e-01 4.609049956003826720e-01 4.559688568115233820e-01 4.626554250717164751e-01
4.629398981730146745e-01 4.688556591669721940e-01 4.621371428171795470e-01 4.710642099380492609e-01 4.602328936258950898e-01 4.695743322372435968e-01 4.725848038991290467e-01 4.741541941960648598e-01 4.693319797515869696e-01 4.853763977686563202e-01 4.657268921534222228e-01 4.616914192835486763e-01 4.695117870966594720e-01 4.601213534673052608e-01 4.594861268997193493e-01 4.642922480901082727e-01
4.690217177073161547e-01 4.572837750116984790e-01 4.597566127777105160e-01 4.710359175999959125e-01 4.618626435597734115e-01 4.633158047993976569e-01 4.686717987060548540e-01 4.702567259470622485e-01 4.714877605438232977e-01 4.834918181101480195e-01 4.681456883748371101e-01 4.681163231531780267e-01 4.730758666992191386e-01 4.607259829839065457e-01 4.567943016688034152e-01 4.644420941670742708e-01
4.701414108276363302e-01 4.599301815032956764e-01 4.575702746709186530e-01 4.735285441080733793e-01 4.684321085611976576e-01 4.668330748875937353e-01 4.659743706385297557e-01 4.631337722142535585e-01 4.652762413024902899e-01 4.852403402328489546e-01 4.704353411992387990e-01 4.655947287877403862e-01 4.785422881444297283e-01 4.610938628514608117e-01 4.600829283396403735e-01 4.627273082733149856e-01
4.679079850514732408e-01 4.582096338272093616e-01 4.595386584599809310e-01 4.738600254058833450e-01 4.675578673680622077e-01 4.639560778935752361e-01 4.746952056884766180e-01 4.706977605819699373e-01 4.680662949879968449e-01 4.778834581375119295e-01 4.693945248921714830e-01 4.589795271555580647e-01 4.715282917022703413e-01 4.650495052337645929e-01 4.584794441858924818e-01 4.653782844543457586e-01
4.621139367421471245e-01 4.577546914418543778e-01 4.599792559941608405e-01 4.742531379063923969e-01 4.667698542277022855e-01 4.650255839029945881e-01 4.674926598866779859e-01 4.656205177307128351e-01 4.654700358708697139e-01 4.870432217915856010e-01 4.762797753016154712e-01 4.626546303431192109e-01 4.710953632990516615e-01 4.652035236358638137e-01 4.543920755386350319e-01 4.596236546834311931e-01
4.635613361994427306e-01 4.542063077290851014e-01 4.589076836903890344e-01 4.681197007497152618e-01 4.654063383738200610e-01 4.626545906066895086e-01 4.714682896931964851e-01 4.603836139043175901e-01 4.738610982894899126e-01 4.964404503504436517e-01 4.657957156499225593e-01 4.669092496236163514e-01 4.726845423380531264e-01 4.669348796208698249e-01 4.578848282496130739e-01 4.660601218541466917e-01
4.748475154240930363e-01 4.572517474492386880e-01 4.548724492390952001e-01 4.739134311676025946e-01 4.597303072611491626e-01 4.600877364476518294e-01 4.752844572067266293e-01 4.707038799921672290e-01 4.724131822586056240e-01 4.865981340408321865e-01 4.621302286783852131e-01 4.629833300908408611e-01 4.716865619023639655e-01 4.660040537516274561e-01 4.577014446258547697e-01 4.645558595657351408e-01
4.696391026178998174e-01 4.566193819046023283e-01 4.573920170466106994e-01 4.712121884028113161e-01 4.658962885538740495e-01 4.649619658788045617e-01 4.719127416610718884e-01 4.627828995386762401e-01 4.827040433883664217e-01 4.835412104924521892e-01 4.691179196039834687e-01 4.677974383036295203e-01 4.743150472640992321e-01 4.610788027445476001e-01 4.549136161804197553e-01 4.641402165095010468e-01
4.649456342061362712e-01 4.561491807301840673e-01 4.577048222223917273e-01 4.649825890858970689e-01 4.622114499409995525e-01 4.634197552998863268e-01 4.729136228561397481e-01 4.695546229680374051e-01 4.716225862503053423e-01 4.854232072830199085e-01 4.582117795944214422e-01 4.600001176198324493e-01 4.685221513112388658e-01 4.659768740336102111e-01 4.519469738006592352e-01 4.607618252436320172e-01
4.646845658620202268e-01 4.589155912399291437e-01 4.598060448964437774e-01 4.684629837671920871e-01 4.579967260360718329e-01 4.691665569941201319e-01 4.743289550145470268e-01 4.711850086847944596e-01 4.643057187398270114e-01 4.890904426574709807e-01 4.607590436935419809e-01 4.635550181070960396e-01 4.710230827331543524e-01 4.565803607304890210e-01 4.579639434814458676e-01 4.613614877065024267e-01
4.701567888259888806e-01 4.556129773457841536e-01 4.601540168126425634e-01 4.729079405466714570e-01 4.590201775232949921e-01 4.668257633845009358e-01 4.727631807327271063e-01 4.636068344116209272e-01 4.700025717417395388e-01 4.777600367863975572e-01 4.664531151453655822e-01 4.629009962081910290e-01 4.660788377126057203e-01 4.619094133377075195e-01 4.586883783340452436e-01 4.650675853093470535e-01
4.646597703297935533e-01 4.548902114232379890e-01 4.535479942957560962e-01 4.759929180145262007e-01 4.622761011123655006e-01 4.693965911865232155e-01 4.675849278767904571e-01 4.683968226114907929e-01 4.547715981801349616e-01 4.782402118047079931e-01 4.648205439249675774e-01 4.599635998407997639e-01 4.766316413879395641e-01 4.598836898803708717e-01 4.567780892054238429e-01 4.578152100245156397e-01
4.621903101603191955e-01 4.533829689025879461e-01 4.526862700780229232e-01 4.741448561350508628e-01 4.638869365056354499e-01 4.661365350087486870e-01 4.684250354766845148e-01 4.660414059956866639e-01 4.740737676620483954e-01 4.836410681406655976e-01 4.699784119923905434e-01 4.666288693745929139e-01 4.676931699117022889e-01 4.688287576039634197e-01 4.519255161285403166e-01 4.590839147567749023e-01
4.665451049804687500e-01 4.566815296808881541e-01 4.616820017496744977e-01 4.701472123463951158e-01 4.654244184494021885e-01 4.738940795262654992e-01 4.701121648152671861e-01 4.672997395197550641e-01 4.686007102330523866e-01 4.815864562988286801e-01 4.564955234527582340e-01 4.582934776941935406e-01 4.700490633646648431e-01 4.602129459381104626e-01 4.533858299255374980e-01 4.599879582722981586e-01
4.721707105636597235e-01 4.581528107325238408e-01 4.556281169255577135e-01 4.728984038035077830e-01 4.676392078399655428e-01 4.625851313273113830e-01 4.659984509150185694e-01 4.673799673716227399e-01 4.652356704076135441e-01 4.866704146067304393e-01 4.663897752761841931e-01 4.598352909088133655e-01 4.659690856933589864e-01 4.637615283330280835e-01 4.604585568110149407e-01 4.661833842595418664e-01
4.615425268809000281e-01 4.546596209208166872e-01 4.572336673736572266e-01 4.752612113952632833e-01 4.617706139882408189e-01 4.730231761932375267e-01 4.758877356847125983e-01 4.658088286717733673e-01 4.639751911163330078e-01 4.863175551096601823e-01 4.728686809539789926e-01 4.620676438013716081e-01 4.684482415517174370e-01 4.607514540354409327e-01 4.571671883265179814e-01 4.713735580444337603e-01
4.696967204411823804e-01 4.578332901000976007e-01 4.551573594411205681e-01 4.768823782602947814e-01 4.601123332977293812e-01 4.573921362559002501e-01 4.800314505894977546e-01 4.681905905405676638e-01 4.650132656097411554e-01 4.841141303380326888e-01 4.674953619639081182e-01 4.676655530929562099e-01 4.740528265635172156e-01 4.638149738311762027e-01 4.571557839711509752e-01 4.693543513615924812e-01
4.684814214706424784e-01 4.589969714482621255e-01 4.629577000935871656e-01 4.755636056264241907e-01 4.576693773269652210e-01 4.590922196706133662e-01 4.856603145599362459e-01 4.664315780003865375e-01 4.679090976715082895e-01 4.875158866246536715e-01 4.742197593053180671e-01 4.600849946339926055e-01 4.713069995244341115e-01 4.635655085245768414e-01 4.579486449559531103e-01 4.640306631724038233e-01
4.632300535837807764e-01 4.614988565444943514e-01 4.569754203160604766e-01 4.680769840876259358e-01 4.591364065806073369e-01 4.718755086263017873e-01 4.781360626220704235e-01 4.681744575500486616e-01 4.746395746866860499e-01 4.894669850667313082e-01 4.730417728424074486e-01 4.647680521011353649e-01 4.709766705830893407e-01 4.607231616973872512e-01 4.555044174194336493e-01 4.675273895263674651e-01
4.655977487564088579e-01 4.534452756245936356e-01 4.571938117345171748e-01 4.779155651728312915e-01 4.652618567148844586e-01 4.725700219472250829e-01 4.730334679285685406e-01 4.695544242858885053e-01 4.684199889500932357e-01 4.831315279006957453e-01 4.705552260080973492e-01 4.619204998016359087e-01 4.674871365229289477e-01 4.635247786839806761e-01 4.552049239476520515e-01 4.681659936904910557e-01
4.606201648712156538e-01 4.536939462025958991e-01 4.524901310602825744e-01 4.726850986480715111e-01 4.656732082366942804e-01 4.668994744618732429e-01 4.689677556355794641e-01 4.635550975799559992e-01 4.656622409820559416e-01 4.865693251291911547e-01 4.669892390569050922e-01 4.660198688507083409e-01 4.645455678304037384e-01 4.644918044408164470e-01 4.521894454956054132e-01 4.654024442036943654e-01
4.623459577560428690e-01 4.577809572219847523e-01 4.548740784327185427e-01 4.601848920186361602e-01 4.713369210561113021e-01 4.700887997945152330e-01 4.742480516433714710e-01 4.705951611200970275e-01 4.620067675908405835e-01 4.871248006820680376e-01 4.698097705841063898e-01 4.609612623850508073e-01 4.724768797556556654e-01 4.512833754221601823e-01 4.588650465011596680e-01 4.606041908264161822e-01
4.651162624359131414e-01 4.586183230082192530e-01 4.590736627578733131e-01 4.694738388061524548e-01 4.605820973714190858e-01 4.665558338165283203e-01 4.772322177886965111e-01 4.731784264246622351e-01 4.699592590332032915e-01 4.829683701197307055e-01 4.629010756810509886e-01 4.662959178288778594e-01 4.678434928258259906e-01 4.622348149617514501e-01 4.594097534815469452e-01 4.621717929840084560e-01
4.618653456370038768e-01 4.557114839553834673e-01 4.579458634058630184e-01 4.673426151275635321e-01 4.595411221186319062e-01 4.724178711573281952e-01 4.752138455708818654e-01 4.703478813171385609e-01 4.747246503829957720e-01 4.792603254318237860e-01 4.629867871602374452e-01 4.613866011301678838e-01 4.812320073445639501e-01 4.532253742218018133e-01 4.563506046930950188e-01 4.685871203740438196e-01
4.674975077311196436e-01 4.560547669728599041e-01 4.562373161315915748e-01 4.659436543782554674e-01 4.593974351882933460e-01 4.672883749008178156e-01 4.699987173080441560e-01 4.623001416524253893e-01 4.685536623001103074e-01 4.887818098068240080e-01 4.633132616678874438e-01 4.596918026606242047e-01 4.734428723653157367e-01 4.561443726221719452e-01 4.579020341237384772e-01 4.671439727147421728e-01
4.607994159062701600e-01 4.595175981521611441e-01 4.533975124359129194e-01 4.740229845046994295e-01 4.564610322316489111e-01 4.702837467193602405e-01 4.714063405990601141e-01 4.586375157038369288e-01 4.703360398610434423e-01 4.781209230422973633e-01 4.667857885360721104e-01 4.672645727793373061e-01 4.676727056503300339e-01 4.580385287602739552e-01 4.555958509445191540e-01 4.621969461441041704e-01
4.630423784255981445e-01 4.601846933364868719e-01 4.579365253448487993e-01 4.697018464406330640e-01 4.665783643722534735e-01 4.739437500635780287e-01 4.688381751378379869e-01 4.672838052113850726e-01 4.719645977020266447e-01 4.749031464258829383e-01 4.692037900288900110e-01 4.557997783025108385e-01 4.698092540105184844e-01 4.627633889516195032e-01 4.603939851125082861e-01 4.632545312245683333e-01
4.723036686579381027e-01 4.524865150451657936e-01 4.576886892318728917e-01 4.664083719253538929e-01 4.651151895523071844e-01 4.688750902811688603e-01 4.667901595433552320e-01 4.746656417846680243e-01 4.689837296803791022e-01 4.828437964121503057e-01 4.655336538950605174e-01 4.556864897410073945e-01 4.744139115015667540e-01 4.593815406163533899e-01 4.585484663645426617e-01 4.556428988774621214e-01
4.685359795888264234e-01 4.627815882364910705e-01 4.572687546412155246e-01 4.735877116521199359e-01 4.645023743311560982e-01 4.651026328404744281e-01 4.758367935816446015e-01 4.690872828165688624e-01 4.761209487915040728e-01 4.820091327031456596e-01 4.676025311152140485e-01 4.614475170771280554e-01 4.700316985448200757e-01 4.617841641108193507e-01 4.615803956985475298e-01 4.671852191289263545e-01
4.654658635457353810e-01 4.619364341100052895e-01 4.491480588912964422e-01 4.744207064310707045e-01 4.683607419331863309e-01 4.725460608800253759e-01 4.722203413645426062e-01 4.597409566243487733e-01 4.740308523178098365e-01 4.821179310480749325e-01 4.689228534698490214e-01 4.650942087173462469e-01 4.674602746963502087e-01 4.611096382141114391e-01 4.555632670720418109e-01 4.629465738932294627e-01
4.656552473704017037e-01 4.592289129892987432e-01 4.584000905354815858e-01 4.686404863993326453e-01 4.710504213968914056e-01 4.639194409052528889e-01 4.717174768447883193e-01 4.707572062810264635e-01 4.769085645675660290e-01 4.730221827824909187e-01 4.679556290308632960e-01 4.616938432057697828e-01 4.674432277679442804e-01 4.655526081720990916e-01 4.571804602940879869e-01 4.614803393681842780e-01
4.735690355300902765e-01 4.699170589447022039e-01 4.598319927851362565e-01 4.641740322113042105e-01 4.628362258275348085e-01 4.698686202367147735e-01 4.776319662729898163e-01 4.659123023351034454e-01 4.647425413131717198e-01 4.927872419357302580e-01 4.645975033442178992e-01 4.648207028706865529e-01 4.756025473276778159e-01 4.658677180608112312e-01 4.646726449330643716e-01 4.649766683578490101e-01
4.688207705815632398e-01 4.584760268529255445e-01 4.573885599772133936e-01 4.721325238545734937e-01 4.628303845723467647e-01 4.672269423802691279e-01 4.760392904281616211e-01 4.662276506423951306e-01 4.613225062688195433e-01 4.772282838821411688e-01 4.563354651133218476e-01 4.688117901484173400e-01 4.764631986618044768e-01 4.631317059199012709e-01 4.541269143422446142e-01 4.672441482543944202e-01
4.702800114949538535e-01 4.565433263778686523e-01 4.564629395802821676e-01 4.714196125666300086e-01 4.635406732559204102e-01 4.653643767038982415e-01 4.720854759216310814e-01 4.698017835617062099e-01 4.690722624460854084e-01 4.885198275248208710e-01 4.640860160191851991e-01 4.660805463790894110e-01 4.741117159525552460e-01 4.599903424580896738e-01 4.497999747594202957e-01 4.606926441192628618e-01
4.597585598627733083e-01 4.502057234446206202e-01 4.609686136245725874e-01 4.668521881103515070e-01 4.640630086263020093e-01 4.713459412256875147e-01 4.732113281885781397e-01 4.697128534317017712e-01 4.721049467722578385e-01 4.819288253784178022e-01 4.643616278966266608e-01 4.590624968210859080e-01 4.690859715143841924e-01 4.629919528961183861e-01 4.550355672836298715e-01 4.672423203786211787e-01
4.597251812616980349e-01 4.546919266382856151e-01 4.594321250915526789e-01 4.769593079884847930e-01 4.633938868840526970e-01 4.648249149322513096e-01 4.729703664779665306e-01 4.651689132054645515e-01 4.671518405278524133e-01 4.811660051345820754e-01 4.611986080805461352e-01 4.636785586675006288e-01 4.670162200927732155e-01 4.657558202743533604e-01 4.577943086624142177e-01 4.666905403137209807e-01
4.632504383722941821e-01 4.563391606012982549e-01 4.617710908253985225e-01 4.705563783645632103e-01 4.612169265747070868e-01 4.678483009338375020e-01 4.702221949895223352e-01 4.692544937133790173e-01 4.701360066731771203e-01 4.881752332051594867e-01 4.697390794754026655e-01 4.647649129231770648e-01 4.753040472666421046e-01 4.597377777099611595e-01 4.487723112106327683e-01 4.681555430094403447e-01
4.681032896041870672e-01 4.558016459147133381e-01 4.605172077814740361e-01 4.635717868804933306e-01 4.597845474878947680e-01 4.615437984466554400e-01 4.757135311762489827e-01 4.698363939921063048e-01 4.686245520909627649e-01 4.818146228790282648e-01 4.690539836883545477e-01 4.590459267298380719e-01 4.695614178975425212e-01 4.619727134704593174e-01 4.571646054585777330e-01 4.593647321065266742e-01
4.620087146759036534e-01 4.654753605524700188e-01 4.616018136342365241e-01 4.738156795501709539e-01 4.677932659784950209e-01 4.663125673929849335e-01 4.754535754521688751e-01 4.692569971084590841e-01 4.682630697886150384e-01 4.806909163792930650e-01 4.715476433436076031e-01 4.555777311325072687e-01 4.706583023071288507e-01 4.571133454640704530e-01 4.625703096389773838e-01 4.622410535812382371e-01
4.651446342468264494e-01 4.557495514551795912e-01 4.575726191202793558e-01 4.712549845377603797e-01 4.647005001703895521e-01 4.747612873713175086e-01 4.705510934193931072e-01 4.603116909662885448e-01 4.656099875768026086e-01 4.799317916234329684e-01 4.724619388580325596e-01 4.628808498382570580e-01 4.642745653788249438e-01 4.639244079589839864e-01 4.571456511815388257e-01 4.690276384353637140e-01
4.662150939305621522e-01 4.597963492075595737e-01 4.615813493728639361e-01 4.779245058695475445e-01 4.570032358169557885e-01 4.637695948282879455e-01 4.674284060796101703e-01 4.658461809158321865e-01 4.615043799082436671e-01 4.824571212132774956e-01 4.644954601923626525e-01 4.567915598551430256e-01 4.699118137359613590e-01 4.644797643025722622e-01 4.507637421290078827e-01 4.695036411285403721e-01
4.628237883249918805e-01 4.574359258015952001e-01 4.619474013646449606e-01 4.697848558425902210e-01 4.663262367248537932e-01 4.716127713521323650e-01 4.724999666213989258e-01 4.690944353739421868e-01 4.650909900665282648e-01 4.766912460327145662e-01 4.644023577372231593e-01 4.643981854120889929e-01 4.794676303863525391e-01 4.641652901967363021e-01 4.519731998443602961e-01 4.667808214823403468e-01
4.629733959833778334e-01 4.514826138814288514e-01 4.590867360432942523e-01 4.780006011327108673e-01 4.649615287780760053e-01 4.726581970850627923e-01 4.647939602533973091e-01 4.567754268646239124e-01 4.667062362035119816e-01 4.867876370747887260e-01 4.784969091415406384e-01 4.688015381495159173e-01 4.717679421106976689e-01 4.583447376887002656e-01 4.506417115529376405e-01 4.652314186096195292e-01
