4.632840951283773712e-01 4.620676835378014768e-01 4.578009446461991372e-01 4.729042053222656250e-01 4.633017778396608111e-01 4.662812948226929821e-01 4.745369752248127515e-01 4.703111251195271625e-01 4.748932520548502234e-01 4.805221557617185280e-01 4.581082264582311270e-01 4.615840911865234375e-01 4.689675172170000295e-01 4.662084976832071015e-01 4.576739470163978529e-01 4.694480101267497485e-01
4.734353224436439467e-01 4.539633989334110331e-01 4.568999210993448523e-01 4.694926738739010896e-01 4.536619583765664210e-01 4.661943117777507251e-01 4.662319024403895340e-01 4.626969893773397735e-01 4.706599315007528594e-01 4.872850577036539899e-01 4.676110347112020782e-01 4.622879425684618404e-01 4.720321098963420337e-01 4.602098067601522735e-01 4.529056946436568198e-01 4.734284480412800367e-01
4.653676350911459814e-01 4.554597536722816420e-01 4.603687922159834800e-01 4.743067423502610458e-01 4.640345176060993171e-01 4.688132206598919494e-01 4.739741086959836092e-01 4.767516454060872766e-01 4.673917690912880452e-01 4.867179791132608679e-01 4.656717379887896358e-01 4.512568712234494850e-01 4.697562853495272917e-01 4.563762346903481593e-01 4.539045492808027604e-01 4.688296715418496241e-01
4.668896198272704523e-01 4.668459097544352954e-01 4.633574485778808039e-01 4.724338054656985753e-01 4.657917022705077570e-01 4.600743850072224195e-01 4.700181484222411554e-01 4.647967418034870124e-01 4.702355066935218764e-01 4.811506668726605040e-01 4.588582118352258488e-01 4.649203221003213038e-01 4.790810743967693353e-01 4.663820664087928725e-01 4.578175942103065998e-01 4.687624375025429280e-01
4.704896211624146618e-01 4.601993958155318198e-01 4.562278588612875274e-01 4.723206758499143842e-01 4.655040105183917420e-01 4.625157117843629040e-01 4.599722623825073797e-01 4.742317994435624740e-01 4.715956846872969010e-01 4.883217414220174524e-01 4.695831934611004455e-01 4.692031145095824085e-01 4.769960244496664337e-01 4.617182811101278039e-01 4.607853492101033344e-01 4.652928511301674397e-01
4.668709039688110352e-01 4.492360353469850853e-01 4.567108949025468490e-01 4.767651557922360506e-01 4.661165078481034341e-01 4.663083950678508227e-01 4.732917944590250281e-01 4.677550395329793109e-01 4.640349149703980047e-01 4.833528598149616773e-01 4.676867326100668798e-01 4.651403029759719199e-01 4.775596857070920631e-01 4.704563617706296053e-01 4.615365664164224335e-01 4.609051148096722228e-01
4.678948720296220998e-01 4.525078137715652926e-01 4.588555097579959385e-01 4.697441657384235358e-01 4.667710065841675915e-01 4.602757692337036688e-01 4.704683621724444764e-01 4.698181152343749445e-01 4.685055017471320138e-01 4.816688696543381387e-01 4.615468581517537250e-01 4.640994866689046039e-01 4.672241608301800353e-01 4.683819611867270916e-01 4.577762683232626806e-01 4.646124839782716509e-01
4.630819559097292260e-01 4.552432696024575343e-01 4.545389413833614833e-01 4.689037799835207299e-01 4.682574272155762274e-01 4.637859265009565135e-01 4.723366896311438357e-01 4.767108360926309296e-01 4.673744042714434443e-01 4.838322401046753485e-01 4.628603458404546012e-01 4.693620204925537664e-01 4.833829800287885448e-01 4.681187470753990776e-01 4.580539464950562634e-01 4.677488406499221152e-01
4.597095251083371248e-01 4.508918523788453259e-01 4.575947125752767297e-01 4.708424806594849188e-01 4.555570284525550795e-01 4.636772871017455500e-01 4.694130023320516876e-01 4.667683839797980294e-01 4.661171436309816118e-01 4.841776688893638103e-01 4.634882609049479352e-01 4.607164462407432048e-01 4.738489389419556774e-01 4.576090574264530253e-01 4.573307434717813202e-01 4.651353756586707466e-01
4.585403998692829108e-01 4.510317246119182055e-01 4.543828964233401768e-01 4.657428661982217499e-01 4.632184108098347797e-01 4.564032951990759090e-01 4.707661469777426611e-01 4.789148171742756421e-01 4.713393847147624993e-01 4.869285027186072701e-01 4.642474253972371234e-01 4.637803236643472382e-01 4.713392655054726155e-01 4.598193566004435962e-01 4.617280960083008368e-01 4.682590961456297163e-01
4.703210989634195038e-01 4.521035353342691687e-01 4.608465830485025672e-01 4.741866985956828540e-01 4.569552739461261726e-01 4.710787534713744007e-01 4.736796617507932905e-01 4.625705877939855770e-01 4.660805861155190022e-01 4.890616337458290608e-01 4.630724986394241238e-01 4.566449721654252669e-01 4.670795202255247358e-01 4.586895704269406404e-01 4.517288605372112853e-01 4.630641539891559577e-01
4.692547321319581743e-01 4.592061837514239131e-01 4.637374480565387147e-01 4.776020844777424945e-01 4.617240428924559437e-01 4.686410427093508080e-01 4.708374738693237860e-01 4.678490161895754174e-01 4.675662120183312065e-01 4.827284018198649274e-01 4.692613681157427052e-01 4.637744029362990128e-01 4.712508916854857843e-01 4.595601161321002937e-01 4.615076780319217753e-01 4.583086570103961366e-01
4.701354503631591242e-01 4.512102206548057048e-01 4.602396090825397468e-01 4.696680704752604352e-01 4.578168789545697948e-01 4.709717035293581877e-01 4.687217473983764648e-01 4.653473297754923688e-01 4.673466285069782233e-01 4.771241346995033217e-01 4.603217840194702148e-01 4.635165135065714703e-01 4.671565294265750401e-01 4.550945758819579523e-01 4.625081221262610787e-01 4.640292723973589717e-01
4.612964789072671601e-01 4.567683537801104920e-01 4.672939777374270354e-01 4.753394921620684999e-01 4.554757674535117595e-01 4.715765317281085389e-01 4.774631261825561523e-01 4.702943563461300935e-01 4.637422959009803169e-01 4.799094200134272903e-01 4.604282379150391735e-01 4.601971308390296334e-01 4.669224818547569877e-01 4.631889661153155702e-01 4.576538403828944168e-01 4.603811105092366907e-01
4.677915175755821831e-01 4.579435984293620532e-01 4.651686747868856164e-01 4.647430181503295343e-01 4.688621759414675072e-01 4.687905311584475432e-01 4.773821830749510609e-01 4.653774897257488274e-01 4.703791936238603255e-01 4.816396236419676624e-01 4.624068737030029297e-01 4.664957523345949486e-01 4.679729541142780835e-01 4.623700777689614405e-01 4.603337844212849195e-01 4.612831274668375281e-01
4.632085561752321001e-01 4.537224769592285156e-01 4.631822903951007819e-01 4.638240337371825062e-01 4.613373676935833001e-01 4.718381166458132658e-01 4.636712869008380311e-01 4.738237857818603516e-01 4.667911529541017845e-01 4.821435610453285170e-01 4.661308924357091543e-01 4.545179208119708436e-01 4.820992946624750863e-01 4.649345874786372512e-01 4.559421539306638405e-01 4.694247643152874572e-01
4.647852977116900819e-01 4.515188535054527885e-01 4.674875338872268582e-01 4.682818253835042688e-01 4.692546526590984368e-01 4.746734301249189159e-01 4.777049223581950610e-01 4.705515702565509772e-01 4.729455709457399126e-01 4.834171930948891749e-01 4.578400452931722375e-01 4.615383148193360485e-01 4.623285531997677333e-01 4.582054615020754174e-01 4.525104363759359094e-01 4.643773237864175507e-01
4.637763897577920069e-01 4.552537202835080787e-01 4.546772638956704804e-01 4.764755566914877782e-01 4.611926476160684851e-01 4.640522400538128478e-01 4.738365809122724315e-01 4.673022429148355195e-01 4.682603677113851282e-01 4.817245801289876672e-01 4.624156554539994302e-01 4.572027921676636852e-01 4.689420461654665306e-01 4.623566865921024949e-01 4.595697323481238716e-01 4.654784997304280969e-01
4.684638977050781805e-01 4.587864478429159454e-01 4.497235218683878766e-01 4.667622645696004047e-01 4.702261288960773444e-01 4.636549552281699627e-01 4.796283642450966944e-01 4.731622536977129756e-01 4.720942974090574507e-01 4.862190882364911260e-01 4.617536862691246635e-01 4.638326962788903440e-01 4.680508772532148143e-01 4.705325762430827563e-01 4.511569341023760060e-01 4.591648578643798828e-01
4.661047458648683306e-01 4.538735946019489265e-01 4.550613164901734509e-01 4.740098317464193634e-01 4.576472043991091088e-01 4.723027149836220295e-01 4.744162956873574921e-01 4.701903661092122211e-01 4.682417710622148732e-01 4.772191842397055517e-01 4.684408108393346981e-01 4.650574127833048688e-01 4.650186697642009204e-01 4.681850274403887568e-01 4.576793511708576179e-01 4.691219329833986040e-01
4.632900953292847235e-01 4.500480890274041745e-01 4.610939025878908470e-01 4.658404588699337490e-01 4.584475755691526100e-01 4.649433294932040495e-01 4.696344534556072259e-01 4.729415575663251659e-01 4.640547831853228389e-01 4.811028242111206610e-01 4.670686721801755037e-01 4.578677018483480743e-01 4.690756400426228656e-01 4.603051344553626967e-01 4.544707934061686938e-01 4.724513292312619295e-01
4.641238451004029986e-01 4.471789995829266173e-01 4.669701655705765786e-01 4.693015813827513538e-01 4.661439259847005578e-01 4.668236573537188350e-01 4.670538107554115248e-01 4.689219395319622619e-01 4.688405990600584827e-01 4.829759597778316982e-01 4.637820720672612973e-01 4.556063413619995117e-01 4.746470451354983244e-01 4.557650883992509505e-01 4.565760691960651929e-01 4.596730470657345302e-01
4.643475612004601683e-01 4.564454555511472944e-01 4.549340804417926210e-01 4.761451482772826593e-01 4.622765382130942236e-01 4.658134778340657367e-01 4.656650622685746810e-01 4.633968273798624304e-01 4.693358341852826854e-01 4.766214291254681767e-01 4.634427229563401474e-01 4.651836554209393682e-01 4.647541046142578125e-01 4.647818009058636846e-01 4.527473449707030140e-01 4.636417229970294374e-01
4.692704677581786554e-01 4.521533250808715265e-01 4.612250725428262976e-01 4.684604803721111321e-01 4.640281597773233124e-01 4.665112892786663079e-01 4.714647928873698102e-01 4.645787874857583155e-01 4.691477616628009217e-01 4.807697137196857984e-01 4.691813389460248174e-01 4.606225887934365937e-01 4.697433710098263826e-01 4.566944440205892297e-01 4.580097993214927166e-01 4.622067213058466684e-01
4.638847510019934450e-01 4.597365061442054146e-01 4.601985613505045758e-01 4.705823659896847255e-01 4.682377576828001819e-01 4.665812651316327830e-01 4.727567036946613288e-01 4.680723349253338439e-01 4.695258935292563329e-01 4.764883518218994696e-01 4.637364149093622379e-01 4.649750391642250569e-01 4.736116329828894411e-01 4.585750897725421882e-01 4.590250651041665741e-01 4.622155427932739813e-01
4.597254196802778026e-01 4.568445285161339409e-01 4.515211582183834560e-01 4.737142324447628505e-01 4.615495602289836352e-01 4.616567691167193788e-01 4.763932625452679814e-01 4.682806730270387408e-01 4.642285108566278073e-01 4.811950922012330212e-01 4.656535387039183460e-01 4.605739911397300212e-01 4.706192413965860077e-01 4.612747033437091249e-01 4.599659442901615769e-01 4.619797865549720162e-01
4.642358620961506421e-01 4.610960086186727813e-01 4.569682677586870967e-01 4.718548059463498756e-01 4.582730134328207861e-01 4.579736789067583302e-01 4.677569071451820326e-01 4.612294038136798280e-01 4.612938563028972094e-01 4.874940713246663782e-01 4.718961715698241632e-01 4.595833222071334934e-01 4.725395441055300072e-01 4.658577044804891876e-01 4.624023040135704088e-01 4.640652338663733834e-01
4.638785918553672283e-01 4.602873722712197968e-01 4.535010655721025130e-01 4.696254730224607710e-01 4.623736937840782768e-01 4.664118289947510876e-01 4.726370573043823797e-01 4.621341228485104646e-01 4.644943078358968469e-01 4.832982222239178838e-01 4.645612239837649260e-01 4.625756343205768006e-01 4.722614685694378478e-01 4.642437299092611602e-01 4.579449892044069603e-01 4.596885442733765204e-01
4.738699992497762969e-01 4.534600575764977659e-01 4.689398209253943239e-01 4.702064593633010769e-01 4.609607060750324226e-01 4.627315998077390358e-01 4.689447482426962743e-01 4.730099042256678543e-01 4.655778010686236756e-01 4.785195589065553978e-01 4.647629658381143836e-01 4.637612899144489820e-01 4.665228128433224764e-01 4.651249249776207018e-01 4.471712509791059831e-01 4.660039742787678296e-01
4.769707520802816125e-01 4.550199906031291430e-01 4.547528823216756000e-01 4.738504091898598225e-01 4.695906241734822961e-01 4.647180239359535170e-01 4.812186559041341516e-01 4.629393021265667540e-01 4.678735733032231003e-01 4.812781810760499157e-01 4.717524449030555123e-01 4.605718453725172190e-01 4.680988391240437085e-01 4.640270868937175774e-01 4.584986766179401374e-01 4.651437997817992609e-01
4.656331141789757377e-01 4.558779001235956363e-01 4.580355087916057055e-01 4.695212046305339282e-01 4.606280724207559296e-01 4.645324548085532634e-01 4.695800940195719586e-01 4.691088596979775538e-01 4.660281737645466937e-01 4.788851737976073109e-01 4.700624148050940865e-01 4.634200731913250548e-01 4.718211491902669086e-01 4.718383550643919788e-01 4.567091464996336225e-01 4.615544080734252375e-01
4.693981011708575624e-01 4.584606091181438470e-01 4.613817930221552621e-01 4.679231643676756702e-01 4.663427670796712610e-01 4.607139031092329917e-01 4.720630248387654992e-01 4.612811406453453666e-01 4.722661177317304393e-01 4.793489376703897742e-01 4.673643509546918096e-01 4.624384244283037959e-01 4.650211334228515625e-01 4.563427368799846673e-01 4.530895948410034180e-01 4.674145778020220021e-01
4.611451625823974609e-01 4.547973871231076881e-01 4.599849383036290762e-01 4.610661665598547732e-01 4.659016529719033906e-01 4.631786743799846118e-01 4.686538378397624438e-01 4.627907276153563898e-01 4.745948314666746382e-01 4.792864720026654424e-01 4.655804634094236616e-01 4.629689455032349743e-01 4.718750317891444723e-01 4.641656080881750857e-01 4.577081600824989827e-01 4.564396937688192102e-01
4.681141773859654465e-01 4.534014463424682617e-01 4.602219661076866752e-01 4.767518838246662116e-01 4.691548347473143976e-01 4.778765439987184838e-01 4.751077890396118164e-01 4.615255196889241351e-01 4.689670801162719727e-01 4.834864934285481586e-01 4.700007041295367061e-01 4.577027559280401059e-01 4.693649609883628337e-01 4.621291955312093469e-01 4.521076679229731332e-01 4.653286536534627094e-01
4.687171379725139642e-01 4.511605898539229886e-01 4.631468454996744977e-01 4.686382611592611047e-01 4.580632050832111335e-01 4.696897268295288641e-01 4.718432426452637274e-01 4.700628916422527337e-01 4.721632798512778173e-01 4.801170031229661794e-01 4.657182296117147735e-01 4.654323259989422423e-01 4.731813669204714690e-01 4.612477620442709259e-01 4.574718077977498187e-01 4.625646670659381288e-01
4.659031629562376819e-01 4.595193465550741485e-01 4.560721715291343181e-01 4.691228071848553838e-01 4.653717279434199661e-01 4.666664600372315563e-01 4.771340290705361475e-01 4.613359769185381154e-01 4.614813725153601998e-01 4.754486481348673133e-01 4.640562136967974483e-01 4.626981417338048574e-01 4.658479293187461345e-01 4.616794983545939313e-01 4.511103232701622612e-01 4.722309509913124592e-01
4.651751120885213031e-01 4.594980875651044072e-01 4.640883604685463459e-01 4.703143437703451446e-01 4.669748147328695587e-01 4.571799834569295062e-01 4.747925599416099596e-01 4.626207749048869555e-01 4.664838314056399815e-01 4.891545375188193767e-01 4.659690459569294507e-01 4.559912681579589844e-01 4.725109338760371536e-01 4.573070605595906390e-01 4.605456193288167133e-01 4.665861129760737747e-01
4.672649701436361047e-01 4.521614710489911815e-01 4.570710659027097944e-01 4.686460892359414210e-01 4.669210910797122471e-01 4.627584218978886277e-01 4.749999841054278749e-01 4.637721379597978255e-01 4.650758107503256134e-01 4.808651606241861609e-01 4.640222787857053999e-01 4.629658857981366338e-01 4.692269563674925092e-01 4.601330359776812373e-01 4.592881202697754461e-01 4.641745487848920049e-01
4.705784320831299383e-01 4.566535552342728677e-01 4.588282903035483806e-01 4.703164498011274119e-01 4.590765635172524561e-01 4.701290527979531952e-01 4.733243783315015385e-01 4.651352564493818065e-01 4.695731798807779578e-01 4.771413008371993558e-01 4.654767115910849462e-01 4.581914345423383494e-01 4.678384860356641917e-01 4.607863426208495539e-01 4.628312190373741752e-01 4.558663765589394679e-01
4.688476721445715700e-01 4.583518902460734790e-01 4.489934444427493565e-01 4.692633152008053865e-01 4.632539749145509478e-01 4.666219552357990796e-01 4.675497213999428303e-01 4.703790346781407949e-01 4.643079042434692938e-01 4.782157341639198256e-01 4.630114634831747344e-01 4.644750356674197111e-01 4.749571879704791999e-01 4.670122861862183727e-01 4.527996778488160845e-01 4.623751242955524976e-01
4.685321648915608539e-01 4.598184823989866499e-01 4.589919249216712904e-01 4.706599315007525264e-01 4.582440058390296334e-01 4.681506156921386719e-01 4.738886753718056788e-01 4.647528330485028447e-01 4.721572399139401521e-01 4.775782426198321717e-01 4.700766007105509625e-01 4.594712257385252796e-01 4.722241560618079537e-01 4.655518134435016608e-01 4.611625274022422283e-01 4.641824563344320032e-01
4.688398838043215666e-01 4.576551516850793644e-01 4.521958827972409889e-01 4.723910490671792139e-01 4.706120491027835917e-01 4.731794993082682477e-01 4.740849733352658912e-01 4.689847628275555791e-01 4.613533814748125295e-01 4.751796722412112151e-01 4.670926332473755993e-01 4.549230337142939895e-01 4.640253384908034073e-01 4.579375584920244990e-01 4.590652386347452429e-01 4.640538295110067102e-01
4.688024918238323235e-01 4.503141244252525932e-01 4.580843448638916016e-01 4.677543242772418397e-01 4.580446481704713024e-01 4.725651343663536674e-01 4.716197252273559570e-01 4.676620960235599034e-01 4.567365248998005445e-01 4.798019329706829095e-01 4.652539889017739405e-01 4.587097962697350151e-01 4.671111901601152083e-01 4.607091347376507939e-01 4.599374532699589402e-01 4.632910490036010742e-01
4.607991377512610787e-01 4.542074998219809978e-01 4.610184431076050360e-01 4.734786351521809156e-01 4.683031638463341362e-01 4.677897691726682350e-01 4.703831672668459807e-01 4.639680782953898852e-01 4.690494537353518956e-01 4.878083864847813089e-01 4.691027402877809283e-01 4.639562368392944891e-01 4.659821987152101275e-01 4.588030576705933727e-01 4.602588415145872913e-01 4.581071933110555383e-01
4.650189081827797999e-01 4.565844535827634498e-01 4.581971963246662116e-01 4.741983016331993706e-01 4.568479061126709539e-01 4.651335080464684690e-01 4.780711730321248742e-01 4.646924734115600031e-01 4.711891810099280709e-01 4.835624297459918952e-01 4.638905525207520641e-01 4.589252074559528327e-01 4.711498816808066814e-01 4.564936955769855476e-01 4.542667071024577563e-01 4.657913446426393267e-01
4.570976495742797852e-01 4.552847544352210951e-01 4.567013184229535283e-01 4.637726147969567503e-01 4.664336045583092893e-01 4.618246952692668383e-01 4.668157100677491345e-01 4.735649824142454944e-01 4.696233272552487459e-01 4.846593538920084265e-01 4.610982338587442109e-01 4.640059073766071296e-01 4.694786469141644658e-01 4.612866242726642030e-01 4.503337939580281390e-01 4.559860626856486188e-01
4.691150188446039371e-01 4.515564839045210777e-01 4.608227014541628197e-01 4.685787757237749318e-01 4.626592000325525089e-01 4.610958894093833416e-01 4.681044022242224489e-01 4.629080295562738034e-01 4.649754762649536688e-01 4.874713023503619569e-01 4.727634986241657788e-01 4.633971055348719559e-01 4.747446378072106565e-01 4.643345673878985780e-01 4.608093102773029304e-01 4.648061990737915594e-01
4.664393663406373181e-01 4.539391597112014676e-01 4.583290815353393000e-01 4.679252306620277357e-01 4.638922214508055530e-01 4.646711746851600044e-01 4.714145263036095268e-01 4.660002390543623307e-01 4.616049528121947132e-01 4.803353945414226556e-01 4.605176051457720021e-01 4.617134332656858686e-01 4.776138464609778200e-01 4.555073181788122927e-01 4.558299779891964998e-01 4.609525203704837315e-01
4.649825890858965138e-01 4.573503335316979057e-01 4.536717732747395648e-01 4.735821088155107716e-01 4.673039515813192102e-01 4.728353420893353087e-01 4.700915813446047697e-01 4.678622086842854633e-01 4.723583062489831730e-01 4.804516633351638699e-01 4.597790241241456743e-01 4.595577716827389803e-01 4.703142642974854071e-01 4.602294762929278749e-01 4.585816462834673146e-01 4.620593786239621803e-01
4.647882382074990937e-01 4.553292195002242027e-01 4.593774875005088854e-01 4.693488279978436095e-01 4.595876932144165594e-01 4.707388083140056079e-01 4.823325077692669494e-01 4.667660395304363274e-01 4.644705057144163374e-01 4.768486817677818346e-01 4.723335504531860907e-01 4.606942733128867595e-01 4.720208247502645782e-01 4.604662656784056507e-01 4.546724160512289337e-01 4.598781267801921868e-01
4.685218731562299510e-01 4.580593506495161948e-01 4.632080396016440282e-01 4.669215281804401929e-01 4.651842117309571423e-01 4.673099517822260074e-01 4.718292554219569723e-01 4.624866644541428817e-01 4.691685438156125709e-01 4.737783273061115241e-01 4.620728095372514388e-01 4.592552185058595970e-01 4.722592433293662517e-01 4.652519226074214309e-01 4.519531726837156538e-01 4.640442132949832987e-01
4.663027127583823650e-01 4.542758464813232422e-01 4.625315666198733799e-01 4.715545574824017705e-01 4.659669001897180918e-01 4.639924764633181486e-01 4.746482372283932771e-01 4.701505104700722804e-01 4.726980129877731973e-01 4.772663513819377923e-01 4.639839331308996395e-01 4.588091373443606846e-01 4.727582136789957867e-01 4.681767622629804948e-01 4.645587603251143394e-01 4.644428888956705359e-01
4.650105237960813764e-01 4.611483017603559831e-01 4.662874142328901073e-01 4.702715476353959700e-01 4.593874216079715245e-01 4.647552967071532093e-01 4.755418697992959687e-01 4.706916809082030140e-01 4.672362804412842907e-01 4.804333845774332867e-01 4.587518771489462188e-01 4.671404759089148873e-01 4.642080465952554968e-01 4.567008018493648458e-01 4.556564887364710215e-01 4.589848915735877388e-01
4.627940257390338874e-01 4.538938601811728368e-01 4.627887805302935975e-01 4.795434077580765786e-01 4.648552735646563905e-01 4.630743265151980870e-01 4.755590756734212610e-01 4.653458992640178149e-01 4.774291515350341797e-01 4.776053826014204362e-01 4.627070426940918524e-01 4.592533906300864666e-01 4.659670193990073650e-01 4.600559473037719171e-01 4.641900857289631976e-01 4.613761107126870264e-01
4.623400370279949767e-01 4.642957051595051343e-01 4.619320631027219459e-01 4.711790879567463453e-01 4.670312007268268562e-01 4.707799752553307737e-01 4.748497406641644658e-01 4.693336089452111448e-01 4.678757588068647166e-01 4.892898797988891046e-01 4.688014984130859930e-01 4.580001036326090125e-01 4.695268472035725726e-01 4.651111364364626244e-01 4.638183514277139374e-01 4.619062741597494415e-01
4.590775569279989532e-01 4.515723387400307209e-01 4.597260554631551477e-01 4.666791756947837322e-01 4.690197706222532514e-01 4.673064947128294788e-01 4.636137485504148170e-01 4.661941130956012147e-01 4.722631374994911146e-01 4.889938433965047015e-01 4.604742924372355883e-01 4.603802760442097242e-01 4.744971593221026795e-01 4.575875997543333851e-01 4.545390208562214429e-01 4.638007879257198818e-01
4.684811830520629883e-01 4.509928623835242623e-01 4.591240088144936671e-01 4.584438006083169093e-01 4.597222805023195025e-01 4.655332167943320720e-01 4.706468979517619000e-01 4.675471385320028039e-01 4.627285798390707305e-01 4.800432523091638926e-01 4.611993630727129756e-01 4.611844619115194610e-01 4.685962200164793257e-01 4.631707668304444470e-01 4.508831898371382096e-01 4.611659049987794634e-01
4.632474581400553570e-01 4.582964976628621234e-01 4.639749924341836640e-01 4.736238320668535451e-01 4.601104259490970128e-01 4.625237385431923975e-01 4.699791669845580500e-01 4.719730218251549370e-01 4.711836973826091235e-01 4.744936227798464690e-01 4.669716358184813343e-01 4.636511007944745244e-01 4.734230438868200497e-01 4.691412846247350887e-01 4.600276947021486040e-01 4.546166658401488703e-01
4.778910477956137548e-01 4.588202238082889628e-01 4.504628976186120237e-01 4.628600676854450757e-01 4.593468507130941680e-01 4.764272769292195453e-01 4.700395266215010026e-01 4.577856858571368592e-01 4.701292117436732809e-01 4.758598009745280688e-01 4.665083885192868873e-01 4.618921279907226562e-01 4.752720991770425507e-01 4.626278877258300226e-01 4.532627264658607436e-01 4.663231372833250288e-01
4.612999359766641327e-01 4.569347699483233827e-01 4.622804323832196416e-01 4.684011141459148986e-01 4.640653928120928029e-01 4.683791399002072420e-01 4.726458787918093041e-01 4.638460874557494562e-01 4.611633221308392705e-01 4.779300292332964162e-01 4.647017717361450750e-01 4.625176588694253632e-01 4.736332098642985211e-01 4.584470987319944624e-01 4.567246834437052039e-01 4.749485254287711400e-01
4.635188976923624860e-01 4.559373855590820868e-01 4.614003101984659461e-01 4.699652194976808306e-01 4.682286580403647869e-01 4.667005141576129890e-01 4.658921559651689748e-01 4.616692860921228214e-01 4.673118591308592085e-01 4.764828681945799116e-01 4.723441600799561657e-01 4.608703056971229506e-01 4.626492261886599455e-01 4.601861238479612592e-01 4.477726221084590841e-01 4.648688634236652351e-01
4.673485755920407381e-01 4.596363306045528341e-01 4.618635972340904283e-01 4.689190785090127100e-01 4.604054689407348633e-01 4.648112058639520816e-01 4.683465560277298434e-01 4.640305042266844593e-01 4.742552439371749418e-01 4.722424348195394250e-01 4.671404361724851850e-01 4.595702489217121656e-01 4.718281428019207024e-01 4.539812405904132819e-01 4.598602453867597362e-01 4.605478445688880873e-01
4.736325343449904746e-01 4.528093735376995110e-01 4.534387985865272475e-01 4.698225657145182477e-01 4.605451822280887675e-01 4.661693572998049095e-01 4.707513252894087175e-01 4.740037123362224603e-01 4.643422365188598633e-01 4.839066664377848492e-01 4.625409841537473921e-01 4.603221416473387007e-01 4.683037598927815570e-01 4.675141175587969600e-01 4.613267978032430938e-01 4.713780482610071543e-01
4.670591354370118853e-01 4.588942925135293671e-01 4.573578437169391053e-01 4.711426496505742856e-01 4.582344293594358686e-01 4.571678241093952155e-01 4.659143288930254201e-01 4.655231237411494583e-01 4.690722624460857415e-01 4.820093711217243726e-01 4.669557809829713024e-01 4.590449333190919634e-01 4.773868322372435968e-01 4.658078749974567945e-01 4.604634443918866893e-01 4.687765041987100867e-01
4.677413702011107288e-01 4.562842448552453245e-01 4.599294265111288915e-01 4.772799412409465258e-01 4.623500108718867629e-01 4.718524614969889508e-01 4.706138769785562226e-01 4.619119962056479900e-01 4.617690245310464570e-01 4.824791749318438350e-01 4.591249227523805931e-01 4.633576869964600720e-01 4.659336010615029444e-01 4.655075867970785430e-01 4.514341751734415875e-01 4.623261292775471820e-01
4.669016599655153033e-01 4.561087290445964282e-01 4.629020690917968750e-01 4.643869797388711085e-01 4.644443988800049938e-01 4.661034742991129187e-01 4.781836668650311095e-01 4.710165659586588172e-01 4.697483777999881815e-01 4.823686679204309269e-01 4.740202029546101148e-01 4.626710812250773297e-01 4.686152140299484348e-01 4.558573563893634217e-01 4.500512679417928430e-01 4.670202334721887394e-01
4.645630518595378344e-01 4.564683039983110646e-01 4.619354804356892719e-01 4.727935393651321316e-01 4.658019145329790334e-01 4.666788180669144692e-01 4.698672691980996241e-01 4.663368463516236462e-01 4.651208718617759752e-01 4.868070681889851703e-01 4.693719546000162390e-01 4.638630151748655561e-01 4.753190676371251144e-01 4.654984871546430925e-01 4.593719641367593476e-01 4.613310496012371087e-01
4.692342281341553845e-01 4.559241533279418945e-01 4.653526544570923962e-01 4.769089221954346258e-01 4.589571952819821998e-01 4.643135070800780140e-01 4.703078269958493873e-01 4.592313766479488857e-01 4.699162244796752930e-01 4.745635191599530955e-01 4.566080172856646913e-01 4.603988726933794795e-01 4.674030145009358539e-01 4.640140136082968603e-01 4.595595200856523177e-01 4.755020538965861188e-01
4.588885704676307076e-01 4.576953252156573670e-01 4.490916728973389782e-01 4.628058671951292835e-01 4.593007961908979198e-01 4.668638706207273170e-01 4.739707310994467626e-01 4.667005141576129890e-01 4.676169951756794507e-01 4.798803329467772327e-01 4.670821825663248883e-01 4.664866129557291852e-01 4.751795927683509224e-01 4.645938078562418805e-01 4.541261990865064768e-01 4.580365022023519805e-01
4.642241001129149836e-01 4.594802856445308059e-01 4.591103394826253625e-01 4.720195929209392571e-01 4.571102460225421882e-01 4.642004569371542821e-01 4.665704170862831623e-01 4.609320561091106438e-01 4.671966234842936383e-01 4.731881221135456062e-01 4.638696908950805664e-01 4.608530600865679006e-01 4.709220727284750829e-01 4.651180505752565142e-01 4.606771469116210938e-01 4.570455153783165025e-01
4.662708044052120693e-01 4.595968325932821008e-01 4.598461786905925774e-01 4.722296396891275672e-01 4.641273021697996937e-01 4.690281152725218616e-01 4.675380388895672423e-01 4.715530077616369442e-01 4.764168659845986475e-01 4.871373573939009605e-01 4.657364686330162096e-01 4.684039354324339710e-01 4.761344194412227004e-01 4.644388755162556226e-01 4.621429443359371669e-01 4.726998805999756970e-01
4.661992390950519538e-01 4.526256720225016461e-01 4.652113914489748314e-01 4.678468704223630592e-01 4.684029420216874740e-01 4.662065108617149400e-01 4.679817358652750836e-01 4.698777596155805369e-01 4.620548089345298259e-01 4.762206872304279304e-01 4.701492389043171460e-01 4.559253851572675487e-01 4.725475311279300206e-01 4.596001704533893006e-01 4.649655421574908631e-01 4.676982959111534721e-01
4.639072815577189868e-01 4.615160624186197547e-01 4.551335970560710931e-01 4.705731074015299109e-01 4.603039820988967246e-01 4.734523296356195066e-01 4.742590586344400672e-01 4.681843121846517297e-01 4.670903682708736904e-01 4.846994876861569490e-01 4.613771041234329129e-01 4.651575883229574493e-01 4.734739462534593435e-01 4.585465987523393294e-01 4.554471969604491077e-01 4.574156204859421981e-01
4.689966042836504201e-01 4.580423831939697266e-01 4.553958574930823122e-01 4.652046362559001946e-01 4.687691529591876405e-01 4.704347054163615649e-01 4.745097557703654156e-01 4.623220761617017338e-01 4.642908573150636986e-01 4.829957882563273297e-01 4.613245328267412959e-01 4.633704821268719853e-01 4.701608419418328300e-01 4.604719877243041992e-01 4.586342573165892444e-01 4.649007717768350312e-01
4.692964553833006702e-01 4.616180658340452991e-01 4.543286561965942938e-01 4.720866282780962764e-01 4.603600899378459954e-01 4.671199321746822286e-01 4.653900067011514374e-01 4.669777949651081062e-01 4.651774168014524702e-01 4.783411820729575603e-01 4.697906176249186938e-01 4.596688350041707172e-01 4.713095029195150665e-01 4.583631753921506014e-01 4.622889359792077268e-01 4.622005621592206182e-01
4.638300736745196162e-01 4.593534469604492188e-01 4.576261440912886558e-01 4.650948047637937788e-01 4.599024852116900819e-01 4.657057523727416437e-01 4.750635226567588854e-01 4.721185763676963854e-01 4.670545657475791979e-01 4.801456928253174938e-01 4.625224272410072834e-01 4.609889586766556802e-01 4.752128918965654591e-01 4.587275584538777484e-01 4.578400850296022173e-01 4.587582747141523698e-01
4.676860173543295751e-01 4.575273593266805938e-01 4.622838894526166142e-01 4.751741488774620659e-01 4.704795678456623609e-01 4.676955540974934156e-01 4.659157196680703272e-01 4.664587577184040046e-01 4.687094291051225881e-01 4.801559050877889923e-01 4.724957545598349462e-01 4.560368458429976402e-01 4.689037402470906390e-01 4.645630915959675922e-01 4.585268497467039905e-01 4.599462747573850874e-01
4.717265367507931240e-01 4.613833030064899976e-01 4.621378978093465539e-01 4.708660046259563470e-01 4.631975491841635040e-01 4.742995897928870552e-01 4.744371970494581925e-01 4.667098522186282072e-01 4.658528566360473078e-01 4.791872501373293236e-01 4.595168828964233954e-01 4.675396680831907514e-01 4.673278729120886044e-01 4.593892097473147862e-01 4.603229363759356874e-01 4.612765709559120686e-01
4.708104133605959252e-01 4.594632784525553015e-01 4.634030659993487733e-01 4.739125172297160016e-01 4.645415147145590673e-01 4.623600641886393969e-01 4.715576966603596265e-01 4.617131948471069891e-01 4.765971501668291310e-01 4.823930660883585797e-01 4.683419068654379180e-01 4.567283391952514648e-01 4.689743518829341262e-01 4.557838042577105897e-01 4.549310604731239827e-01 4.640641609827674263e-01
4.628439346949254629e-01 4.539115826288857569e-01 4.605274995168052166e-01 4.765025377273561791e-01 4.646418491999309563e-01 4.690107901891072961e-01 4.734403689702354479e-01 4.615060488382975445e-01 4.640696446100867067e-01 4.807126919428506562e-01 4.702448447545372057e-01 4.627157052357989131e-01 4.690189758936565423e-01 4.560792048772180918e-01 4.514470100402831476e-01 4.671672979990642016e-01
4.682400226593014247e-01 4.545464913050334954e-01 4.602727890014649548e-01 4.658695459365844727e-01 4.671948353449503766e-01 4.648798704147337757e-01 4.743007818857825075e-01 4.760576883951820326e-01 4.723016818364465519e-01 4.900776545206704249e-01 4.621654351552328954e-01 4.678782622019453385e-01 4.738668998082481987e-01 4.655899604161573002e-01 4.655614693959558292e-01 4.652541478474935821e-01
4.738030831019086064e-01 4.536648988723754883e-01 4.592615763346352131e-01 4.641624291737871943e-01 4.559618631998697547e-01 4.670805931091306928e-01 4.683156808217367462e-01 4.643005132675168678e-01 4.653568665186567643e-01 4.781526327133172605e-01 4.646717707316078694e-01 4.630304972330728797e-01 4.773083925247195158e-01 4.549135367075600178e-01 4.604858954747520494e-01 4.552336533864336232e-01
4.656445185343420778e-01 4.537547032038370953e-01 4.540981451670326186e-01 4.780563513437906531e-01 4.608007272084556072e-01 4.636188348134360204e-01 4.690184593200685814e-01 4.621276060740152625e-01 4.727977911631270902e-01 4.784801801045737712e-01 4.690324068069460228e-01 4.599940776824951172e-01 4.729808966318765906e-01 4.580455223719278601e-01 4.601246118545537223e-01 4.693427483240762976e-01
4.687238931655880458e-01 4.553027153015136719e-01 4.580059448877973893e-01 4.707172711690261191e-01 4.672951300938922303e-01 4.679287274678548547e-01 4.773629903793333296e-01 4.680959781010943788e-01 4.745351473490396765e-01 4.869751930236814741e-01 4.608225027720130318e-01 4.653835296630857710e-01 4.656621615091963706e-01 4.679294029871625127e-01 4.502545595169064607e-01 4.657760461171466804e-01
4.622016747792560554e-01 4.581333398818969727e-01 4.631775617599488415e-01 4.709627628326416016e-01 4.663697083791096820e-01 4.730589787165321303e-01 4.711879491806029163e-01 4.651200771331787109e-01 4.644032319386801611e-01 4.770622253417967085e-01 4.658118883768716523e-01 4.586405754089355469e-01 4.705235958099368565e-01 4.652858177820844987e-01 4.579140742619831062e-01 4.607220490773517585e-01
4.639278650283813477e-01 4.635616540908810701e-01 4.583499431610108532e-01 4.667184352874759745e-01 4.634355703989662123e-01 4.674607515335086894e-01 4.731941620508826052e-01 4.708214203516643548e-01 4.676648378372189052e-01 4.902382691701254736e-01 4.624492327372230482e-01 4.706711371739704108e-01 4.742764234542847790e-01 4.630592266718542849e-01 4.530005455017093174e-01 4.677927891413374284e-01
4.688091278076174095e-01 4.537841478983560273e-01 4.592501322428385047e-01 4.753694136937458015e-01 4.568686087926230877e-01 4.664330482482913487e-01 4.807428916295368171e-01 4.665713707605992910e-01 4.715081453323362592e-01 4.827915430068967506e-01 4.687190055847164083e-01 4.650733868281050065e-01 4.788287878036500134e-01 4.637565612792967640e-01 4.539335966110227827e-01 4.647644360860189727e-01
4.718427658081059684e-01 4.553203185399372077e-01 4.595669110616047437e-01 4.671979347864780863e-01 4.634518225987752094e-01 4.589342276255286568e-01 4.789419174194335382e-01 4.619938929875688216e-01 4.669344027837115663e-01 4.753445784250897033e-01 4.660408496856692229e-01 4.598512252171835235e-01 4.737961689631140505e-01 4.675408999125162945e-01 4.586452245712278053e-01 4.695395231246949908e-01
4.662652810414631976e-01 4.531067212422686397e-01 4.581724802652992756e-01 4.707055091857910711e-01 4.620194832483926484e-01 4.676279226938883093e-01 4.711734056472775545e-01 4.648135503133137836e-01 4.725887378056845556e-01 4.848726590474446430e-01 4.608857234319048701e-01 4.666884342829387688e-01 4.680787722269693085e-01 4.590424299240113415e-01 4.604893922805786133e-01 4.743226766586299825e-01
4.686254262924193226e-01 4.515537818272910564e-01 4.540086984634399969e-01 4.787822167078650271e-01 4.680487314860030668e-01 4.659972190856931928e-01 4.692368507385252241e-01 4.593525727589928831e-01 4.652646780014039751e-01 4.804029862085977820e-01 4.697929620742798962e-01 4.686917463938394257e-01 4.746337334314983392e-01 4.589236179987585817e-01 4.556700388590494422e-01 4.616045951843262829e-01
4.691299597422283196e-01 4.573532740275066399e-01 4.589170217514038641e-01 4.691236813863119415e-01 4.571882883707684697e-01 4.653150240580242736e-01 4.751422405242919367e-01 4.636689424514773283e-01 4.707540671030677748e-01 4.786289532979332573e-01 4.665620326995849609e-01 4.610514640808105469e-01 4.741280476252230369e-01 4.607963164647421728e-01 4.583166440327962055e-01 4.643737077713011585e-01
4.666937987009686650e-01 4.544644753138225579e-01 4.631406466166171909e-01 4.700360298156733840e-01 4.665715694427488014e-01 4.705458084742228930e-01 4.754524628321330493e-01 4.606413841247557484e-01 4.652633269627886592e-01 4.826581875483195172e-01 4.617459376653035297e-01 4.622937440872194048e-01 4.687073230743407093e-01 4.658671220143631997e-01 4.524004459381104071e-01 4.593108495076494990e-01
4.674011071523032079e-01 4.609267711639403742e-01 4.545625050862630578e-01 4.743869304656982977e-01 4.541774988174436256e-01 4.616492589314777351e-01 4.736633300781249445e-01 4.675658543904624986e-01 4.664005835851037785e-01 4.828639825185139234e-01 4.577318429946900524e-01 4.588231245676676617e-01 4.719821214675901100e-01 4.533402919769285999e-01 4.541306495666506127e-01 4.623655875523884351e-01
4.667910337448121227e-01 4.525240659713745117e-01 4.595363537470500970e-01 4.729977448781331195e-01 4.620169798533123595e-01 4.621327320734661681e-01 4.661528269449867201e-01 4.655485153198237191e-01 4.656060536702473773e-01 4.754399855931599195e-01 4.654917716979978803e-01 4.587926467259726970e-01 4.830327033996582031e-01 4.649112224578855757e-01 4.568236271540325188e-01 4.616080522537231445e-01
4.660191535949703701e-01 4.507588148117069315e-01 4.591375589370728094e-01 4.738097985585530969e-01 4.567860762278240783e-01 4.608079592386881695e-01 4.733989238739013117e-01 4.626268148422241766e-01 4.721278349558507004e-01 4.794818162918093596e-01 4.662450551986696001e-01 4.690823157628379314e-01 4.678786595662436931e-01 4.629237651824951172e-01 4.600197474161780153e-01 4.612487951914469031e-01
