4.644223054250077865e-01 4.717244307200112452e-01 4.709946910540269149e-01 4.647915065288544811e-01
4.667469759782155170e-01 4.672962725162506659e-01 4.753920932610826711e-01 4.665974875291190038e-01
4.613242348035176965e-01 4.713789621988931922e-01 4.747247199217482505e-01 4.649648567040758906e-01
4.678397476673129551e-01 4.695123136043546919e-01 4.723859727382657692e-01 4.651225904623665919e-01
4.634222189585369689e-01 4.693286021550493459e-01 4.736027618249256665e-01 4.630943735440575248e-01
4.641260902086892792e-01 4.737791121006014183e-01 4.756349821885423879e-01 4.614094893137614117e-01
4.631509184837346860e-01 4.701415697733561383e-01 4.722099900245666504e-01 4.704112112522125799e-01
4.647659758726754853e-01 4.731199244658151892e-01 4.708191553751632785e-01 4.672270019849149025e-01
4.633913238843280769e-01 4.754987756411236943e-01 4.736177027225493830e-01 4.639888008435565925e-01
4.662225544452669457e-01 4.700047870477039313e-01 4.682570000489547080e-01 4.674319028854372893e-01
4.608113070329026839e-01 4.667627811431884766e-01 4.722608327865606692e-01 4.677657584349306230e-01
4.658052921295164905e-01 4.734873970349625649e-01 4.734010299046837456e-01 4.654586911201477606e-01
4.670945803324382806e-01 4.690408408641817961e-01 4.706371525923409016e-01 4.618773162364959162e-01
4.643108546733858422e-01 4.717793265978491579e-01 4.729772806167606425e-01 4.596832791964216014e-01
4.656151632467901424e-01 4.700943926970166387e-01 4.698221981525421698e-01 4.672166407108307995e-01
4.632164339224495442e-01 4.674461980660759575e-01 4.700711170832313490e-01 4.642070929209391461e-01
4.626324574152634872e-01 4.717242121696479940e-01 4.755927821000416333e-01 4.621160725752516130e-01
4.656927287578582209e-01 4.675100247065225867e-01 4.709025720755256605e-01 4.644353389739989679e-01
4.681587020556129963e-01 4.693653583526605777e-01 4.712012608846024575e-01 4.660551249980925403e-01
4.635722736517592923e-01 4.707275132338203938e-01 4.726928174495697577e-01 4.664121369520829452e-01
4.657308856646220629e-01 4.698400298754377147e-01 4.756698211034133816e-01 4.645269115765888746e-01
4.615758458773290274e-01 4.696005086104074744e-01 4.697141150633502571e-01 4.651678999265030368e-01
4.615110854307807875e-01 4.696564674377441406e-01 4.708731671174367084e-01 4.616766075293223248e-01
4.663059810797374749e-01 4.671206076939909968e-01 4.734438955783843994e-01 4.617842634518939393e-01
4.646504124005636505e-01 4.714066286881762879e-01 4.733518958091738060e-01 4.665891230106349319e-01
4.635784427324930457e-01 4.737164477507262439e-01 4.740655024846395782e-01 4.654419124126440988e-01
4.608814219633737830e-01 4.722519814968110241e-01 4.718636870384217974e-01 4.648836851119994562e-01
4.644247392813360409e-01 4.720473289489746094e-01 4.724221924940740780e-01 4.657652676105498712e-01
4.662748475869494258e-01 4.684735933939618846e-01 4.752676089604690457e-01 4.635345339775082674e-01
4.658649961153666919e-01 4.668475290139518785e-01 4.728409449259432518e-01 4.668046633402504475e-01
4.674216608206435142e-01 4.688041309515635913e-01 4.762146969636278371e-01 4.689448972543084904e-01
4.652758141358694366e-01 4.659779767195385558e-01 4.762230118115749478e-01 4.675148725509639669e-01
4.690340061982469777e-01 4.636689921220137900e-01 4.752118190129598352e-01 4.635045528411870230e-01
4.640282690525054377e-01 4.695577422777817977e-01 4.709487954775489205e-01 4.660650889078777892e-01
4.658272763093312951e-01 4.682898819446569272e-01 4.704213539759317109e-01 4.624570608139039751e-01
4.634426732858013542e-01 4.721279939015706195e-01 4.727292259534197072e-01 4.661268095175427062e-01
4.636861185232795113e-01 4.673290650049843897e-01 4.726991057395931728e-01 4.644958972930906538e-01
4.644834796587620773e-01 4.700518051783247886e-01 4.713403284549712025e-01 4.624171058336895568e-01
4.661727249622344971e-01 4.731042484442395391e-01 4.707397023836773498e-01 4.631951053937286567e-01
4.657883246739702443e-01 4.686991175015762789e-01 4.700060586134586771e-01 4.655180970827743625e-01
4.631927510102589740e-01 4.697066048781073921e-01 4.705155094464614218e-01 4.658165474732716138e-01
4.680835803349814861e-01 4.670034845670062995e-01 4.693234860897064209e-01 4.651620288689934934e-01
4.640980263551078844e-01 4.695663650830588232e-01 4.725986719131469171e-01 4.616296390692395391e-01
4.652334252993262087e-01 4.660475254058844552e-01 4.711789886156722007e-01 4.647202988465621298e-01
4.634216328461965295e-01 4.695866008599602348e-01 4.705200791358949419e-01 4.641792277495067620e-01
4.657985568046568714e-01 4.689278999964397454e-01 4.726745585600529709e-01 4.613549411296847813e-01
4.661712149779001502e-01 4.734078149000802704e-01 4.717079500357307942e-01 4.666798810164134448e-01
4.628345866998037628e-01 4.684956371784213536e-01 4.690411984920498378e-01 4.630094071229298724e-01
4.649451176325481994e-01 4.715613027413684821e-01 4.713549911975858930e-01 4.669626454512273428e-01
4.687436918417613452e-01 4.693212111790980856e-01 4.716352423032127983e-01 4.693952898184464706e-01
4.652919868628183075e-01 4.694991608460739596e-01 4.716437558333077540e-01 4.638599753379821777e-01
4.633966088294989016e-01 4.704026182492567210e-01 4.726823270320886783e-01 4.646979570388793945e-01
4.628261824448900441e-01 4.729766448338826867e-01 4.732159475485481215e-01 4.668339391549430339e-01
4.648283720016477827e-01 4.694444537162777986e-01 4.746633072694140254e-01 4.680066704750057704e-01
4.664607048034667969e-01 4.676741858323414380e-01 4.729061226050061961e-01 4.660917619864144990e-01
4.595932662487034470e-01 4.660942653814958980e-01 4.748311340808866188e-01 4.668998320897418952e-01
4.648266136646267976e-01 4.673187037309011749e-01 4.753109713395429758e-01 4.655354619026182972e-01
4.635471502939857436e-01 4.716365238030749141e-01 4.734109739462539768e-01 4.638845821221670440e-01
4.683307905991864195e-01 4.695194959640502930e-01 4.739188353220624150e-01 4.694212973117826704e-01
4.690560102462771330e-01 4.700398842493692664e-01 4.695093731085457356e-01 4.629780451456705914e-01
4.659739136695861816e-01 4.674575229485820604e-01 4.772991836071008298e-01 4.648175835609440476e-01
4.641230305035902726e-01 4.735966026782991722e-01 4.723503688971203984e-01 4.653936326503758658e-01
4.628358284632363984e-01 4.684232473373405869e-01 4.708802799383802196e-01 4.675566852092745695e-01
4.626715083916978499e-01 4.738929569721216928e-01 4.721946418285371538e-01 4.676997562249511908e-01
4.656982223192849824e-01 4.700793822606402217e-01 4.696840842564905527e-01 4.641087849934893983e-01
4.653568665186569864e-01 4.710428714752202262e-01 4.719865421454113030e-01 4.641214609146117054e-01
4.630578358968097108e-01 4.702144960562391063e-01 4.707296788692482692e-01 4.643465876579287444e-01
4.628225167592360245e-01 4.694819847742713326e-01 4.710127611955003402e-01 4.686081707477572356e-01
4.669581751028702432e-01 4.704234302043920346e-01 4.721205731232964720e-01 4.662360648314162193e-01
4.679541190465291711e-01 4.684061904748280658e-01 4.710308710734053550e-01 4.636156558990475185e-01
4.659667015075684704e-01 4.695282876491547186e-01 4.725962181886034230e-01 4.622894326845806701e-01
4.632656474908192212e-01 4.744504590829216606e-01 4.723114470640817908e-01 4.658722678820297891e-01
4.610849022865296520e-01 4.698042571544644441e-01 4.740958313147224934e-01 4.639793137709297688e-01
4.652680854002636535e-01 4.707180460294092539e-01 4.733148813247685660e-01 4.658297697703047691e-01
4.666587809721624569e-01 4.706465800603225058e-01 4.722601373990377716e-01 4.675323069095611017e-01
4.682566126187638900e-01 4.681893587112427868e-01 4.750250478585558711e-01 4.670821130275721322e-01
4.645124574502305648e-01 4.677198628584539053e-01 4.703271090984342262e-01 4.623464643955228492e-01
4.624860684076952944e-01 4.689363241195682597e-01 4.732414086659749164e-01 4.665968716144557882e-01
4.655604958534236837e-01 4.726290504137677373e-01 4.768092334270480070e-01 4.606428941090899842e-01
4.648815393447872646e-01 4.711403151353205643e-01 4.696153700351713978e-01 4.641840755939486973e-01
4.656179745992026775e-01 4.681344926357269287e-01 4.748201966285703346e-01 4.653809467951459666e-01
4.635124107201890054e-01 4.717859824498492061e-01 4.702958663304648845e-01 4.643563628196717419e-01
4.628389875094097716e-01 4.690414269765216804e-01 4.714215497175861525e-01 4.647668500741316544e-01
4.649454851945238887e-01 4.695657193660739415e-01 4.731445610523224987e-01 4.626078605651854359e-01
4.685049653053285912e-01 4.727506935596463289e-01 4.742511014143627190e-01 4.706523915131889391e-01
4.657031198342636569e-01 4.701943695545199309e-01 4.753874341646826540e-01 4.690258701642351924e-01
4.634276926517486017e-01 4.676055014133451149e-01 4.772405723730715477e-01 4.658707380294798139e-01
4.688181877136229914e-01 4.677248100439710399e-01 4.716204206148784106e-01 4.650252362092340830e-01
4.657281835873923193e-01 4.695279796918228610e-01 4.743697841962175588e-01 4.657919903596247080e-01
4.647946953773489098e-01 4.714702268441516297e-01 4.729648133118944386e-01 4.637174109617863693e-01
4.644324978192650444e-01 4.674780368804934971e-01 4.778577089309695713e-01 4.665725926558176306e-01
4.629360437393196803e-01 4.717255830764761626e-01 4.740801751613613058e-01 4.686270356178278140e-01
4.687585830688477673e-01 4.675614734490707303e-01 4.732922812302909898e-01 4.632562895615891518e-01
4.636332392692563142e-01 4.692267080148058156e-01 4.731702009836830647e-01 4.630082150300340316e-01
4.649066627025605358e-01 4.705128073692327884e-01 4.724980493386588543e-01 4.626111586888629890e-01
