4.627068142096201764e-01 4.643493493398030414e-01 4.676676094532015715e-01 4.583827356497442440e-01
4.642023046811424858e-01 4.680045545101167992e-01 4.740828474362695499e-01 4.656253059705098285e-01
4.651180605093638842e-01 4.649500946203870000e-01 4.674967825412748579e-01 4.634452462196340661e-01
4.593000411987307463e-01 4.679876168568927186e-01 4.672341744105017458e-01 4.653858840465543989e-01
4.639714658260353231e-01 4.659094512462625404e-01 4.684468110402429386e-01 4.631513853867847974e-01
4.631794095039369896e-01 4.692821800708776858e-01 4.740594327449803580e-01 4.593354364236195697e-01
4.606460432211558209e-01 4.668423930803928257e-01 4.713704288005831633e-01 4.647767841815954037e-01
4.634632468223576773e-01 4.688511093457540801e-01 4.707420468330377195e-01 4.612587591012321520e-01
4.634215633074440510e-01 4.666904111703234492e-01 4.722554385662074972e-01 4.637973507245384264e-01
4.657968481381735693e-01 4.658571680386863756e-01 4.719948768615727652e-01 4.646871189276380321e-01
4.612080057462052407e-01 4.679250518480939092e-01 4.735884865125018495e-01 4.626549581686654755e-01
4.625339309374488228e-01 4.671927690505984776e-01 4.700414041678113719e-01 4.634697536627448433e-01
4.630090395609532394e-01 4.661932686964668227e-01 4.742990831534070750e-01 4.606023728847501997e-01
4.675406217575077683e-01 4.682412246863045802e-01 4.701496660709386100e-01 4.624754488468171276e-01
4.633035361766811300e-01 4.687372247378032708e-01 4.698098202546437951e-01 4.644862910111755561e-01
4.630475342273709938e-01 4.660676121711732067e-01 4.696013132731120532e-01 4.622798065344488894e-01
4.640258948008217921e-01 4.664676586786905554e-01 4.709745446840913341e-01 4.609017272790272846e-01
4.609049260616303600e-01 4.695100486278527829e-01 4.732114473978675240e-01 4.637032051881154193e-01
4.642985264460240402e-01 4.687634607156112576e-01 4.702475766340896701e-01 4.648803770542142555e-01
4.616540571053819875e-01 4.697865049044288588e-01 4.693560798962908009e-01 4.621141354242958577e-01
4.656876722971596272e-01 4.680666128794350178e-01 4.727170368035635839e-01 4.590412576993302962e-01
4.612968961397806433e-01 4.646831353505460616e-01 4.699276089668275036e-01 4.613993167877195600e-01
4.620642860730490020e-01 4.695701102415718586e-01 4.712361693382264294e-01 4.612973233064019407e-01
4.607856671015426175e-01 4.647842844327292333e-01 4.691607157389324212e-01 4.626022875308980487e-01
4.632431169350941236e-01 4.644655982653299042e-01 4.689909219741821844e-01 4.599863191445666133e-01
4.602404733498889344e-01 4.715262949466702547e-01 4.681102832158405280e-01 4.608549575010934540e-01
4.618325332800545802e-01 4.672120312849687984e-01 4.675455689430234041e-01 4.624421497186026464e-01
4.664200643698366289e-01 4.686520795027414032e-01 4.741628070672356254e-01 4.641409118970231118e-01
4.640696545441945209e-01 4.717105428377786902e-01 4.729412297407787347e-01 4.614434937636056056e-01
4.671030839284256997e-01 4.677630762259157859e-01 4.714925388495132541e-01 4.622239371140797193e-01
4.625879923502604352e-01 4.677483936150871879e-01 4.696415265401200356e-01 4.646753470102946149e-01
4.601693352063501719e-01 4.644371271133426182e-01 4.703527887662251605e-01 4.624413549900053821e-01
4.614551762739814156e-01 4.697109560171759957e-01 4.662255148092901980e-01 4.605398575464881294e-01
4.642762839794159491e-01 4.673685034116110137e-01 4.686352014541630417e-01 4.676978290081023060e-01
4.646574457486471466e-01 4.652642110983527535e-01 4.698338607947026846e-01 4.616077144940692323e-01
4.633355836073555500e-01 4.684111575285587192e-01 4.716963072617844088e-01 4.626349906126660527e-01
4.663149913152056514e-01 4.680222868919374224e-01 4.679526090621946577e-01 4.654096563657127983e-01
4.637832939624785267e-01 4.682009915510809139e-01 4.680124819278720372e-01 4.639078577359513345e-01
4.660149812698362592e-01 4.685375392436980646e-01 4.720339179038999244e-01 4.632556239763890860e-01
4.642972052097324998e-01 4.660606086254120983e-01 4.673131306966147314e-01 4.629866580168409684e-01
4.625589549541469503e-01 4.686603347460427393e-01 4.712742865085607913e-01 4.634041984875999498e-01
4.668926894664763849e-01 4.677099883556368742e-01 4.662805000940958289e-01 4.633753995100653444e-01
4.593862891197204590e-01 4.674091041088106468e-01 4.734795192877458980e-01 4.641599754492433672e-01
4.622318545977275872e-01 4.668105840682985619e-01 4.702228208382923103e-01 4.681098957856498766e-01
4.610104163487743212e-01 4.687194824218756106e-01 4.688608646392822266e-01 4.641069273153937136e-01
4.619305034478511374e-01 4.674255947271977463e-01 4.733806351820615266e-01 4.646395345528917531e-01
4.661264618237816459e-01 4.679160416126246780e-01 4.710623224576306334e-01 4.644037187099462893e-01
4.640565415223439905e-01 4.675691127777102385e-01 4.704361061255143417e-01 4.653828144073487438e-01
4.645608762900038102e-01 4.634026984373727509e-01 4.692750275135044724e-01 4.625200629234313965e-01
4.642955064773561791e-01 4.700007935365045908e-01 4.730290075143181450e-01 4.606696267922719135e-01
4.627763529618582616e-01 4.660818378130593409e-01 4.713346262772880602e-01 4.637780884901677725e-01
4.643400907516480602e-01 4.683369795481366338e-01 4.695339600245158618e-01 4.639099438985188617e-01
4.651509920756025651e-01 4.703003366788224837e-01 4.702876706918073801e-01 4.623688260714212128e-01
4.631846944491068152e-01 4.701430002848310807e-01 4.745654662450147221e-01 4.600321054458608727e-01
4.617403348286948095e-01 4.668674866358438758e-01 4.747801025708516809e-01 4.643700619538628782e-01
4.634191195170087596e-01 4.705361028512317079e-01 4.726095100243882796e-01 4.609327614307408005e-01
4.606745143731442171e-01 4.629106322924295691e-01 4.678376615047457054e-01 4.649326503276829392e-01
4.600961009661359569e-01 4.709852735201519591e-01 4.724447230497987316e-01 4.624897340933482037e-01
4.596721629301704359e-01 4.628366331259409772e-01 4.738529622554784049e-01 4.580519398053486957e-01
4.658515155315406941e-01 4.684733947118123187e-01 4.678243299325308691e-01 4.640218416849775651e-01
4.626833597819006716e-01 4.671975870927171925e-01 4.724018673102063914e-01 4.602846105893456663e-01
4.632604122161868010e-01 4.653191069761908882e-01 4.673290550708771862e-01 4.629344344139095235e-01
4.689046343167620479e-01 4.689499934514362867e-01 4.743376870950070101e-01 4.588901003201805717e-01
4.614903032779686387e-01 4.701299965381619539e-01 4.692108333110810436e-01 4.593687554200492906e-01
4.632789194583890602e-01 4.690046807130177076e-01 4.727811316649119799e-01 4.604518314202624696e-01
4.636555314064027544e-01 4.680788815021519889e-01 4.686852693557740923e-01 4.613965451717374489e-01
4.616717398166653163e-01 4.669943650563554982e-01 4.670172731081642659e-01 4.600846370061232316e-01
4.659629662831619723e-01 4.692446390787757271e-01 4.697274267673492432e-01 4.619681636492408150e-01
4.653172194957731489e-01 4.690864185492198968e-01 4.675580660502115515e-01 4.613678157329562657e-01
4.630787372589115214e-01 4.683501521746313845e-01 4.711299240589139625e-01 4.633807142575582239e-01
4.641958276430759311e-01 4.698839584986369555e-01 4.736122389634448981e-01 4.611707131067916410e-01
4.598358968893693777e-01 4.683947662512467636e-01 4.694455762704217716e-01 4.621744553248089415e-01
4.645100235939021993e-01 4.677204688390096399e-01 4.725888470808662922e-01 4.609893361727396832e-01
4.653331836064655835e-01 4.727172752221427410e-01 4.733289877573641502e-01 4.632991552352903053e-01
4.645325640837350556e-01 4.645852148532860770e-01 4.731478293736771645e-01 4.639627039432518973e-01
4.662324388821924015e-01 4.648557802041369813e-01 4.725335339705151738e-01 4.629579484462745809e-01
4.604699512322738553e-01 4.684633413950596292e-01 4.698188404242196747e-01 4.685506025950113007e-01
4.625468750794732853e-01 4.695763985315965505e-01 4.674470822016404403e-01 4.597423175970715148e-01
4.639355540275576506e-01 4.656871755917870170e-01 4.698747694492341198e-01 4.600437382857007207e-01
4.628973404566446570e-01 4.661029080549873305e-01 4.709507326285049533e-01 4.628645380338040627e-01
4.629619816939042343e-01 4.698429405689233951e-01 4.727946817874909557e-01 4.631344278653460322e-01
4.655710458755488168e-01 4.653743406136827132e-01 4.702217876911164995e-01 4.595345159371693189e-01
4.666256705919902270e-01 4.636042714118955854e-01 4.740661978721623648e-01 4.603286385536196623e-01
4.642756581306458075e-01 4.678875704606378361e-01 4.693824748198188734e-01 4.649878342946367482e-01
4.621270994345353933e-01 4.669430255889890913e-01 4.684499005476638334e-01 4.629506667455033364e-01
4.634453852971394672e-01 4.671200811862943336e-01 4.708216786384580854e-01 4.621420502662653140e-01
4.675335784753163471e-01 4.676156044006350432e-01 4.746113717555995870e-01 4.637445509433741897e-01
4.633578161398570483e-01 4.686566789944963118e-01 4.702713986237840871e-01 4.589168330033619458e-01
4.616970519224804503e-01 4.686264197031658751e-01 4.715965191523236455e-01 4.647118548552194861e-01
4.628812968730923738e-01 4.701961676279697300e-01 4.707213938236238793e-01 4.621051748593652531e-01
4.603619575500485506e-01 4.711088438828784364e-01 4.692203005154927387e-01 4.646470646063488585e-01
4.660162130991616358e-01 4.681240518887835322e-01 4.736885825792943039e-01 4.647121926148727877e-01
4.671641091505686072e-01 4.706291457017263702e-01 4.734008113543193841e-01 4.638123710950215473e-01
4.634503424167630836e-01 4.688346385955806661e-01 4.721983472506201540e-01 4.593455990155533852e-01
4.618082642555233486e-01 4.654733538627623957e-01 4.723626971244813122e-01 4.642238616943351603e-01
