4.633492628733318908e-01 4.635886748631795617e-01 4.510941902796428149e-01 4.709867238998410865e-01 4.670808315277093503e-01 4.676498572031653200e-01 4.725648959477741773e-01 4.612877368926998622e-01 4.703770875930790019e-01 4.853638807932537103e-01 4.613013267517090399e-01 4.520707130432127241e-01 4.679088195164999298e-01 4.691178003946944175e-01 4.582191308339430003e-01 4.623897075653077282e-01
4.663580656051635187e-01 4.558043082555135461e-01 4.567644198735554828e-01 4.691377480824790447e-01 4.592794974644981432e-01 4.636728366216019137e-01 4.782434701919553444e-01 4.674544731775918671e-01 4.719303846359252375e-01 4.799859921137489271e-01 4.607746601104737993e-01 4.639687140782675079e-01 4.654147624969484087e-01 4.630179405212403454e-01 4.562725226084392016e-01 4.675096670786539343e-01
4.687446355819706589e-01 4.572072029113770086e-01 4.537989695866901374e-01 4.763842026392618445e-01 4.615683555603026234e-01 4.637724955876668664e-01 4.718490441640217359e-01 4.671229521433512555e-01 4.761408170064292955e-01 4.785052140553790467e-01 4.619469245274860358e-01 4.658751885096233947e-01 4.728029171625772742e-01 4.581476449966431219e-01 4.630705912907918664e-01 4.643188317616778749e-01
4.656279881795247766e-01 4.571024974187210543e-01 4.588196674982703560e-01 4.762707551320399801e-01 4.541984796524054513e-01 4.711385567982991907e-01 4.699017206827800774e-01 4.718673229217534293e-01 4.719315767288207453e-01 4.821261167526242897e-01 4.641918341318764796e-01 4.613027175267533919e-01 4.760448137919106038e-01 4.599303801854454088e-01 4.629867076873777076e-01 4.652288754781088720e-01
4.587110280990598921e-01 4.628076553344724897e-01 4.657194217046105034e-01 4.658853610356648578e-01 4.672107299168904437e-01 4.567944606145220576e-01 4.683958292007444069e-01 4.722589651743571149e-01 4.749230146408076059e-01 4.774812857309977954e-01 4.619745810826618171e-01 4.707692066828409461e-01 4.758157730102536842e-01 4.671986897786458148e-01 4.539041121800741485e-01 4.613720973332720021e-01
4.709381659825642719e-01 4.502167701721194737e-01 4.537111123402912671e-01 4.749507506688440683e-01 4.627527395884197259e-01 4.640286366144815156e-01 4.684927463531495806e-01 4.704972902933761691e-01 4.678474664688110352e-01 4.875996510187783350e-01 4.754035870234170624e-01 4.679477612177528889e-01 4.767342011133834934e-01 4.598439931869506836e-01 4.524768590927122358e-01 4.664554595947264515e-01
4.704781373341879736e-01 4.584252834320067249e-01 4.572628736495971680e-01 4.673329591751099743e-01 4.586497942606611589e-01 4.654773076375327001e-01 4.679718017578123890e-01 4.671307404836022026e-01 4.632229407628380424e-01 4.860385656356808748e-01 4.651204744974774541e-01 4.652608633041380726e-01 4.689540863037112151e-01 4.594129721323645943e-01 4.544316132863365221e-01 4.662423133850095436e-01
4.655508200327553303e-01 4.562151432037353516e-01 4.650696118672690837e-01 4.719805320103965807e-01 4.556829134623211486e-01 4.664689699808757806e-01 4.641363223393757953e-01 4.574331839879354766e-01 4.742300510406498582e-01 4.762031634648644651e-01 4.649839003880815724e-01 4.620629151662188905e-01 4.678634007771814152e-01 4.594961404800410043e-01 4.614253441492717212e-01 4.652501344680786688e-01
4.728021621704100452e-01 4.604849418004349770e-01 4.575843811035154585e-01 4.708432753880813504e-01 4.630511601765945340e-01 4.643292427062987726e-01 4.666960636774696303e-01 4.610992272694909300e-01 4.735275506973267712e-01 4.849441448847449654e-01 4.674869378407796039e-01 4.561810096104944590e-01 4.741648435592650812e-01 4.549322525660197680e-01 4.586948951085405013e-01 4.608251253763836486e-01
4.658153851826983827e-01 4.602580070495606024e-01 4.632274309794114364e-01 4.701537291208900404e-01 4.589096307754517157e-01 4.656807184219363682e-01 4.799930651982625140e-01 4.662840763727821303e-01 4.754491249720254609e-01 4.785856008529660310e-01 4.616591930389406517e-01 4.667098522186275966e-01 4.759374062220256829e-01 4.608939488728841516e-01 4.571497837702435119e-01 4.633837540944416022e-01
4.612777630488078540e-01 4.570196866989134077e-01 4.580863316853840961e-01 4.723413785298664069e-01 4.640367031097412664e-01 4.677322308222449099e-01 4.748605887095135314e-01 4.653647740681961520e-01 4.616396427154539905e-01 4.839712381362913929e-01 4.711835781733197948e-01 4.602793852488197834e-01 4.742473363876342218e-01 4.631571769714355469e-01 4.576758941014609228e-01 4.616608619689940851e-01
4.629230499267580345e-01 4.535232782363889936e-01 4.619441032409668524e-01 4.706291755040493130e-01 4.670025110244749311e-01 4.651846885681151234e-01 4.709056218465169641e-01 4.647913376490278581e-01 4.595346450805664062e-01 4.792148272196450343e-01 4.660470485687251974e-01 4.627067248026528468e-01 4.665561119715373462e-01 4.706358512242639902e-01 4.531064033508298561e-01 4.680285056432086921e-01
4.718815485636388973e-01 4.568560520807906089e-01 4.582885503768919233e-01 4.780658086140952001e-01 4.653119643529252669e-01 4.677795569101969031e-01 4.678546984990434310e-01 4.748689730962119548e-01 4.650796651840211071e-01 4.806857109069822553e-01 4.636221329371132405e-01 4.635082880655925774e-01 4.695322910944618178e-01 4.608669678370152512e-01 4.631876150767009759e-01 4.636647303899129047e-01
4.656736056009929681e-01 4.529987176259359649e-01 4.571328957875568366e-01 4.708197116851805530e-01 4.596985181172687507e-01 4.714560111363729211e-01 4.727940162022907788e-01 4.725079139073686263e-01 4.664247830708821985e-01 4.847650527954102673e-01 4.646063645680743592e-01 4.619410037994385876e-01 4.699422121047970857e-01 4.663602113723753773e-01 4.571894407272339977e-01 4.624758561452228522e-01
4.685258467992147735e-01 4.602136611938476562e-01 4.614528020222983806e-01 4.676004648208620385e-01 4.700372219085690029e-01 4.661629597345988141e-01 4.684092601140342205e-01 4.698745409647624438e-01 4.716304143269851035e-01 4.771993954976401775e-01 4.677737553914389501e-01 4.676875670750933467e-01 4.767317771911621094e-01 4.660296440124509498e-01 4.604096015294394939e-01 4.695370594660443486e-01
4.641619126001995665e-01 4.603473345438641173e-01 4.535694917043048835e-01 4.651729265848794648e-01 4.576826492945357816e-01 4.659092028935751251e-01 4.718141953150432610e-01 4.617747863133748742e-01 4.652669827143351422e-01 4.799631834030153588e-01 4.603283007939653060e-01 4.700361490249628793e-01 4.709095557530720288e-01 4.602064689000443520e-01 4.529114564259848486e-01 4.540111621220906390e-01
4.659721453984578265e-01 4.549580017725626258e-01 4.625378449757891475e-01 4.681312243143719298e-01 4.695573250452677594e-01 4.648223320643105616e-01 4.698826074600215841e-01 4.723038276036581329e-01 4.727232456207275391e-01 4.805541435877485612e-01 4.573202530543010735e-01 4.617930650711060125e-01 4.733314116795859783e-01 4.645256996154784046e-01 4.484061400095624150e-01 4.673853317896525805e-01
4.654080073038737719e-01 4.574977954228716115e-01 4.555422067642213579e-01 4.750422239303591088e-01 4.682118892669677734e-01 4.646215041478479191e-01 4.743493398030597108e-01 4.637152353922524561e-01 4.722414811452224637e-01 4.811848004659017297e-01 4.658364454905193908e-01 4.574303229649861469e-01 4.754901329676306521e-01 4.598720868428544661e-01 4.545656840006509491e-01 4.619172414143878913e-01
4.702899058659871234e-01 4.618378082911168137e-01 4.552279710769657761e-01 4.690039157867433306e-01 4.668167034784950209e-01 4.676088094711306486e-01 4.673187335332232295e-01 4.666171868642170484e-01 4.734642903010049531e-01 4.801249106725058446e-01 4.621735016504920912e-01 4.638820489247636458e-01 4.730116526285811362e-01 4.617095788319905414e-01 4.614285628000892592e-01 4.598423242568970837e-01
4.695625305175781805e-01 4.597733418146771056e-01 4.604959885279337750e-01 4.657542308171588319e-01 4.681570927302040608e-01 4.699629545211794768e-01 4.671415090560910865e-01 4.686169226964319035e-01 4.650537570317588298e-01 4.837685426076258066e-01 4.625813961029052179e-01 4.630808830261231024e-01 4.726739327112831623e-01 4.631423552831014367e-01 4.565409421920779698e-01 4.642005364100135201e-01
4.684948523839315149e-01 4.568185408910117040e-01 4.634075164794923540e-01 4.704307317733759652e-01 4.654146432876589135e-01 4.661284685134887695e-01 4.675664107004801617e-01 4.653788010279339971e-01 4.680303732554121909e-01 4.836850961049398712e-01 4.707346359888711640e-01 4.576681454976398444e-01 4.601438045501708984e-01 4.643090565999347108e-01 4.623783032099411106e-01 4.552429119745890485e-01
4.698371887207034026e-01 4.532719453175866331e-01 4.587013721466060012e-01 4.732488393783565450e-01 4.704925219217936383e-01 4.719372193018593897e-01 4.736692508061726148e-01 4.686108827590945713e-01 4.672415653864543938e-01 4.811676740646365080e-01 4.631597995758049424e-01 4.617657661437985506e-01 4.650620619455972937e-01 4.608763058980310801e-01 4.513878424962363134e-01 4.724817673365275250e-01
4.607256650924681507e-01 4.521845579147341088e-01 4.538850784301762809e-01 4.733711083730062774e-01 4.551995992660523016e-01 4.649627208709717907e-01 4.684323469797769257e-01 4.668694734573362592e-01 4.664707978566491331e-01 4.837821324666344291e-01 4.727602402369178169e-01 4.577160676320391475e-01 4.662908315658572667e-01 4.657961130142215800e-01 4.609295527140300219e-01 4.648355245590206630e-01
4.731046358744304681e-01 4.534927209218343469e-01 4.599632024765013538e-01 4.625393152236937366e-01 4.643003940582277056e-01 4.692063728968299263e-01 4.624457756678264087e-01 4.706080754597981031e-01 4.724967877070109235e-01 4.775179624557490676e-01 4.665830532709757672e-01 4.612875779469806647e-01 4.731790224711103221e-01 4.613581498463947272e-01 4.566445350646968215e-01 4.600298802057902203e-01
4.628026485443113569e-01 4.586219787597652919e-01 4.576105276743572814e-01 4.672578573226928156e-01 4.590360720952351148e-01 4.599178632100429653e-01 4.710505406061809563e-01 4.647366205851238274e-01 4.683438539505003217e-01 4.861218531926473352e-01 4.572055339813235753e-01 4.644821484883624452e-01 4.676076968510946563e-01 4.576927026112869723e-01 4.536346991856892163e-01 4.577754735946654718e-01
4.615151484807329396e-01 4.584163029988604365e-01 4.604714711507159608e-01 4.777125517527261445e-01 4.606491327285765491e-01 4.616921345392864806e-01 4.778124888737996234e-01 4.622218211491900819e-01 4.693226019541420491e-01 4.833363691965735232e-01 4.546348253885902913e-01 4.687782128651936664e-01 4.612936973571779564e-01 4.617983102798462469e-01 4.593122402826949058e-01 4.663292169570923407e-01
4.689863522847493860e-01 4.595433076222741886e-01 4.572503964106240382e-01 4.626742601394654986e-01 4.595574935277302320e-01 4.649330774943037370e-01 4.716767072677616190e-01 4.671867291132611455e-01 4.758059978485110753e-01 4.781875212987261592e-01 4.620207150777181360e-01 4.565809567769371635e-01 4.639925161997478509e-01 4.549673795700071577e-01 4.647870063781740502e-01 4.655650456746416865e-01
4.697580337524415728e-01 4.565084377924603642e-01 4.610210259755448403e-01 4.707822799682618298e-01 4.651124477386476830e-01 4.725242853164675072e-01 4.665136337280273993e-01 4.654543399810789350e-01 4.639266331990561376e-01 4.805332024892172704e-01 4.639314810434979619e-01 4.589802026748657227e-01 4.702366590499878485e-01 4.592860937118533049e-01 4.592350721359253485e-01 4.631896813710530414e-01
4.647525151570639501e-01 4.556388854980466530e-01 4.540744622548423259e-01 4.696960846583050353e-01 4.556639194488520950e-01 4.638140996297197560e-01 4.677333037058513665e-01 4.639209906260173266e-01 4.694650173187256970e-01 4.807159900665284313e-01 4.627514680226642585e-01 4.510235389073687928e-01 4.737583796183263973e-01 4.624749024709064460e-01 4.469350576400755726e-01 4.580166339874266468e-01
4.624826510747272468e-01 4.584107001622518274e-01 4.589525461196896639e-01 4.681781927744548266e-01 4.594219128290811249e-01 4.698332150777180249e-01 4.726522366205849757e-01 4.645833174387613007e-01 4.737746715545654297e-01 4.813537200291952423e-01 4.647816419601437654e-01 4.620534976323443788e-01 4.719935258229575048e-01 4.563951094945269960e-01 4.547955195109050219e-01 4.594286680221555952e-01
4.620839754740395655e-01 4.592593113581335817e-01 4.565534591674805243e-01 4.688305060068761465e-01 4.634523391723630592e-01 4.658461014429732816e-01 4.596518278121949908e-01 4.741679032643632552e-01 4.680037101109823516e-01 4.817361036936443908e-01 4.658568700154622766e-01 4.579168955485031778e-01 4.720119237899774722e-01 4.626601537068688597e-01 4.557081063588455661e-01 4.627787669499713874e-01
4.591331879297891327e-01 4.559205373128253913e-01 4.549485445022579122e-01 4.750138918558760026e-01 4.590601523717245391e-01 4.658808708190920189e-01 4.736053943634029872e-01 4.627510309219363127e-01 4.751658042271933446e-01 4.804042180379233806e-01 4.674622615178424812e-01 4.626746177673341509e-01 4.715561469395956329e-01 4.603631099065143562e-01 4.628092845280965539e-01 4.649079640706378913e-01
4.628992478052773030e-01 4.528911511103309029e-01 4.586066802342733673e-01 4.751649300257368425e-01 4.688200155893961218e-01 4.678064982096358793e-01 4.748496611913039511e-01 4.656986395517983546e-01 4.683944781621297571e-01 4.804997046788533344e-01 4.673396746317548534e-01 4.684871435165403608e-01 4.766518274943032374e-01 4.606414635976155969e-01 4.536267121632894805e-01 4.629658857981358566e-01
4.652030865351361455e-01 4.573009411493936804e-01 4.664008617401128598e-01 4.794062773386637555e-01 4.701443513234452865e-01 4.671020110448204643e-01 4.701161384582522307e-01 4.664957125981647468e-01 4.692343870798749150e-01 4.894477128982544500e-01 4.648544788360592372e-01 4.603839317957558741e-01 4.683223962783809036e-01 4.646512269973756548e-01 4.559296766916911547e-01 4.620721340179443914e-01
4.615772962570189319e-01 4.529043436050418925e-01 4.656851689020795049e-01 4.786273241043088045e-01 4.565202792485557048e-01 4.676299492518108392e-01 4.711401065190635729e-01 4.610192378362021337e-01 4.665496349334716797e-01 4.778008063634235358e-01 4.635018110275266889e-01 4.651387135187784461e-01 4.645518859227501518e-01 4.604788223902380739e-01 4.535067876180010615e-01 4.671194553375243030e-01
4.669930537541714388e-01 4.547090530395508368e-01 4.549306233723952597e-01 4.671920140584311931e-01 4.615799188613888826e-01 4.616793791453044360e-01 4.784316221872966235e-01 4.708482424418127255e-01 4.622872670491534608e-01 4.864237705866487627e-01 4.647015730539957312e-01 4.607277313868207713e-01 4.642885923385620117e-01 4.645287593205770227e-01 4.566867748896277779e-01 4.665795167287192791e-01
4.701827764511105623e-01 4.627703030904135040e-01 4.596932729085285163e-01 4.785373608271281110e-01 4.648092985153194356e-01 4.735871553421021618e-01 4.676926930745438638e-01 4.643508593241368887e-01 4.667894045511877255e-01 4.780022303263349870e-01 4.657472372055053156e-01 4.623055458068844326e-01 4.664394458134967780e-01 4.624876578648885461e-01 4.624214967091873629e-01 4.609405994415280983e-01
4.615671237309774133e-01 4.571505387624107963e-01 4.648627042770386297e-01 4.699812730153402063e-01 4.627670844395955219e-01 4.596734046936036822e-01 4.711346228917439594e-01 4.668155511220293818e-01 4.640105565388996101e-01 4.864904085795090927e-01 4.587711890538532788e-01 4.580196936925250983e-01 4.707452058792113148e-01 4.604277213414513792e-01 4.575664202372238254e-01 4.667932987213132545e-01
4.703171650568641060e-01 4.611537853876747084e-01 4.600770870844524962e-01 4.697672526041665186e-01 4.599140087763475271e-01 4.625588655471806199e-01 4.676590760548908765e-01 4.683658281962077563e-01 4.642060200373333001e-01 4.810075759887693647e-01 4.707024494806926196e-01 4.642184178034462483e-01 4.625621239344277491e-01 4.610399007797243431e-01 4.570349454879757967e-01 4.558883905410768822e-01
4.645330111185709265e-01 4.505795637766519257e-01 4.623119831085203413e-01 4.667754968007406524e-01 4.570670127868652899e-01 4.747031529744465406e-01 4.719030459721884063e-01 4.762713511784867904e-01 4.629706144332885742e-01 4.799147446950276508e-01 4.625444809595744000e-01 4.663371642430622632e-01 4.677781661351524956e-01 4.638638496398924671e-01 4.554865757624311229e-01 4.591842492421468469e-01
4.670656919479370117e-01 4.564447402954102673e-01 4.586886564890543805e-01 4.767665465672813463e-01 4.611135721206664484e-01 4.700210094451903742e-01 4.703636566797891883e-01 4.633181095123287685e-01 4.703029394149779718e-01 4.839860995610555383e-01 4.637924830118813624e-01 4.627955357233681233e-01 4.783670902252196711e-01 4.637945095698034481e-01 4.552170038223268267e-01 4.650783141454063463e-01
4.715725978215531966e-01 4.542090495427446584e-01 4.614336093266802608e-01 4.752599398295082045e-01 4.532878398895263117e-01 4.718029896418253766e-01 4.679367144902544240e-01 4.737370808919271759e-01 4.629292090733846954e-01 4.820369879404706182e-01 4.646880229314173105e-01 4.542442162831622499e-01 4.708469708760582018e-01 4.569636583328244295e-01 4.639406998952226857e-01 4.622799158096315142e-01
4.612985054651897454e-01 4.548455079396561129e-01 4.534099102020262007e-01 4.731190999348955373e-01 4.604387680689494555e-01 4.632323185602829629e-01 4.756834109624225038e-01 4.735678434371947132e-01 4.761551221211753893e-01 4.772536357243859495e-01 4.717258612314860766e-01 4.689503908157344192e-01 4.682397047678629187e-01 4.604109128316241084e-01 4.585102796554568760e-01 4.656728903452552748e-01
4.710429112116497619e-01 4.625341494878132398e-01 4.584115346272784608e-01 4.753326972325646049e-01 4.631866216659547564e-01 4.658326307932533772e-01 4.670674403508504047e-01 4.715524117151899675e-01 4.706066846847536400e-01 4.825345277786260989e-01 4.658252795537312640e-01 4.534906148910520240e-01 4.736138184865315015e-01 4.684509038925170343e-01 4.561415910720826306e-01 4.676942030588785992e-01
4.633213281631470282e-01 4.570454359054565985e-01 4.580370187759403300e-01 4.705388545989993565e-01 4.648609558741252368e-01 4.678634007771813597e-01 4.761135578155517023e-01 4.591889381408688631e-01 4.635487397511802721e-01 4.761222600936893534e-01 4.693270126978555945e-01 4.605747461318970282e-01 4.672049283981323242e-01 4.608969688415533450e-01 4.530948797861733546e-01 4.647553761800131689e-01
4.620774984359742321e-01 4.497794707616170617e-01 4.570811192194620398e-01 4.671773513158162805e-01 4.629763762156168250e-01 4.653576612472539731e-01 4.717721144358315577e-01 4.633316198984779866e-01 4.667092164357503070e-01 4.751316308975224167e-01 4.584098259607948811e-01 4.597189426422115810e-01 4.732551574707031250e-01 4.663457473119098085e-01 4.586522181828815437e-01 4.578883250554404150e-01
4.594881931940715813e-01 4.632610082626336667e-01 4.656891425450648825e-01 4.664025704065959399e-01 4.653689463933311510e-01 4.746304750442504328e-01 4.710454940795897327e-01 4.631559848785404832e-01 4.764310121536255438e-01 4.865363438924153461e-01 4.647192955017088178e-01 4.673214753468827865e-01 4.677394628524778608e-01 4.669929345448810554e-01 4.630007743835446998e-01 4.633099238077799664e-01
4.618986845016481713e-01 4.614422718683878766e-01 4.558738470077515759e-01 4.669767618179321844e-01 4.612923860549922872e-01 4.616941610972083443e-01 4.710798660914103375e-01 4.689123630523677200e-01 4.674489100774129602e-01 4.826286236445107014e-01 4.643568595250444075e-01 4.660014708836871522e-01 4.694965680440268407e-01 4.584056138992311236e-01 4.557956457138058748e-01 4.617102146148682196e-01
4.678179820378621234e-01 4.582012891769407514e-01 4.585367838541666297e-01 4.701755841573079797e-01 4.623602628707889073e-01 4.706341822942097242e-01 4.657194614410398725e-01 4.684305985768634772e-01 4.669770797093710235e-01 4.769409894943236750e-01 4.669667879740401761e-01 4.608631134033205901e-01 4.715046087900797156e-01 4.620621999104817523e-01 4.541994333267213024e-01 4.682807127634683875e-01
4.678446849187213319e-01 4.560650587081908069e-01 4.644299348195396471e-01 4.650902350743609803e-01 4.737933874130248468e-01 4.642998774846396337e-01 4.768352508544925206e-01 4.624007940292356733e-01 4.683649539947513096e-01 4.843463500340781103e-01 4.584405422210688363e-01 4.556822379430138792e-01 4.626818100611365114e-01 4.610344171524046186e-01 4.566076596577957614e-01 4.590130249659218342e-01
4.697550932566327275e-01 4.673436482747393428e-01 4.581808249155681634e-01 4.689088662465412671e-01 4.671651919682820453e-01 4.675713777542112592e-01 4.701962471008304112e-01 4.645249048868809183e-01 4.709647099177042828e-01 4.837534825007121508e-01 4.672565062840777772e-01 4.641793966293334961e-01 4.667650063832601282e-01 4.690976540247595028e-01 4.540363152821854098e-01 4.691590468088783217e-01
4.661483764648434724e-01 4.584558010101317249e-01 4.596729278564451460e-01 4.769111076990759646e-01 4.662618637084962048e-01 4.665844837824506541e-01 4.635789394378663220e-01 4.699948231379189600e-01 4.711107015609742321e-01 4.810510476430265303e-01 4.637019634246822841e-01 4.690657854080201861e-01 4.650570551554365495e-01 4.627862373987834399e-01 4.608514308929441694e-01 4.615355332692460677e-01
4.659434159596758662e-01 4.614630937576290615e-01 4.601051012674965413e-01 4.719713131586711352e-01 4.621179103851318914e-01 4.554886420567829108e-01 4.752728541692098352e-01 4.607812166213987592e-01 4.713266690572098794e-01 4.865612983703610506e-01 4.677581389745074647e-01 4.577157100041703841e-01 4.721645911534627649e-01 4.619878133138019538e-01 4.629236459732057885e-01 4.613211552302041718e-01
4.686082998911538788e-01 4.552588462829586513e-01 4.555964469909667969e-01 4.682227770487467633e-01 4.644321600596106880e-01 4.614289204279578005e-01 4.679406483968099884e-01 4.726881583531696851e-01 4.619192282358808299e-01 4.713321526845296039e-01 4.674894809722900391e-01 4.640983343124392424e-01 4.740728934605920042e-01 4.624201059341426223e-01 4.584294160207113000e-01 4.684862693150835256e-01
4.578189055124919360e-01 4.549463192621869267e-01 4.577071269353224503e-01 4.783140023549401487e-01 4.559655984242755311e-01 4.647829135258994548e-01 4.685041507085168089e-01 4.707184632619221265e-01 4.673010110855100874e-01 4.845016400019332981e-01 4.637000163396199914e-01 4.622943798700969720e-01 4.719329277674356171e-01 4.630363782246908477e-01 4.498988389968872070e-01 4.651856819788611763e-01
4.689203103383380311e-01 4.564297993977871060e-01 4.597454468409219452e-01 4.691081444422402491e-01 4.613473812739052882e-01 4.664128621419270648e-01 4.661792914072674932e-01 4.699053764343262829e-01 4.684950908025103389e-01 4.687683979670208556e-01 4.631430705388385749e-01 4.641233285268147046e-01 4.778398275375366766e-01 4.564708868662513130e-01 4.583990573883056086e-01 4.631733894348146752e-01
4.558787743250525826e-01 4.588166077931720155e-01 4.532829920450846539e-01 4.660794734954835095e-01 4.616180260976159300e-01 4.677098194758104177e-01 4.678007364273071844e-01 4.663275877634685540e-01 4.770277738571169768e-01 4.801799058914188456e-01 4.659663438796994850e-01 4.574512640635172711e-01 4.803401231765746515e-01 4.609570105870561818e-01 4.584445953369141180e-01 4.641876220703126665e-01
4.614553451538090378e-01 4.612196286519370525e-01 4.608776966730752100e-01 4.660863478978476415e-01 4.660106897354125977e-01 4.635835488637287671e-01 4.715096553166706062e-01 4.651709000269573235e-01 4.590111176172888552e-01 4.816608826319377923e-01 4.689941803614300353e-01 4.616496562957766447e-01 4.706160227457680811e-01 4.613462686538699065e-01 4.499530394872027217e-01 4.602466026941934296e-01
4.769711097081499318e-01 4.549657106399534467e-01 4.558091958363847396e-01 4.755417903264358426e-01 4.627879858016972214e-01 4.643214941024780829e-01 4.735147953033444490e-01 4.635961453119915587e-01 4.694714148839314594e-01 4.920360644658407501e-01 4.616043170293175901e-01 4.619603951772054407e-01 4.762702782948811664e-01 4.638396501541132144e-01 4.552003145217896063e-01 4.683352708816531651e-01
4.664255380630491499e-01 4.531114896138509485e-01 4.650345643361412096e-01 4.792704979578656377e-01 4.590861002604169072e-01 4.629387060801190557e-01 4.670716921488441420e-01 4.645738999048870110e-01 4.694219032923388490e-01 4.790253241856893274e-01 4.642910559972129869e-01 4.598213434219360907e-01 4.668506383895876244e-01 4.604650338490810513e-01 4.621737798055009505e-01 4.629386663436889648e-01
4.679946104685466790e-01 4.624920686086012589e-01 4.532808860143027752e-01 4.715038537979125421e-01 4.608447551727296587e-01 4.569991429646807490e-01 4.643093347549439032e-01 4.639315605163576439e-01 4.709936777750651227e-01 4.833811918894451165e-01 4.626986185709635047e-01 4.683874448140461499e-01 4.683417081832887408e-01 4.522571166356408878e-01 4.558049837748207045e-01 4.670691092809040046e-01
4.707881609598795203e-01 4.559698899586993592e-01 4.556311368942261297e-01 4.738438526789345850e-01 4.718074401219685687e-01 4.608028332392372639e-01 4.730062882105510735e-01 4.653512239456177313e-01 4.620345036188763799e-01 4.719896713892619555e-01 4.674418369928998174e-01 4.574957688649494703e-01 4.693021376927691279e-01 4.573301076889035310e-01 4.548863172531126819e-01 4.614190260569258073e-01
4.666570822397866358e-01 4.561045964558920196e-01 4.632010062535599215e-01 4.723550875981650243e-01 4.688253402709960382e-01 4.687986771265665875e-01 4.728264411290486469e-01 4.588576555252074640e-01 4.666777849197388250e-01 4.833128054936726703e-01 4.652069012324016595e-01 4.650272925694783344e-01 4.719691673914592767e-01 4.584120114644369415e-01 4.596159060796099483e-01 4.728529453277590666e-01
4.629761775334676477e-01 4.566760063171392270e-01 4.552860657374063758e-01 4.746886491775514361e-01 4.596254825592039350e-01 4.680904150009160825e-01 4.794063965479529732e-01 4.648116032282511023e-01 4.731818040211988596e-01 4.808505773544314299e-01 4.592870076497392873e-01 4.729251464207965272e-01 4.709711472193397475e-01 4.670097033182779578e-01 4.569370746612549938e-01 4.605630238850913494e-01
4.724363883336382686e-01 4.530991713205976268e-01 4.551120599110918263e-01 4.643077055613196724e-01 4.658484856287639087e-01 4.660731951395671313e-01 4.703993797302243318e-01 4.702299038569129896e-01 4.635812838872270247e-01 4.774849017461141321e-01 4.746231238047276535e-01 4.654107491175334399e-01 4.726972182591750449e-01 4.643487135569250301e-01 4.608969688415527899e-01 4.620498418807985064e-01
4.684140284856161962e-01 4.610949754714961935e-01 4.569388230641684423e-01 4.581823348999022882e-01 4.630263249079384913e-01 4.683111111323038367e-01 4.734783172607420765e-01 4.631011883417764929e-01 4.611428976058957740e-01 4.787389834721882398e-01 4.657790263493858940e-01 4.643213748931885321e-01 4.631760517756143836e-01 4.593525727589922725e-01 4.570331970850631809e-01 4.562393029530845134e-01
4.647940794626871930e-01 4.557818571726484635e-01 4.651622374852495967e-01 4.727105299631755297e-01 4.636338154474893281e-01 4.589168230692545758e-01 4.634491999944049812e-01 4.598386287689209539e-01 4.706504344940184992e-01 4.791566133499143842e-01 4.647667010625199935e-01 4.633113543192547423e-01 4.724890391031900672e-01 4.686144590377805952e-01 4.591960906982420765e-01 4.587006966272992869e-01
4.620060523351033344e-01 4.568825165430704938e-01 4.530508915583293938e-01 4.663881858189902196e-01 4.593453407287599322e-01 4.654930035273233679e-01 4.736667076746621241e-01 4.708805878957113000e-01 4.686872164408364960e-01 4.776897827784222783e-01 4.672524929046636966e-01 4.598724047342931387e-01 4.716517527898151374e-01 4.620692332585650264e-01 4.592564105987553269e-01 4.675639073053994288e-01
4.672308365503947680e-01 4.572758674621586472e-01 4.604364236195883642e-01 4.674271345138547029e-01 4.649701913197839542e-01 4.688612222671508234e-01 4.732664823532103382e-01 4.723289807637533477e-01 4.641971588134762849e-01 4.822760820388794500e-01 4.740433692932127796e-01 4.700183868408200905e-01 4.738397200902301210e-01 4.589689175287881562e-01 4.513312578201296166e-01 4.645615021387735633e-01
4.658927917480468750e-01 4.559652010599770655e-01 4.623120228449504321e-01 4.697504043579099897e-01 4.530086914698278622e-01 4.673594236373903033e-01 4.654408295949298280e-01 4.677158594131469171e-01 4.668968518575031812e-01 4.778949817021684310e-01 4.614802201588949493e-01 4.604780673980711780e-01 4.692200422286988415e-01 4.639814297358194062e-01 4.531520605087280273e-01 4.648234446843463319e-01
4.690047899881997218e-01 4.587072134017943781e-01 4.657023350397748174e-01 4.673424561818444456e-01 4.612483183542887000e-01 4.627456665039055284e-01 4.661823908487957024e-01 4.698861837387086071e-01 4.709427754084271611e-01 4.819974501927694055e-01 4.633111953735354893e-01 4.676041603088377796e-01 4.687681992848716783e-01 4.666710694630943346e-01 4.592359463373820727e-01 4.669308662414551891e-01
4.657567739486694891e-01 4.555983146031699071e-01 4.574085076649982984e-01 4.652568896611530280e-01 4.603302478790290975e-01 4.697173833847044233e-01 4.723320007324217085e-01 4.645946820576985492e-01 4.627056519190467232e-01 4.790069659550980075e-01 4.642474651336672142e-01 4.570837418238325456e-01 4.645607074101767431e-01 4.718081553777060400e-01 4.591270287831623054e-01 4.655511379241943914e-01
4.737985531489056767e-01 4.586392641067505993e-01 4.611294269561769243e-01 4.756745894749959680e-01 4.661124149958291718e-01 4.676223595937094024e-01 4.646217823028566118e-01 4.638301531473795758e-01 4.639955759048463024e-01 4.803969462712606719e-01 4.611289501190187767e-01 4.667522509892782501e-01 4.732350508371990228e-01 4.633641640345260715e-01 4.578581651051840118e-01 4.712990919748937246e-01
4.756639003753660999e-01 4.610370000203448670e-01 4.576868216196695038e-01 4.653381506601970696e-01 4.654510418574014374e-01 4.653226137161256548e-01 4.715229272842407227e-01 4.572463035583496094e-01 4.723763068517041197e-01 4.834769964218137428e-01 4.671296675999960790e-01 4.596379597981771203e-01 4.651083548863728656e-01 4.641253550847366793e-01 4.543905258178712048e-01 4.655990203221638812e-01
4.723014831542967640e-01 4.516433477401735064e-01 4.551512400309248862e-01 4.765020211537675521e-01 4.563194115956620278e-01 4.686416387557983954e-01 4.734142621358233827e-01 4.631143411000572252e-01 4.698776006698610064e-01 4.801120360692345823e-01 4.655427535374956904e-01 4.652956326802573095e-01 4.728033542633054420e-01 4.592166344324751792e-01 4.537370999654133374e-01 4.635773102442422022e-01
4.695239861806235204e-01 4.612875382105505184e-01 4.578586022059116245e-01 4.739141861597698235e-01 4.619486331939697821e-01 4.630607763926186671e-01 4.635277986526488703e-01 4.737534920374553149e-01 4.642464717229205506e-01 4.795967737833656819e-01 4.581064383188886979e-01 4.625461498896286661e-01 4.693319002787271210e-01 4.617711305618287798e-01 4.578950802485148297e-01 4.675202767054239539e-01
4.634948968887329657e-01 4.584190050760902913e-01 4.582467873891191146e-01 4.727855126063027491e-01 4.618193308512367756e-01 4.684430758158366070e-01 4.725148280461626271e-01 4.646325906117757532e-01 4.686659177144364419e-01 4.878850380579634605e-01 4.574325879414876672e-01 4.631507396698002488e-01 4.721213976542154023e-01 4.657728274663289758e-01 4.530913829803461801e-01 4.683785041173298413e-01
4.638648827870683888e-01 4.527937173843385454e-01 4.607890049616490402e-01 4.696602423985801744e-01 4.621909062067666163e-01 4.645133415857949366e-01 4.709614117940263966e-01 4.722713629404699520e-01 4.721357822418211780e-01 4.779920578002927467e-01 4.699573119481404992e-01 4.564960400263471385e-01 4.721620877583821985e-01 4.617404540379841937e-01 4.592701991399131822e-01 4.655336936314902752e-01
4.702784220377610458e-01 4.496023257573447673e-01 4.547062714894614666e-01 4.658455451329547858e-01 4.636323451995847944e-01 4.682724873224892170e-01 4.708443880081173427e-01 4.634423653284711619e-01 4.697618881861366225e-01 4.877862532933553430e-01 4.596655368804934416e-01 4.641750256220500415e-01 4.678024848302203553e-01 4.609456062316891201e-01 4.587288697560630846e-01 4.631388584772748174e-01
4.708297650019324654e-01 4.605104525883995104e-01 4.515475432078044915e-01 4.742786089579262288e-01 4.669985373814898866e-01 4.651536544164024400e-01 4.638337691624959680e-01 4.633701244990032775e-01 4.699037869771320319e-01 4.820078214009603790e-01 4.682369232177731044e-01 4.591313997904461486e-01 4.622831741968796426e-01 4.620351394017537250e-01 4.560995101928709272e-01 4.669576485951739131e-01
4.605834086736040334e-01 4.599292278289798253e-01 4.550396203994752087e-01 4.720811446507772735e-01 4.652327696482344010e-01 4.595390955607099315e-01 4.746762514114373221e-01 4.677468538284301758e-01 4.669740200042722944e-01 4.698236783345537959e-01 4.654284715652468041e-01 4.620110591252645782e-01 4.742158253987627803e-01 4.625693162282311088e-01 4.550033807754511050e-01 4.666593869527178029e-01
4.683037996292113703e-01 4.550019105275469600e-01 4.654957850774132377e-01 4.673149585723879174e-01 4.598140319188431246e-01 4.620066881179809570e-01 4.734712441762288226e-01 4.669602314631144946e-01 4.754863977432248201e-01 4.729001919428509337e-01 4.564207792282106713e-01 4.648354848225910718e-01 4.685488144556682610e-01 4.496109882990517725e-01 4.517850478490191279e-01 4.729752937952681480e-01
4.676202932993568373e-01 4.577542543411252107e-01 4.643927017847699346e-01 4.652499755223596378e-01 4.616826772689818226e-01 4.638373851776121937e-01 4.704556862513223914e-01 4.660295645395916564e-01 4.710099299748739532e-01 4.765411218007403749e-01 4.588683446248372211e-01 4.521372318267822266e-01 4.712729056676227546e-01 4.628468751907346412e-01 4.506582021713259056e-01 4.590214888254799952e-01
4.564273357391360197e-01 4.555177688598628372e-01 4.618942737579342928e-01 4.699802796045942643e-01 4.657520453135173821e-01 4.618367751439408364e-01 4.688506126403813035e-01 4.639814694722495525e-01 4.675946235656741057e-01 4.746590058008828272e-01 4.646852016448971834e-01 4.664516051610315683e-01 4.643588066101072553e-01 4.618920485178628632e-01 4.580839077631629341e-01 4.667264620463049685e-01
4.610924720764159046e-01 4.599317312240602251e-01 4.623294274012248462e-01 4.710002342859903046e-01 4.685350259145099616e-01 4.615092674891156377e-01 4.766892592112222382e-01 4.636946916580200195e-01 4.801306724548340399e-01 4.778763850529986201e-01 4.622783660888674095e-01 4.639219045639038641e-01 4.690340360005698095e-01 4.633310238520302882e-01 4.615745147069292842e-01 4.659889936447143555e-01
4.650988976160687627e-01 4.578506549199418685e-01 4.603772163391119943e-01 4.761970440546672845e-01 4.664685328801475572e-01 4.689499139785764381e-01 4.732358058293659742e-01 4.665716886520385187e-01 4.695179065068564306e-01 4.817148447036742609e-01 4.642190933227536842e-01 4.632368087768555798e-01 4.677714506785078385e-01 4.624505043029783491e-01 4.556967814763390745e-01 4.620676438013713305e-01
4.639451901117961907e-01 4.517784516016644658e-01 4.502345323562620960e-01 4.655056397120159728e-01 4.619396924972530294e-01 4.703210592269895796e-01 4.715147415796911434e-01 4.686093727747597804e-01 4.710811376571653608e-01 4.869176546732582045e-01 4.610540866851803310e-01 4.543869892756145501e-01 4.709525108337396793e-01 4.638046026229858954e-01 4.557081460952762120e-01 4.625137646993003893e-01
4.633688926696775123e-01 4.627280235290527899e-01 4.623783429463704242e-01 4.719542264938351717e-01 4.662082195281986863e-01 4.654042323430380157e-01 4.755885203679404705e-01 4.697398742039998742e-01 4.709587097167965974e-01 4.817578792572023705e-01 4.691824118296307189e-01 4.576216936111449640e-01 4.783371289571123897e-01 4.576303561528522468e-01 4.547188282012935567e-01 4.714338382085163648e-01
4.643398920694986609e-01 4.617320696512858258e-01 4.582943518956504869e-01 4.700522025426230877e-01 4.579790830612187613e-01 4.579057296117143849e-01 4.687652985254924243e-01 4.682122866312661280e-01 4.757273197174069490e-01 4.821272293726600044e-01 4.602883259455359255e-01 4.594364166259765070e-01 4.679032166798912096e-01 4.610522985458370693e-01 4.572100639343257833e-01 4.605538845062258635e-01
4.672756592432660283e-01 4.673837423324583851e-01 4.601206382115682336e-01 4.756536881128947125e-01 4.637554486592606051e-01 4.651560783386233244e-01 4.706634680430092921e-01 4.667176405588784882e-01 4.699923992156976316e-01 4.756345351537070165e-01 4.675761858622229372e-01 4.602426290512087181e-01 4.757957061131795617e-01 4.665587345759074078e-01 4.521132310231526508e-01 4.588675101598102546e-01
4.648218552271527471e-01 4.583879709243772749e-01 4.521304368972777765e-01 4.747133652369181500e-01 4.622110923131311222e-01 4.630443652470906946e-01 4.722421566645301216e-01 4.630148808161420604e-01 4.644693533579509204e-01 4.727848768234252930e-01 4.703774054845172303e-01 4.598691860834753786e-01 4.690502882003783625e-01 4.652474721272787384e-01 4.574591318766274006e-01 4.661658207575478663e-01
4.631004730860392993e-01 4.548446734746296460e-01 4.581036170323692369e-01 4.690359036127721981e-01 4.654962221781411835e-01 4.642056624094649253e-01 4.756580193837485759e-01 4.553500413894653875e-01 4.605699777603149414e-01 4.797043402989703553e-01 4.749432404836019805e-01 4.648143450419108258e-01 4.681447744369505726e-01 4.631669918696083577e-01 4.594444831212362024e-01 4.617320299148555129e-01
4.642111063003543925e-01 4.553355773289990971e-01 4.647227525711056795e-01 4.760382970174154016e-01 4.644428888956707024e-01 4.667973915735882384e-01 4.679093360900878351e-01 4.703738689422604646e-01 4.668241341908772601e-01 4.791806538899739398e-01 4.633798996607463860e-01 4.656268358230593041e-01 4.747678836186728368e-01 4.659789403279622766e-01 4.590371449788406832e-01 4.724726676940917969e-01
4.594467480977380558e-01 4.526140292485559269e-01 4.568073352177935975e-01 4.767280419667563884e-01 4.585487445195516876e-01 4.760242700576783337e-01 4.722394148508706202e-01 4.700710376103718335e-01 4.722728331883750963e-01 4.823193152745562373e-01 4.595646460851032788e-01 4.685128927230833851e-01 4.663278659184772468e-01 4.609593550364178838e-01 4.578783512115481846e-01 4.733432133992511726e-01
4.640438954035439045e-01 4.634357293446857984e-01 4.583769241968789765e-01 4.683713515599572941e-01 4.651615222295125696e-01 4.645562569300336064e-01 4.739638566970830191e-01 4.655719995498661667e-01 4.646461407343548955e-01 4.818964004516604338e-01 4.611307382583621495e-01 4.595053195953371916e-01 4.749767780303953413e-01 4.518880844116213158e-01 4.578133026758826607e-01 4.610596497853601816e-01
