4.696258306503293123e-01 4.553818702697753906e-01 4.671763181686403033e-01 4.729775587717690577e-01 4.561300277709960382e-01 4.765394131342571837e-01 4.780776898066200209e-01 4.691214561462404564e-01 4.604939619700115783e-01 4.790838162104288922e-01 4.651009639104208282e-01 4.555752277374270909e-01 4.732892115910849462e-01 4.652316967646283330e-01 4.481186072031658751e-01 4.662762880325321269e-01
4.676775534947706925e-01 4.590314229329428564e-01 4.595225652058917420e-01 4.727027416229246937e-01 4.744279781977335797e-01 4.645284016927087589e-01 4.713354110717780099e-01 4.648915926615399541e-01 4.621773560841874184e-01 4.821619987487792969e-01 4.669696887334187085e-01 4.627082347869869716e-01 4.741272528966269384e-01 4.729022185007733525e-01 4.539805253346759217e-01 4.613902966181433474e-01
4.613004922866822399e-01 4.605975548426309851e-01 4.574882984161376398e-01 4.750785827636720970e-01 4.647517999013267564e-01 4.704550504684443801e-01 4.789269765218098218e-01 4.639293352762858258e-01 4.671477079391478937e-01 4.907745122909543123e-01 4.642955859502155835e-01 4.652141729990640906e-01 4.701885382334393126e-01 4.626152515411376398e-01 4.518390099207560962e-01 4.672979911168413381e-01
4.710015058517455500e-01 4.589006106058754475e-01 4.592079718907676744e-01 4.689679940541591208e-01 4.604737758636473499e-01 4.705387751261389528e-01 4.750414689381918798e-01 4.684698581695557196e-01 4.706784089406330085e-01 4.881192048390707861e-01 4.753183126449585516e-01 4.668105045954389354e-01 4.702027638753251693e-01 4.587955077489219713e-01 4.538716872533163915e-01 4.623224735260018092e-01
4.635987281799312520e-01 4.564550320307416142e-01 4.594807227452595844e-01 4.722685416539511016e-01 4.628900686899819483e-01 4.691433906555175226e-01 4.809526999791459700e-01 4.737035433451330380e-01 4.679181973139445172e-01 4.852954546610512288e-01 4.779392083485923814e-01 4.592012961705525531e-01 4.690290292104087322e-01 4.588498274485270367e-01 4.629509051640828265e-01 4.654317299524940998e-01
4.735637505849201734e-01 4.608610868453981713e-01 4.602050383885698537e-01 4.756580193837486870e-01 4.642025629679357168e-01 4.749410947163896224e-01 4.740409851074218195e-01 4.594725767771398184e-01 4.642714659372966235e-01 4.902177254358924263e-01 4.671268065770469158e-01 4.668165047963460657e-01 4.757814407348632812e-01 4.653894106547035725e-01 4.612730741500852272e-01 4.644279082616166732e-01
4.728882312774661534e-01 4.572926362355551611e-01 4.625525474548338178e-01 4.764351447423300634e-01 4.694079955418901107e-01 4.719607432683307069e-01 4.768814643224083549e-01 4.737684329350789758e-01 4.697261651357019230e-01 4.886576731999711654e-01 4.704895416895548133e-01 4.635785420735679674e-01 4.662967920303340841e-01 4.645399649937951292e-01 4.539676507314044374e-01 4.621534744898479485e-01
4.695581595102942818e-01 4.593915144602457312e-01 4.589371283849082994e-01 4.692328373591105328e-01 4.588885307312012274e-01 4.680606921513874030e-01 4.756468137105305249e-01 4.738793373107911822e-01 4.615382750829057357e-01 4.850356578826909293e-01 4.663134018580115114e-01 4.531329075495403869e-01 4.662949244181318620e-01 4.624150991439821001e-01 4.575591882069908189e-01 4.622143507003784180e-01
4.633004665374758635e-01 4.619321823120115522e-01 4.532637198766072961e-01 4.711667299270630993e-01 4.639074802398679420e-01 4.677514632542931206e-01 4.785834153493241372e-01 4.634895722071333823e-01 4.673875172932943634e-01 4.742054541905720844e-01 4.747163454691566975e-01 4.626659154891968884e-01 4.701504707336429667e-01 4.630418618520100726e-01 4.597030083338422557e-01 4.631499846776330198e-01
4.681726694107061770e-01 4.599424203236895936e-01 4.592102368672688062e-01 4.745234251022337757e-01 4.621069431304932196e-01 4.718104600906374291e-01 4.748380581537884892e-01 4.705419143040972529e-01 4.697070519129435962e-01 4.825697342554726710e-01 4.716345469156906223e-01 4.640791416168214001e-01 4.802194833755493164e-01 4.591602881749471399e-01 4.561240673065184437e-01 4.603031078974405554e-01
4.661658207575482549e-01 4.637890259424845563e-01 4.660659233729041451e-01 4.735954999923707720e-01 4.704941113789876672e-01 4.736262957255048534e-01 4.745777845382686544e-01 4.714649518330888966e-01 4.680747191111246375e-01 4.905915657679241759e-01 4.718306064605714556e-01 4.640007813771562240e-01 4.685776631037396056e-01 4.675064881642666537e-01 4.522547721862790748e-01 4.619566599527995532e-01
4.663754304250081195e-01 4.622970024744668671e-01 4.533135493596397447e-01 4.684083064397176477e-01 4.582912524541219446e-01 4.753856261571250408e-01 4.702778259913129033e-01 4.656314055124922135e-01 4.680041074752811503e-01 4.874385992685947300e-01 4.700785477956135328e-01 4.563400745391846813e-01 4.724744955698648163e-01 4.598957697550449808e-01 4.492979447046916430e-01 4.614771604537958316e-01
4.681220451990760201e-01 4.622967640558878766e-01 4.653116861979166852e-01 4.608255624771121495e-01 4.654824733734127529e-01 4.688649177551270086e-01 4.834422270456951720e-01 4.714971383412679407e-01 4.708506663640341094e-01 4.926125605901082172e-01 4.711740811665849904e-01 4.576250314712523304e-01 4.730797211329141327e-01 4.632135629653930109e-01 4.512682755788165467e-01 4.604659080505369984e-01
4.679489135742190276e-01 4.605365594228107429e-01 4.625419378280639093e-01 4.704527854919432484e-01 4.607903560002649668e-01 4.749490022659304533e-01 4.816573063532507692e-01 4.725896914800004067e-01 4.638028144836422451e-01 4.722425937652588446e-01 4.709198077519738956e-01 4.622284173965452436e-01 4.728624423344929828e-01 4.605566660563152892e-01 4.560256004333494428e-01 4.637569983800250983e-01
4.664475917816164330e-01 4.598444302876793510e-01 4.586886167526245117e-01 4.714263677597048119e-01 4.634098609288532233e-01 4.688987731933594860e-01 4.646934668223061116e-01 4.649113019307454242e-01 4.710043271382653995e-01 4.914142290751138953e-01 4.724392890930172451e-01 4.612078269322711921e-01 4.679458141326904297e-01 4.592409928639731298e-01 4.581899245580036695e-01 4.655251105626425079e-01
4.658185640970863295e-01 4.594925642013549250e-01 4.544525146484375000e-01 4.697424968083698804e-01 4.603407382965086225e-01 4.668835004170737157e-01 4.752691586812338720e-01 4.721963008244832172e-01 4.735627174377441406e-01 4.804008801778157367e-01 4.637386004130042982e-01 4.614084959030151367e-01 4.833708604176842338e-01 4.647846619288131254e-01 4.511889219284057617e-01 4.642404715220137534e-01
4.578677415847780541e-01 4.589101870854696563e-01 4.568298657735193058e-01 4.726643959681193774e-01 4.688961505889897574e-01 4.700971841812128238e-01 4.780539671579996930e-01 4.665835301081341369e-01 4.634464184443158330e-01 4.887814521789555222e-01 4.649076461791990522e-01 4.586802323659258662e-01 4.773178100585936945e-01 4.645249446233108981e-01 4.512303272883101402e-01 4.665890534718834526e-01
4.622907638549801357e-01 4.508111079533893562e-01 4.568690061569213867e-01 4.727036952972411554e-01 4.564746618270874023e-01 4.722328980763753070e-01 4.749156634012855482e-01 4.683375755945844987e-01 4.693835576375326446e-01 4.819040695826213305e-01 4.685306151707966382e-01 4.589521090189617736e-01 4.805026054382320888e-01 4.609147310256955787e-01 4.502859910329185533e-01 4.635604222615557490e-01
4.671807686487834954e-01 4.594305356343590940e-01 4.594882726669311523e-01 4.740283489227296587e-01 4.604692856470745110e-01 4.647117058436078252e-01 4.734364350636801055e-01 4.642906983693436129e-01 4.700144926706952275e-01 4.851655165354412658e-01 4.747190872828164210e-01 4.546896616617835396e-01 4.722013473510739412e-01 4.626769622166953533e-01 4.563868840535478810e-01 4.612158139546709834e-01
4.640137354532875014e-01 4.573294321695963172e-01 4.562175273895262007e-01 4.704083998998003779e-01 4.649256865183511445e-01 4.699957370758054420e-01 4.698079427083332038e-01 4.679153760274252227e-01 4.641521771748861602e-01 4.841310977935788240e-01 4.630061785380041872e-01 4.661810000737511284e-01 4.792814652125044761e-01 4.528482357660928437e-01 4.498606522878009217e-01 4.673661788304646070e-01
4.664878447850547283e-01 4.526406923929851001e-01 4.634499152501427299e-01 4.680417378743492174e-01 4.646096626917519679e-01 4.714663028717039905e-01 4.755955934524534467e-01 4.672840038935344720e-01 4.751377503077193754e-01 4.863241116205853087e-01 4.746011098225911273e-01 4.586941798528033076e-01 4.688464005788168243e-01 4.603955745697022039e-01 4.588938554128015879e-01 4.641617139180498341e-01
4.642775456110631582e-01 4.581324259440106017e-01 4.636917908986406545e-01 4.737499952316282514e-01 4.621367851893106171e-01 4.704498847325642719e-01 4.747718969980878057e-01 4.628883997599284039e-01 4.780603249867759752e-01 4.892453352610270367e-01 4.621320962905886565e-01 4.640810489654541571e-01 4.749854008356726998e-01 4.605173269907633093e-01 4.637113014856969473e-01 4.666585127512609676e-01
4.616283178329469439e-01 4.550704558690386592e-01 4.570861260096234502e-01 4.712089300155639648e-01 4.631398518880209259e-01 4.607868989308674390e-01 4.808038870493573369e-01 4.714629252751668664e-01 4.706911643346149421e-01 4.862083991368612579e-01 4.606459538141886023e-01 4.589964548746742756e-01 4.765160878499348773e-01 4.653989076614380993e-01 4.647944370905555678e-01 4.626636107762656658e-01
4.602833588918048835e-01 4.611994425455729352e-01 4.603875080744427861e-01 4.790227810541789477e-01 4.619328578313191547e-01 4.742084344228105763e-01 4.761144320170083710e-01 4.647068977355954256e-01 4.633636474609373890e-01 4.797717730204260622e-01 4.639579455057777357e-01 4.612818161646523030e-01 4.770780801773073510e-01 4.627567927042644524e-01 4.568738142649332867e-01 4.638458093007400973e-01
4.662023782730101984e-01 4.547711213429769805e-01 4.611602624257406524e-01 4.699724117914833021e-01 4.615452289581299383e-01 4.701816240946450343e-01 4.718749920527140485e-01 4.724824825922650517e-01 4.708195527394616886e-01 4.910539388656616211e-01 4.741837580998733981e-01 4.583174784978232830e-01 4.743169943491619134e-01 4.543608427047726162e-01 4.532227118810020494e-01 4.670119682947798112e-01
4.640635649363199500e-01 4.554551045099895501e-01 4.674377044041950202e-01 4.716718196868902591e-01 4.559168418248495391e-01 4.658768177032471258e-01 4.814337491989137963e-01 4.713608026504512161e-01 4.696782032648723071e-01 4.879338343938195433e-01 4.671928087870282909e-01 4.678906997044883220e-01 4.748272101084392571e-01 4.574468533198040587e-01 4.505649407704670484e-01 4.614971081415812360e-01
4.679231246312459125e-01 4.603753884633382532e-01 4.600915114084880853e-01 4.732982714970904170e-01 4.574418465296425929e-01 4.704725344975790313e-01 4.796090126037596546e-01 4.641386667887370532e-01 4.687867164611814741e-01 4.795306523640955332e-01 4.720414082209268836e-01 4.624206622441610626e-01 4.715266227722169634e-01 4.626363515853878505e-01 4.576191504796350285e-01 4.667583306630456730e-01
4.609784285227456202e-01 4.528118769327800219e-01 4.593851963678998174e-01 4.723747173945112010e-01 4.657288392384847375e-01 4.696978727976480750e-01 4.795823891957602392e-01 4.618742863337199633e-01 4.659797747929892986e-01 4.846297105153403173e-01 4.755022525787352405e-01 4.580463171005249023e-01 4.687331120173138244e-01 4.612569808959953721e-01 4.531703392664596097e-01 4.655478000640870251e-01
4.672192732493081757e-01 4.642146031061806233e-01 4.621917009353634365e-01 4.676528771718344579e-01 4.647221962610877388e-01 4.662065108617145515e-01 4.824636777242026775e-01 4.720129966735839289e-01 4.722021023432413367e-01 4.787722428639730188e-01 4.694185256958006147e-01 4.635749657948808888e-01 4.677678346633916129e-01 4.662225643793742047e-01 4.491554101308188884e-01 4.545801083246868157e-01
4.605272213617958021e-01 4.591925144195560526e-01 4.616368214289348626e-01 4.744817018508906692e-01 4.643737475077309718e-01 4.741438229878743860e-01 4.744303226470946711e-01 4.595192273457844312e-01 4.715056816736858947e-01 4.796734253565469452e-01 4.700891971588136431e-01 4.645946423212690690e-01 4.640126625696820439e-01 4.647924105326334265e-01 4.554070234298711606e-01 4.656989177068076025e-01
4.683237870534259772e-01 4.613449573516845703e-01 4.527999162673948530e-01 4.645926554997761859e-01 4.663723309834795772e-01 4.713209470113117194e-01 4.748054742813108131e-01 4.772202571233112867e-01 4.680322011311850994e-01 4.836328426996864827e-01 4.719279607137045196e-01 4.673279126485189727e-01 4.756193558375038655e-01 4.552624622980753766e-01 4.533725182215372906e-01 4.584234555562337610e-01
4.656750758488973352e-01 4.580436547597250274e-01 4.595800638198855870e-01 4.700063864390051638e-01 4.609700441360475298e-01 4.739161332448320052e-01 4.797512292861937366e-01 4.650668303171793805e-01 4.688988526662192791e-01 4.771436452865600031e-01 4.720025062561036822e-01 4.591994285583500535e-01 4.752659400304157233e-01 4.609661499659224448e-01 4.573905070622756308e-01 4.695613781611125970e-01
4.570475816726682350e-01 4.603092273076372920e-01 4.547526041666665741e-01 4.709997177124026213e-01 4.650729099909463593e-01 4.655767679214475874e-01 4.747208754221599603e-01 4.756500720977782093e-01 4.710571765899659313e-01 4.864374001820883642e-01 4.750085274378453293e-01 4.709076484044397160e-01 4.730293750762938898e-01 4.671087265014650103e-01 4.562540054321292393e-01 4.683887163798014508e-01
4.608088731765744850e-01 4.586129585901894123e-01 4.548511902491250147e-01 4.730144341786704509e-01 4.611946344375608686e-01 4.753251870473225171e-01 4.741654793421425373e-01 4.689262310663860345e-01 4.632349014282222122e-01 4.864359299341836640e-01 4.728823502858481298e-01 4.667034149169920210e-01 4.641995032628378204e-01 4.596374432245887709e-01 4.623166720072429126e-01 4.655502637227378893e-01
4.621280431747439299e-01 4.630598227183021498e-01 4.674438635508219586e-01 4.727267821629840827e-01 4.643652041753133508e-01 4.707630872726437099e-01 4.783953030904137260e-01 4.607156117757163494e-01 4.661608537038169353e-01 4.787361224492386325e-01 4.735833009084063350e-01 4.660466909408569891e-01 4.812434116999309008e-01 4.656332731246945467e-01 4.554187059402469151e-01 4.638396898905440824e-01
4.690297842025759611e-01 4.567191998163855904e-01 4.622844457626343329e-01 4.639645814895630993e-01 4.643569389979044226e-01 4.662913084030149702e-01 4.665798743565882090e-01 4.642618894577024147e-01 4.677635431289672852e-01 4.883088668187457460e-01 4.716542164484659461e-01 4.605285724004106740e-01 4.726211229960124438e-01 4.602564175923663514e-01 4.590512911478674685e-01 4.708924293518069182e-01
4.617647329966225733e-01 4.631032148996990783e-01 4.570933183034260883e-01 4.731769959131874592e-01 4.579645395278931219e-01 4.598919550577801885e-01 4.676190614700321269e-01 4.644976854324341931e-01 4.802119731903076172e-01 4.834410746892294775e-01 4.677093029022217352e-01 4.653301239013670210e-01 4.679186741511028313e-01 4.563817977905275103e-01 4.489159981409706623e-01 4.641001621882120953e-01
4.673644304275509920e-01 4.565164248148597670e-01 4.537697633107498629e-01 4.753323793411255438e-01 4.655911525090536407e-01 4.778544108072917962e-01 4.732723236083984930e-01 4.656701882680257532e-01 4.746325413386029424e-01 4.816458622614540608e-01 4.708965619405112157e-01 4.622672796249390204e-01 4.646825790405272882e-01 4.627563556035359515e-01 4.576377868652347636e-01 4.626237948735555938e-01
4.712818066279091944e-01 4.541243314743046433e-01 4.585181077321370258e-01 4.718286593755082747e-01 4.643628199895229458e-01 4.735485712687180215e-01 4.799478848775229345e-01 4.674295186996457185e-01 4.700747330983479078e-01 4.883204698562620960e-01 4.589943091074625836e-01 4.635582367579139662e-01 4.684190352757772735e-01 4.619072675704961606e-01 4.611550569534302868e-01 4.631032546361288915e-01
4.678980906804401929e-01 4.566550254821776789e-01 4.550495942433672725e-01 4.658390283584598612e-01 4.655988613764442396e-01 4.671538273493449078e-01 4.833342234293620532e-01 4.773646195729573383e-01 4.633871714274085951e-01 4.878262281417846680e-01 4.748862981796267979e-01 4.574228525161741499e-01 4.725571870803831342e-01 4.610908428827924510e-01 4.511184295018513257e-01 4.716226657231649688e-01
4.651606480280557898e-01 4.572724501291909327e-01 4.620941480000811952e-01 4.715258280436194771e-01 4.688946803410850017e-01 4.667022625605263819e-01 4.715507427851360345e-01 4.750520785649614552e-01 4.739665587743125408e-01 4.856337706247967345e-01 4.609120289484661126e-01 4.574635028839111328e-01 4.757721821467081336e-01 4.656234979629516602e-01 4.498954614003500829e-01 4.645707209904986201e-01
4.660888115564980061e-01 4.606170256932580753e-01 4.636342128117877937e-01 4.754409392674768253e-01 4.644469420115159841e-01 4.755830764770508368e-01 4.778831005096438878e-01 4.655453761418661407e-01 4.703979094823203533e-01 4.903746048609418651e-01 4.660003185272217352e-01 4.648679097493491619e-01 4.753045638402304540e-01 4.651687145233160958e-01 4.576863447825115228e-01 4.658221801122028882e-01
4.686014254887895802e-01 4.540323813756304561e-01 4.581681092580156545e-01 4.657758871714272053e-01 4.598402579625451847e-01 4.716024796168011290e-01 4.824098348617555376e-01 4.612228870391847368e-01 4.664088884989424644e-01 4.818602800369263250e-01 4.620482524236043664e-01 4.707938432693478670e-01 4.693802595138548694e-01 4.615126053492228930e-01 4.570093154907223787e-01 4.589088757832843202e-01
4.680858850479127642e-01 4.649999141693115234e-01 4.579326709111528060e-01 4.676840305328373026e-01 4.614548285802209104e-01 4.622807502746579811e-01 4.729456901550291303e-01 4.659794966379802172e-01 4.653834501902260334e-01 4.872546990712484649e-01 4.685113032658891341e-01 4.570409854253130177e-01 4.773422479629515491e-01 4.647292693456013257e-01 4.517874717712406230e-01 4.675706227620444189e-01
4.599130153656008080e-01 4.638475179672241211e-01 4.612077474594117876e-01 4.739321072896321430e-01 4.679978291193643281e-01 4.668810367584229071e-01 4.824556112289428711e-01 4.672656059265140049e-01 4.666601816813153447e-01 4.909518162409469144e-01 4.671192169189452015e-01 4.633216460545858673e-01 4.724386135737100312e-01 4.659264485041300086e-01 4.579518238703410016e-01 4.648623069127403862e-01
4.750388860702514648e-01 4.516848325729368452e-01 4.591375192006429407e-01 4.768853982289630866e-01 4.574644565582277056e-01 4.606878757476809416e-01 4.885675112406412945e-01 4.680567979812622070e-01 4.617707331975297591e-01 4.825370311737057771e-01 4.689027865727741218e-01 4.578519264856968918e-01 4.743866125742592921e-01 4.666473468144738401e-01 4.564371109008784066e-01 4.618875185648598225e-01
4.740484555562334279e-01 4.624891281127926357e-01 4.652761220932005171e-01 4.717706044514972108e-01 4.598276615142820600e-01 4.722384611765543805e-01 4.766571919123330781e-01 4.779315392176307076e-01 4.661989212036128372e-01 4.833428462346401333e-01 4.634153445561726703e-01 4.600535631179811236e-01 4.727951288223268267e-01 4.663562774658203680e-01 4.578812917073568078e-01 4.603632291158039624e-01
4.682033459345501525e-01 4.601507584253944350e-01 4.638055960337320593e-01 4.725869099299113141e-01 4.639220635096232837e-01 4.662154515584308045e-01 4.670303662618001117e-01 4.644006490707396351e-01 4.751191139221189741e-01 4.862445990244546046e-01 4.755355914433797015e-01 4.642338752746581476e-01 4.653499126434327837e-01 4.603255589803056935e-01 4.609696467717491197e-01 4.657897949218755551e-01
4.756442705790203673e-01 4.529291391372680664e-01 4.575655857721960817e-01 4.732131958007811390e-01 4.600763320922852118e-01 4.627331097920734382e-01 4.720514218012490382e-01 4.643478393554687500e-01 4.735379616419470028e-01 4.883766571680702162e-01 4.664723475774130712e-01 4.620738029479979359e-01 4.675146341323851429e-01 4.576606353123986448e-01 4.597288767496739426e-01 4.661142031351724890e-01
4.591854413350427433e-01 4.549017349878951011e-01 4.714044729868568928e-01 4.713572263717653033e-01 4.575439294179282079e-01 4.663743575414016629e-01 4.765915473302211325e-01 4.661285082499188048e-01 4.646710952123007665e-01 4.766171375910441266e-01 4.679723978042603649e-01 4.663835366566974616e-01 4.628299872080484656e-01 4.652282794316612846e-01 4.559647242228193620e-01 4.648268222808838446e-01
4.699911276499430524e-01 4.584376811981201727e-01 4.543826182683304293e-01 4.706748723983765204e-01 4.671165545781454376e-01 4.734061956405639648e-01 4.814586242039994857e-01 4.671546618143717633e-01 4.658782879511519925e-01 4.871898492177333395e-01 4.653372367223106432e-01 4.644199212392170484e-01 4.656482537587479653e-01 4.626804987589519524e-01 4.590475559234622471e-01 4.658190011978148859e-01
4.663158655166623756e-01 4.586643775304157788e-01 4.566133817036945319e-01 4.671835899353021793e-01 4.638134638468427440e-01 4.715423981348676463e-01 4.741756916046141468e-01 4.725672403971351576e-01 4.678562084833775003e-01 4.902359247207643267e-01 4.737357695897415066e-01 4.566887219746906257e-01 4.769947528839107997e-01 4.607262214024860913e-01 4.633763631184895648e-01 4.712916215260817276e-01
4.716536204020178036e-01 4.513966639836625716e-01 4.560277064641320988e-01 4.623075326283773712e-01 4.608643054962154872e-01 4.639408588409422163e-01 4.783022801081341924e-01 4.609526793162025404e-01 4.717880090077714028e-01 4.776661793390908350e-01 4.691904385884603790e-01 4.616466363271077289e-01 4.741148551305137127e-01 4.558517535527547015e-01 4.609973033269244569e-01 4.669619401295976302e-01
4.713915189107257819e-01 4.599254131317140337e-01 4.619332949320472670e-01 4.818857510884599904e-01 4.605981906255083858e-01 4.790078004201249184e-01 4.693586031595866626e-01 4.805713891983031671e-01 4.619783957799278307e-01 4.857960144678750147e-01 4.721775054931643956e-01 4.605847994486488850e-01 4.719107945760093736e-01 4.575511217117306795e-01 4.602499405543010180e-01 4.636733134587602279e-01
4.677896896998090526e-01 4.696359634399416283e-01 4.573778311411544339e-01 4.737322330474857957e-01 4.718747138977053557e-01 4.679790735244748756e-01 4.714673757553097810e-01 4.652809699376424524e-01 4.639617602030437493e-01 4.781707525253294788e-01 4.642381668090821978e-01 4.557819366455080345e-01 4.817790985107419099e-01 4.619645675023398845e-01 4.596617619196573523e-01 4.597656329472857295e-01
4.679931402206419788e-01 4.643911918004355321e-01 4.624288479487101422e-01 4.748909076054888545e-01 4.713204701741536273e-01 4.757622480392454389e-01 4.798406759897866913e-01 4.688451290130618565e-01 4.697369337081909180e-01 4.861801067988076319e-01 4.708785216013590125e-01 4.621249437332154431e-01 4.685640732447310941e-01 4.612483978271486040e-01 4.526062011718749445e-01 4.754441976547237325e-01
4.628974596659339302e-01 4.560943444569905414e-01 4.586950540542601429e-01 4.715240001678467352e-01 4.628721475601195734e-01 4.707677761713663922e-01 4.799509445826212750e-01 4.705186287562051484e-01 4.731668233871459961e-01 4.906034469604495518e-01 4.682826995849606599e-01 4.648243983586627381e-01 4.740349849065145227e-01 4.603414932886759625e-01 4.569704135258987332e-01 4.608201980590822533e-01
4.630485375722249719e-01 4.620434840520225572e-01 4.593303600947062360e-01 4.724342028299969298e-01 4.654387235641482823e-01 4.699372450510660992e-01 4.782581329345706456e-01 4.650865395863851282e-01 4.639996687571208422e-01 4.820588429768878913e-01 4.675439596176142465e-01 4.615304470062255859e-01 4.621575276056925641e-01 4.666324456532796039e-01 4.568562904993695439e-01 4.624150991439819336e-01
4.655163685480753211e-01 4.615454673767083738e-01 4.660072326660155140e-01 4.782802263895671868e-01 4.608462254206339703e-01 4.676756858825683594e-01 4.737429618835450884e-01 4.665165344874064313e-01 4.639484882354737438e-01 4.883806705474849075e-01 4.661178588867183059e-01 4.665060440699256294e-01 4.676163991292319744e-01 4.626335302988686116e-01 4.481930335362748763e-01 4.650228023529053289e-01
4.638997316360478629e-01 4.653613964716589169e-01 4.591090679168705613e-01 4.683073759078978937e-01 4.635541041692099462e-01 4.695711135864258368e-01 4.766517877578733686e-01 4.681589603424074486e-01 4.681426286697384920e-01 4.834959904352829074e-01 4.634312391281127375e-01 4.657983382542926765e-01 4.721615711847938490e-01 4.635782241821294614e-01 4.547711610794066273e-01 4.652887582778927333e-01
4.607748985290531785e-01 4.531307617823283618e-01 4.612204631169644076e-01 4.734912316004438737e-01 4.685401519139607007e-01 4.641771713892618445e-01 4.735935926437375709e-01 4.685171445210776775e-01 4.719022909800212329e-01 4.835650920867918812e-01 4.653326272964484200e-01 4.642317295074465111e-01 4.701536893844607823e-01 4.568964640299484903e-01 4.562801122665405273e-01 4.681864579518633107e-01
4.629158178965253612e-01 4.600019852320355040e-01 4.533463319142657655e-01 4.709595441818240080e-01 4.632935126622520494e-01 4.697935581207278166e-01 4.805757999420171012e-01 4.657982587814332720e-01 4.754575888315835108e-01 4.885092178980505184e-01 4.668279488881434403e-01 4.599294265111285029e-01 4.803545475006098520e-01 4.620338280995689439e-01 4.559216101964316259e-01 4.643191099166869562e-01
4.629705349604290587e-01 4.549629688262941674e-01 4.633866548538212449e-01 4.617569446563724034e-01 4.675576289494833282e-01 4.815419117609658350e-01 4.817101160685223205e-01 4.607373078664142030e-01 4.666498899459837202e-01 4.875802993774412397e-01 4.702912569046019398e-01 4.613691965738931366e-01 4.711715777715044240e-01 4.587647914886476830e-01 4.616707563400267444e-01 4.616620143254596687e-01
4.644442796707155541e-01 4.575030406316120124e-01 4.632739226023353529e-01 4.822196960449215419e-01 4.636520544687906531e-01 4.675477743148807042e-01 4.727603594462075343e-01 4.727644125620525384e-01 4.641855160395306767e-01 4.833137989044185567e-01 4.723774989446002381e-01 4.607241153717038240e-01 4.653897285461423561e-01 4.664767583211264501e-01 4.588336944580077015e-01 4.698522885640459279e-01
4.649636745452879194e-01 4.582112630208333148e-01 4.525415102640785170e-01 4.670287768046057497e-01 4.621923764546713165e-01 4.712114731470740114e-01 4.740779399871825062e-01 4.620233376820886417e-01 4.712996085484822406e-01 4.831467469533282655e-01 4.663646221160888672e-01 4.671935637791955198e-01 4.659382104873663333e-01 4.558186133702598619e-01 4.595690965652464710e-01 4.582346280415853235e-01
4.718969265619915032e-01 4.673948685328166430e-01 4.556462367375698208e-01 4.659719864527383515e-01 4.661853710810342499e-01 4.743822813034054842e-01 4.697385231653848359e-01 4.703574577967323811e-01 4.690373341242467520e-01 4.905794461568196430e-01 4.683163563410442376e-01 4.570590257644657761e-01 4.719039599100744997e-01 4.633539915084838312e-01 4.627250830332442222e-01 4.708188772201541972e-01
4.646059672037761157e-01 4.607512553532916444e-01 4.527030388514197701e-01 4.816095431645709968e-01 4.551563660303755698e-01 4.625910917917888110e-01 4.735494454701739686e-01 4.659438530604045337e-01 4.721834262212116773e-01 4.811401764551802573e-01 4.748095671335856860e-01 4.631681044896445720e-01 4.731677373250327001e-01 4.707827568054203105e-01 4.564079840977989244e-01 4.666088819503781959e-01
4.680412610371905702e-01 4.563389221827188758e-01 4.616038799285885341e-01 4.816995461781818921e-01 4.635032018025717071e-01 4.695911804834996817e-01 4.745869636535644531e-01 4.661001761754353101e-01 4.654123783111568935e-01 4.883737166722611489e-01 4.684262673060098914e-01 4.625585873921710389e-01 4.714558521906533906e-01 4.619802236557005726e-01 4.602232774098711232e-01 4.655057986577346707e-01
4.624360799789425935e-01 4.619549910227458978e-01 4.561957120895389073e-01 4.734061956405637983e-01 4.569045702616380544e-01 4.707219600677489124e-01 4.708515008290610759e-01 4.692554473876954235e-01 4.665589729944865094e-01 4.952259063720702570e-01 4.623482227325441674e-01 4.574389060338335256e-01 4.644137223561604078e-01 4.560829003651934999e-01 4.564318656921387829e-01 4.597004652023315430e-01
4.732397397359210944e-01 4.594022830327351148e-01 4.551492134730020234e-01 4.724460840225216951e-01 4.683144489924109255e-01 4.668576320012409187e-01 4.743428230285644531e-01 4.683318138122561924e-01 4.659362236658728396e-01 4.791039228439326059e-01 4.703354438145956329e-01 4.690597057342528742e-01 4.687462647755938905e-01 4.592803319295247766e-01 4.531817833582560406e-01 4.709012508392337315e-01
4.669649998346964148e-01 4.597062269846596827e-01 4.583714405695596961e-01 4.716869592666629862e-01 4.671489000320431240e-01 4.738146066665649969e-01 4.784309069315592633e-01 4.741765658060710931e-01 4.648285706837972375e-01 4.883858362833664035e-01 4.688131014506017324e-01 4.616891940434774688e-01 4.641330242156987973e-01 4.620029131571453673e-01 4.605050881703697807e-01 4.634739557902017859e-01
4.663786093393962329e-01 4.670825799306232984e-01 4.587258895238239820e-01 4.705220460891723078e-01 4.548912843068438350e-01 4.671140114466346693e-01 4.779803752899170477e-01 4.633893966674806353e-01 4.665575822194417133e-01 4.872929652531944322e-01 4.715062777201334820e-01 4.649338722229003906e-01 4.822867314020792273e-01 4.601771434148153039e-01 4.567333459854129307e-01 4.618475039800006843e-01
4.676752090454098787e-01 4.511924982070920076e-01 4.578967094421387274e-01 4.619985818862912264e-01 4.686364332834879742e-01 4.676324923833209413e-01 4.748932123184204657e-01 4.624685843785601991e-01 4.691935777664185681e-01 4.820384184519450610e-01 4.691724379857381555e-01 4.559282064437865101e-01 4.760813713073733244e-01 4.662288029988609361e-01 4.582669734954833984e-01 4.665102958679202549e-01
4.617749055226649246e-01 4.617744684219362017e-01 4.497946898142498595e-01 4.724835157394411400e-01 4.601595004399616218e-01 4.716546535491942249e-01 4.765417178471885729e-01 4.638498226801553437e-01 4.675754308700555972e-01 4.796940088272093616e-01 4.682420492172239546e-01 4.580446481704716355e-01 4.665046135584514087e-01 4.563805262247720984e-01 4.567143122355147300e-01 4.617242813110349897e-01
4.728130102157591108e-01 4.524744749069214422e-01 4.603195985158283210e-01 4.689393043518067516e-01 4.569154977798460249e-01 4.699848492940267852e-01 4.706698258717855188e-01 4.633189439773561236e-01 4.698185523351030568e-01 4.906651973724368010e-01 4.675217072168993959e-01 4.557815392812092914e-01 4.682808717091880846e-01 4.605537255605058888e-01 4.531304836273190584e-01 4.582593838373819617e-01
4.704145987828575182e-01 4.560282230377196711e-01 4.608391523361206610e-01 4.701577027638751960e-01 4.680553277333579509e-01 4.715476433436077697e-01 4.731161197026569898e-01 4.694077968597409889e-01 4.719272454579669929e-01 4.878634611765542695e-01 4.734325011571248187e-01 4.622250000635786393e-01 4.794862667719522187e-01 4.656945864359536835e-01 4.574349323908479259e-01 4.671200513839720014e-01
4.672048886617030661e-01 4.578721523284911554e-01 4.599441289901730623e-01 4.676513671875001110e-01 4.640829165776566567e-01 4.669971863428751258e-01 4.767274061838785437e-01 4.641284147898358525e-01 4.613285462061565423e-01 4.891802469889323657e-01 4.725504318873085530e-01 4.651699860890711191e-01 4.739925066630050199e-01 4.639679590861002789e-01 4.574853976567583858e-01 4.673798084259032648e-01
4.615405797958376799e-01 4.610532919565840104e-01 4.579270283381145501e-01 4.727338949839274274e-01 4.637084404627483392e-01 4.641524155934650953e-01 4.710803826649984094e-01 4.668271541595458429e-01 4.670548041661583549e-01 4.896321694056193774e-01 4.705284833908078834e-01 4.621622165044146913e-01 4.681815306345623040e-01 4.590362707773839590e-01 4.575809240341185413e-01 4.672034978866575483e-01
4.633311033248900812e-01 4.577802419662478917e-01 4.515105088551837342e-01 4.720931053161622204e-01 4.638363917668660297e-01 4.703314304351807196e-01 4.742602507273358525e-01 4.661829868952435119e-01 4.611918926239012007e-01 4.845348596572875977e-01 4.648108084996540601e-01 4.609886010487875274e-01 4.759677648544310968e-01 4.713064034779864686e-01 4.598598082860310132e-01 4.732355276743575589e-01
4.639208714167278313e-01 4.588361183802284748e-01 4.580093224843338473e-01 4.699289401372274688e-01 4.616355101267493599e-01 4.648595650990804407e-01 4.706013600031532240e-01 4.590018590291344291e-01 4.668939510981245933e-01 4.799277385075884639e-01 4.625398317972820861e-01 4.700849453608195727e-01 4.781872431437175219e-01 4.611865282058719151e-01 4.604945580164587771e-01 4.631682236989340673e-01
4.730277458826701587e-01 4.525494178136190149e-01 4.506890376408896337e-01 4.732460180918375281e-01 4.583048820495604359e-01 4.677057663599646919e-01 4.697523117065436349e-01 4.657841523488365221e-01 4.696573416392008093e-01 4.756702184677121248e-01 4.603364467620845168e-01 4.646988312403363408e-01 4.687310457229614258e-01 4.635629653930667393e-01 4.595148960749307343e-01 4.610560337702432343e-01
4.626606702804566540e-01 4.517477353413902330e-01 4.575081268946330493e-01 4.750625689824424236e-01 4.640665451685588305e-01 4.653307199478149414e-01 4.709815184275314426e-01 4.667908747990925367e-01 4.629161755243934584e-01 4.780823787053423146e-01 4.673801660537720282e-01 4.618570804595945600e-01 4.785703818003336774e-01 4.563809235890706750e-01 4.593111276626590800e-01 4.685893853505452289e-01
4.616938432057701158e-01 4.580382903416946316e-01 4.565697908401487037e-01 4.749436775843304259e-01 4.681924184163411273e-01 4.622631072998051871e-01 4.786558151245118298e-01 4.653002421061195326e-01 4.762353499730431206e-01 4.814793666203816547e-01 4.677302042643230462e-01 4.705534776051839008e-01 4.761971235275265224e-01 4.682441949844363682e-01 4.549723466237384217e-01 4.657880862553915868e-01
4.676320950190225867e-01 4.542517662048341509e-01 4.619061946868897039e-01 4.730065663655599328e-01 4.580221176147462048e-01 4.711194435755411414e-01 4.777219692866011003e-01 4.649809598922727827e-01 4.717042843500774407e-01 4.807969729105630585e-01 4.718325932820638391e-01 4.663772583007814720e-01 4.740941524505616900e-01 4.589983224868775524e-01 4.570823510487875829e-01 4.635623296101892277e-01
4.710734685262042976e-01 4.539530674616493178e-01 4.625455141067505993e-01 4.665695031483967914e-01 4.620225429534913220e-01 4.721642732620238148e-01 4.739398161570231305e-01 4.666253725687663501e-01 4.684031009674070600e-01 4.850120147069293397e-01 4.651437203089395234e-01 4.662193457285563891e-01 4.748811324437460235e-01 4.662172794342044901e-01 4.560147126515708416e-01 4.626203378041584546e-01
4.673806428909300648e-01 4.578375816345212068e-01 4.516842762629191821e-01 4.673602183659870124e-01 4.607063929239907929e-01 4.701076745986934591e-01 4.739152193069459673e-01 4.616354306538902330e-01 4.669127066930134351e-01 4.819299379984537390e-01 4.738541841506955232e-01 4.558272759119672002e-01 4.741028547286985639e-01 4.592321316401164477e-01 4.606104294459025805e-01 4.724256197611488850e-01
4.601345459620158063e-01 4.646703799565633508e-01 4.605102936426797577e-01 4.720642566680913199e-01 4.654931227366131408e-01 4.672985871632894250e-01 4.725810686747236589e-01 4.683584372202551083e-01 4.652700821558636290e-01 4.823230504989621248e-01 4.660859107971189741e-01 4.618034362792968750e-01 4.666827519734698115e-01 4.646991888682045491e-01 4.579155842463174531e-01 4.614135026931758810e-01
4.647352695465086225e-01 4.549746910730999572e-01 4.566163221995035437e-01 4.728361368179323510e-01 4.632966121037798146e-01 4.663286606470744000e-01 4.755055109659828694e-01 4.723322788874306233e-01 4.672881762186687493e-01 4.851974646250401535e-01 4.705938100814819336e-01 4.644608497619629461e-01 4.761812289555868438e-01 4.583446979522700637e-01 4.532487789789830246e-01 4.585448900858562493e-01
4.615707794825236188e-01 4.492668708165489799e-01 4.597872098286945319e-01 4.696989854176838453e-01 4.590031703313187661e-01 4.677772521972653474e-01 4.917449156443278735e-01 4.663025538126624459e-01 4.706018368403117602e-01 4.869920412699377255e-01 4.659553766250612017e-01 4.530784289042157909e-01 4.669332901636763511e-01 4.488975604375205486e-01 4.479165077209473211e-01 4.565448363622033878e-01
4.637049436569214422e-01 4.578501383463541297e-01 4.565973679224649695e-01 4.739046096801758923e-01 4.629416465759275678e-01 4.656664530436194216e-01 4.725477298100788648e-01 4.616229136784875120e-01 4.667763710021972101e-01 4.835818608601892832e-01 4.697144428888956891e-01 4.672948122024535023e-01 4.732511838277179694e-01 4.588632186253862599e-01 4.654451608657837469e-01 4.635021289189654725e-01
4.624652862548827570e-01 4.523686567942302172e-01 4.629359642664594432e-01 4.644565184911093048e-01 4.644676844278971539e-01 4.705389340718584834e-01 4.821728467941284180e-01 4.696292479832967492e-01 4.687759478886919240e-01 4.824912548065183326e-01 4.719452460606896049e-01 4.622826973597209954e-01 4.668835798899332867e-01 4.598861535390214583e-01 4.579565525054932751e-01 4.602319002151490368e-01
4.681676626205447111e-01 4.500202735265099174e-01 4.591577847798665180e-01 4.672025839487711774e-01 4.632149934768677313e-01 4.730123678843178303e-01 4.694166580835980596e-01 4.714910984039303865e-01 4.623805681864420758e-01 4.859103759129845268e-01 4.660819371541342071e-01 4.621571699778241893e-01 4.642579158147175922e-01 4.619448979695634505e-01 4.596985181172690282e-01 4.589339097340902063e-01
4.678375323613486736e-01 4.570510784784953540e-01 4.608467419942220977e-01 4.739979505538935989e-01 4.568883180618283912e-01 4.681735833485919374e-01 4.736713171005247913e-01 4.646873474121093195e-01 4.705793062845863850e-01 4.899638493855789090e-01 4.631849924723308587e-01 4.641313552856443647e-01 4.687260389328002375e-01 4.549597104390464830e-01 4.546543757120771190e-01 4.614748954772948109e-01
4.640348752339678584e-01 4.561369816462197968e-01 4.486818710962930945e-01 4.713193972905478368e-01 4.632593393325803999e-01 4.643402099609372224e-01 4.782190322875974897e-01 4.622464577356973359e-01 4.749653736750283906e-01 4.821386734644573790e-01 4.713322321573896190e-01 4.680480559666951312e-01 4.635680119196576299e-01 4.604159593582151655e-01 4.583015044530229232e-01 4.695780277252194490e-01
4.619709650675454804e-01 4.648853540420532227e-01 4.585239092508952008e-01 4.728900591532388953e-01 4.600128332773844031e-01 4.727011521657314419e-01 4.766137599945064474e-01 4.662883281707760341e-01 4.607488314310709820e-01 4.818891286849975031e-01 4.625060558319092352e-01 4.586605230967205626e-01 4.738214015960696135e-01 4.653518199920653187e-01 4.532973368962606164e-01 4.706765810648601556e-01
