4.699783722559612298e-01 4.570841391881304006e-01 4.614597956339516194e-01 4.702676932017008649e-01 4.594872792561845998e-01 4.627590974171953420e-01 5.465828180313115903e-01 4.647684892018636438e-01 4.736231565475462202e-01 4.830385843912761712e-01 4.836525519688926744e-01 4.579237302144367194e-01 4.681136210759477279e-01 4.637754758199055805e-01 4.626042842864994120e-01 4.563884735107422985e-01
4.608614842096963593e-01 4.584732850392658210e-01 4.639920790990194610e-01 4.708250363667810245e-01 4.640272855758664217e-01 4.606663783391321543e-01 4.843465089797972523e-01 4.709229866663610098e-01 4.682602087656659862e-01 4.754543701807659728e-01 5.498833656311035156e-01 4.641190369923911541e-01 4.741918643315635173e-01 4.628941218058267304e-01 4.529066483179728375e-01 4.568592309951780006e-01
4.715356429417929540e-01 4.526058038075767564e-01 4.609362284342448657e-01 4.711509545644119723e-01 4.620478153228761431e-01 4.678683280944823664e-01 5.209580659866336338e-01 4.580211242039999853e-01 4.612785577774045631e-01 4.837412436803181226e-01 5.165790716807043825e-01 4.601487716039023290e-01 4.762893517812092914e-01 4.703659613927207439e-01 4.575140873591105328e-01 4.604080518086751117e-01
4.671629667282107823e-01 4.673808018366497063e-01 4.617358048756917133e-01 4.768770138422646077e-01 4.641822973887126946e-01 4.717764854431152899e-01 5.570462544759113843e-01 4.665983517964680805e-01 4.770773649215700463e-01 4.791962703069050922e-01 4.666800498962399568e-01 4.648006359736127635e-01 4.698231220245357997e-01 4.692343076070148999e-01 4.543242057164513237e-01 4.666823546091715125e-01
4.646385908126833275e-01 4.594899415969851408e-01 4.541663726170860893e-01 4.705830415089929941e-01 4.657081762949625281e-01 4.695937236150107275e-01 4.787331819534302868e-01 4.666395982106527618e-01 4.727433919906618986e-01 4.799217383066814446e-01 5.604288180669141362e-01 4.571783939997358659e-01 4.673874378204346258e-01 4.529997507731120532e-01 4.545777241388957446e-01 4.601705074310301624e-01
4.740805625915525123e-01 4.585670232772824373e-01 4.603959719340004475e-01 4.714722633361812520e-01 4.643565018971763658e-01 4.599678913752236475e-01 4.717233180999759190e-01 4.661640723546345844e-01 4.638572931289676737e-01 4.819473425547282641e-01 5.597279866536458703e-01 4.607191880544026508e-01 4.670230150222781096e-01 4.647110303242997786e-01 4.588034947713214851e-01 4.681983391443886311e-01
4.686621427536014073e-01 4.515283107757572245e-01 4.570994774500528046e-01 4.705106417338055236e-01 4.614396095275877796e-01 4.625343481699627501e-01 4.716831445693970282e-01 4.773343801498413086e-01 4.711218277613319905e-01 4.778165022532147033e-01 5.547468264897668089e-01 4.642090400060022160e-01 4.731692075729374003e-01 4.640326499938964289e-01 4.537893931070966502e-01 4.692814350128174938e-01
4.673731724421184563e-01 4.566078186035156805e-01 4.551193316777548681e-01 4.774849017461140210e-01 4.594270785649617883e-01 4.615928332010906243e-01 4.778859217961629047e-01 4.665299654006960228e-01 4.708674748738603810e-01 4.781298637390137274e-01 5.527378718058264528e-01 4.676580826441448790e-01 4.804909626642860920e-01 4.640698432922367167e-01 4.616047143936153896e-01 4.654518763224284039e-01
4.681232372919717499e-01 4.531131982803341396e-01 4.593334197998042989e-01 4.708601633707681922e-01 4.582493702570599181e-01 4.619111617406211345e-01 4.768804311752317115e-01 4.667152563730879167e-01 4.714109897613522615e-01 4.838296175003050092e-01 5.472323099772132826e-01 4.585174322128292013e-01 4.652120669682817122e-01 4.555758635203044360e-01 4.570268392562867321e-01 4.673138459523521471e-01
4.706959327061969178e-01 4.577264388402300654e-01 4.599844217300412819e-01 4.653591712315878204e-01 4.680519501368203827e-01 4.600287675857545611e-01 5.621086756388340433e-01 4.652276039123537932e-01 4.704239368438720148e-01 4.805704355239864833e-01 4.687237739562989391e-01 4.638149340947468890e-01 4.669364690780640204e-01 4.687533775965374572e-01 4.473059574762980328e-01 4.667439063390093623e-01
4.612522125244138405e-01 4.540244340896604225e-01 4.611774682998655561e-01 4.673041502634683875e-01 4.671326080958049243e-01 4.607883691787721392e-01 4.814101457595825750e-01 4.718941847483317797e-01 4.643365144729614258e-01 4.849286079406735506e-01 5.509466330210369689e-01 4.568443298339838754e-01 4.732019106547035725e-01 4.685174624125163501e-01 4.577514330546060273e-01 4.726355473200479773e-01
4.637132088343300373e-01 4.567457834879558032e-01 4.621701637903849469e-01 4.701187610626220148e-01 4.617685079574583296e-01 4.649732112884519819e-01 4.743262926737465413e-01 4.662129084269210355e-01 4.643193085988361890e-01 4.745278358459472656e-01 5.556369225184119021e-01 4.662639697392781390e-01 4.688047568003338994e-01 4.658657709757484944e-01 4.556912581125896478e-01 4.673306544621783076e-01
4.682689110438024715e-01 4.618838230768841924e-01 4.623200893402099609e-01 4.696154594421386164e-01 4.672498305638627669e-01 4.628762801488242040e-01 4.736616214116413093e-01 4.638526042302448804e-01 4.674769639968869850e-01 4.748729864756270347e-01 5.551691055297848232e-01 4.586401780446365817e-01 4.722905158996582031e-01 4.582690795262654437e-01 4.521098534266153601e-01 4.572031497955323931e-01
4.635716676712037243e-01 4.577765862147014087e-01 4.640665054321292393e-01 4.733710686365765752e-01 4.587975343068441680e-01 4.704502820968627375e-01 4.752051830291746937e-01 4.628636439641322098e-01 4.730105002721155527e-01 4.855672915776574339e-01 5.738356113433836780e-01 4.660841623942058032e-01 4.697416623433431360e-01 4.666331609090170751e-01 4.601338307062785016e-01 4.621724287668863007e-01
4.628500938415524568e-01 4.590289195378623455e-01 4.581925074259438624e-01 4.699430068333941835e-01 4.636965990066528875e-01 4.630739291508993438e-01 5.704137484232585376e-01 4.693494637807210657e-01 4.709112246831256288e-01 4.810925324757894805e-01 4.685686031977334687e-01 4.649267991383869703e-01 4.693285226821898304e-01 4.663337469100951593e-01 4.578997691472373455e-01 4.672565062840775552e-01
4.626385768254596131e-01 4.531958897908526795e-01 4.544721444447835657e-01 4.780665636062623181e-01 4.636815786361694336e-01 4.696060419082644377e-01 5.782886743545533337e-01 4.670740365982057329e-01 4.625598986943562640e-01 4.861220518747966790e-01 4.633865753809615629e-01 4.644418557484941146e-01 4.667319854100543397e-01 4.608214298884070192e-01 4.478296438852941708e-01 4.703973929087322814e-01
4.628818829854326466e-01 4.576199054718019243e-01 4.565687974294024842e-01 4.826496044794719720e-01 4.592508077621456630e-01 4.624859094619749311e-01 5.405517816543583542e-01 4.615515073140463720e-01 4.659119447072346820e-01 4.831618467966718455e-01 4.998058478037515351e-01 4.629284143447875421e-01 4.749983549118041437e-01 4.618330001831053577e-01 4.585918982823692369e-01 4.699781735738122190e-01
4.731845060984298246e-01 4.662897984186808453e-01 4.581826925277707740e-01 4.614278475443521210e-01 4.627066055933634625e-01 4.689786036809286407e-01 5.232454935709633936e-01 4.685815970102946149e-01 4.713422060012817383e-01 4.784244298934940409e-01 5.102829138437902090e-01 4.568998813629150946e-01 4.667158524195349489e-01 4.666912555694581743e-01 4.493946631749474174e-01 4.581298033396404290e-01
4.717208147048942979e-01 4.567704598108926484e-01 4.543452262878420744e-01 4.695030053456623609e-01 4.653687079747519384e-01 4.679115613301587651e-01 5.609186093012487051e-01 4.665930271148683861e-01 4.621998071670528341e-01 4.817881584167478803e-01 4.613076051076255291e-01 4.680145184199016595e-01 4.687140782674152351e-01 4.632100661595660029e-01 4.690189361572263960e-01 4.637988408406573670e-01
4.645309845606485633e-01 4.507670799891153601e-01 4.609022537867227820e-01 4.695004622141518702e-01 4.633204539616901929e-01 4.661552111307781243e-01 4.731470743815105462e-01 4.713394244511924791e-01 4.666306972503659334e-01 4.791633685429889655e-01 5.585704644521078954e-01 4.641063213348387007e-01 4.682543277740481291e-01 4.585178693135580352e-01 4.562061627705893407e-01 4.629196325937907641e-01
4.639476140340166865e-01 4.522606929143270227e-01 4.588590065638227800e-01 4.634279012680054266e-01 4.626657962799070600e-01 4.681187868118282247e-01 4.678450425465902618e-01 4.682662884394329650e-01 4.762895901997880599e-01 4.842689037322996382e-01 5.595109462738038220e-01 4.541867971420287531e-01 4.652964274088540186e-01 4.574141502380372759e-01 4.564725955327351148e-01 4.577956597010293671e-01
4.640544652938842218e-01 4.572472969690963285e-01 4.684530893961589282e-01 4.718526999155678303e-01 4.683280785878500829e-01 4.659185409545898993e-01 5.167027314503984670e-01 4.655574957529704516e-01 4.594238599141439172e-01 4.783698717753089857e-01 5.224039951960248729e-01 4.593711296717326587e-01 4.706909656524663199e-01 4.675174554189046594e-01 4.546182552973430102e-01 4.640053908030191687e-01
4.684728384017944891e-01 4.534300963083896518e-01 4.591816663742064875e-01 4.675353765487668123e-01 4.615805943806967071e-01 4.663243293762207031e-01 4.763892491658534012e-01 4.665024280548093483e-01 4.707122246424358392e-01 4.793471097946167547e-01 5.594348907470704235e-01 4.650076627731322687e-01 4.637556076049808018e-01 4.597805738449095014e-01 4.569882154464723345e-01 4.581467310587563624e-01
4.682993094126383649e-01 4.601151943206785444e-01 4.598774909973146197e-01 4.748934110005698650e-01 4.621016184488932477e-01 4.666707515716552179e-01 5.687921047210694470e-01 4.656790097554523999e-01 4.634700218836466101e-01 4.852361281712851415e-01 4.774247805277507251e-01 4.625092744827271618e-01 4.690824349721272046e-01 4.566226005554200329e-01 4.595955610275269665e-01 4.681788682937617074e-01
4.694617191950477553e-01 4.515875975290936650e-01 4.658525784810385040e-01 4.715058008829753344e-01 4.581630627314252080e-01 4.653171698252364097e-01 5.611993471781414611e-01 4.664960304896037524e-01 4.672799110412601542e-01 4.805360237757366204e-01 4.613523880640661989e-01 4.567137559254967893e-01 4.768111705780027632e-01 4.646539688110354893e-01 4.543821414311724483e-01 4.644312461217242061e-01
4.602362314860025116e-01 4.646088679631553697e-01 4.603116114934285297e-01 4.710874160130821275e-01 4.619747797648117715e-01 4.904957612355547725e-01 4.700887997945142338e-01 4.691304763158160029e-01 4.722847938537598211e-01 5.407510201136273009e-01 4.728211164474481754e-01 4.628536303838093335e-01 4.697328805923464690e-01 4.667377471923825905e-01 4.548655748367306795e-01 4.687156677246094860e-01
4.688957134882608124e-01 4.592443704605104204e-01 4.606622457504271351e-01 4.775535662968951600e-01 4.674592415491740649e-01 4.704501231511438730e-01 4.843809207280475593e-01 4.646795193354287812e-01 4.647508859634398859e-01 4.712055921554564319e-01 5.489767789840698242e-01 4.595580101013183039e-01 4.669728279113766201e-01 4.619422356287641307e-01 4.568965037663779150e-01 4.590938091278077282e-01
4.602981011072794781e-01 4.610143502553302741e-01 4.666553735733032227e-01 4.744529326756800058e-01 4.579834938049315851e-01 4.672879775365196831e-01 4.780606826146440169e-01 4.624436299006142725e-01 4.711920817693076580e-01 4.833407799402876792e-01 5.406208038330080345e-01 4.557090997695922296e-01 4.707068204879762408e-01 4.674971501032512688e-01 4.643284082412719727e-01 4.633051951726276929e-01
4.605327844619749311e-01 4.620467027028402618e-01 4.543324311574299945e-01 4.742271105448402357e-01 4.650141000747681774e-01 4.700788656870522053e-01 5.050063927968344579e-01 4.605708916982017009e-01 4.717940092086790327e-01 4.847869078318282621e-01 5.320613384246830613e-01 4.628959099451702142e-01 4.675923188527423835e-01 4.641429185867308460e-01 4.622389872868861160e-01 4.664869308471679132e-01
4.694646199544272869e-01 4.572351773579915180e-01 4.495903253555296186e-01 4.673528671264648993e-01 4.647086858749390759e-01 4.628717104593917386e-01 4.744385480880735639e-01 4.718588987986243599e-01 4.698125123977662798e-01 4.803029696146646210e-01 5.571558078130083302e-01 4.569279750188194322e-01 4.705336888631185266e-01 4.593826929728191399e-01 4.646351337432863549e-01 4.661646684010821717e-01
4.660603602727254047e-01 4.525065024693806781e-01 4.504269361495973900e-01 4.688821236292518013e-01 4.588378667831423119e-01 4.584294160207113000e-01 4.776975711186728923e-01 4.705219268798825349e-01 4.643739461898805931e-01 4.825145403544109923e-01 5.690267483393353087e-01 4.546089569727581603e-01 4.756415287653602553e-01 4.601075649261474609e-01 4.597422679265339984e-01 4.649437268575030147e-01
4.604670206705726576e-01 4.616922140121458296e-01 4.528314669926959413e-01 4.689877827962244949e-01 4.573199748992917701e-01 4.664715925852457867e-01 4.712132215499876264e-01 4.707568486531575336e-01 4.642103115717568507e-01 4.910406668980917266e-01 5.644189119338989258e-01 4.614549875259396083e-01 4.631998538970943935e-01 4.663700660069783899e-01 4.562745889027913226e-01 4.604176680246985787e-01
4.696574211120607134e-01 4.591650565465291156e-01 4.502046505610151073e-01 4.698322216669716944e-01 4.650431474049885328e-01 4.677989085515335543e-01 5.669921636581420898e-01 4.670263926188151782e-01 4.629715283711751117e-01 4.769799709320069470e-01 4.719380140304563764e-01 4.657320976257330880e-01 4.736399253209426785e-01 4.636220534642538360e-01 4.565405448277791156e-01 4.676802158355714001e-01
4.714662631352743438e-01 4.601746797561644398e-01 4.648080666859946697e-01 4.681621392567953954e-01 4.657078584035238000e-01 4.658509492874145508e-01 4.738854567209880297e-01 4.662103255589800099e-01 4.605236450831099448e-01 4.889107545216876405e-01 5.684966246287032066e-01 4.705226421356197286e-01 4.658596515655517578e-01 4.629627068837484094e-01 4.567120869954425788e-01 4.683088858922320741e-01
4.637810389200849870e-01 4.510576725006103516e-01 4.664382537206013812e-01 4.669775168100992468e-01 4.579256375630694209e-01 4.668740828831993150e-01 4.698932568232220275e-01 4.663201173146568901e-01 4.690607388814287404e-01 4.761819442113242040e-01 5.643173058827716249e-01 4.673111836115516615e-01 4.695548216501871930e-01 4.605213403701778341e-01 4.607394536336260615e-01 4.596907695134481719e-01
4.623382091522215687e-01 4.593058824539182905e-01 4.586844841639197701e-01 4.736958742141722523e-01 4.633446931838992588e-01 4.679859479268387856e-01 5.234956343968707460e-01 4.730908075968425219e-01 4.726618131001788514e-01 4.764509201049804688e-01 5.077269474665325744e-01 4.572604894638059303e-01 4.709656238555908203e-01 4.581949710845947821e-01 4.545565048853558721e-01 4.703157345453901073e-01
4.664511283238727546e-01 4.555097421010340097e-01 4.644306103388468610e-01 4.671408335367837616e-01 4.646564324696856874e-01 4.688681761423747485e-01 5.707435607910157360e-01 4.663187662760414076e-01 4.732272227605179848e-01 4.819744030634563470e-01 4.645874500274654872e-01 4.552938143412277872e-01 4.710101286570233525e-01 4.629207452138262568e-01 4.501215616861977131e-01 4.638664325078330486e-01
4.703267415364588144e-01 4.543031454086299825e-01 4.638543526331581623e-01 4.738367795944209981e-01 4.588355620702106452e-01 4.622447490692137007e-01 5.186102787653605883e-01 4.642768303553260201e-01 4.685875972112021337e-01 4.752761920293169795e-01 5.117825269699095569e-01 4.608849287033081055e-01 4.722575743993123187e-01 4.620435237884519264e-01 4.620341062545773037e-01 4.542488257090245285e-01
4.673811197280883789e-01 4.593244791030887675e-01 4.508270025253292013e-01 4.707550207773846807e-01 4.658425251642863141e-01 4.595183134078976717e-01 5.704754988352456202e-01 4.711272319157915889e-01 4.685369729995726429e-01 4.841289520263677981e-01 4.618061780929563764e-01 4.636638164520264782e-01 4.751508235931396484e-01 4.611126581827797999e-01 4.591491222381594572e-01 4.622848431269329650e-01
4.671302239100138531e-01 4.600674708684286407e-01 4.609633684158324085e-01 4.739863475163777484e-01 4.602336088816322834e-01 4.674588839213054126e-01 4.677629868189495665e-01 4.608302513758341656e-01 4.693597555160519685e-01 4.800324440002439186e-01 5.615276098251344994e-01 4.595508575439451460e-01 4.761667648951212750e-01 4.626458883285519685e-01 4.594595432281498582e-01 4.559175173441568640e-01
4.594539801279704516e-01 4.644843737284340968e-01 4.593375523885090406e-01 4.743397633234658906e-01 4.643388986587523304e-01 4.687022368113198389e-01 5.690523783365885047e-01 4.659161567687981065e-01 4.671164353688553872e-01 4.808702468872069757e-01 4.601542154947914631e-01 4.571071863174441807e-01 4.780540863672891327e-01 4.577391942342128317e-01 4.555466175079348479e-01 4.658646583557127241e-01
4.713724454243979900e-01 4.585463205973312473e-01 4.646523793538411273e-01 4.678634802500411527e-01 4.601589441299434591e-01 4.660357634226478529e-01 5.745533307393388966e-01 4.747806787490842506e-01 4.744590123494464851e-01 4.807571570078528755e-01 4.721611738204959940e-01 4.581214984258014655e-01 4.748913447062177995e-01 4.620259205500284461e-01 4.564384222030638538e-01 4.630948305130005438e-01
4.614604711532589998e-01 4.559901158014936784e-01 4.532906214396158484e-01 4.748659133911132812e-01 4.654614925384522039e-01 4.606529474258424517e-01 5.685443878173827015e-01 4.704593420028686523e-01 4.702983697255453954e-01 4.779690106709799657e-01 4.620653390884401079e-01 4.598920742670692396e-01 4.651980002721151086e-01 4.547964334487914484e-01 4.539488951365150404e-01 4.583335717519123054e-01
4.623931646347048119e-01 4.564543962478634920e-01 4.586158990859987017e-01 4.811344146728515625e-01 4.594216346740719326e-01 4.575301806132001659e-01 5.624716281890868030e-01 4.706079959869386431e-01 4.648983081181844446e-01 4.832421938578291831e-01 4.794159332911169247e-01 4.670606056849159748e-01 4.707229137420651521e-01 4.647892713546752375e-01 4.565877517064412805e-01 4.610178073247276909e-01
4.681068261464434443e-01 4.574669202168785143e-01 4.550060828526811818e-01 4.711445967356358566e-01 4.554639259974161414e-01 4.668767452239989124e-01 5.683130423227943373e-01 4.609744946161901114e-01 4.728189309438067811e-01 4.826972881952920069e-01 4.639546076456707024e-01 4.572889010111496622e-01 4.756472905476891166e-01 4.606151978174844452e-01 4.507443904876705654e-01 4.613766272862749318e-01
4.719278812408446155e-01 4.575071732203169206e-01 4.574402968088782662e-01 4.692593415578206195e-01 4.659910599390666985e-01 4.662653207778930664e-01 4.752235015233355897e-01 4.686189095179238429e-01 4.697698354721068226e-01 4.837483167648323756e-01 5.669662952423092372e-01 4.678195317586265056e-01 4.661016861597702676e-01 4.568380117416379060e-01 4.536374807357786421e-01 4.592727025349933601e-01
4.715108076731360232e-01 4.573973019917808580e-01 4.594339132308959961e-01 4.721403519312541430e-01 4.642990430196124452e-01 4.717028141021725740e-01 4.806933005650838031e-01 4.625879923502603241e-01 4.654378493626911695e-01 4.848818778991700329e-01 5.538949966430659622e-01 4.624799489974978917e-01 4.707152446111045885e-01 4.551623264948528869e-01 4.578817685445151775e-01 4.640765984853101878e-01
4.692131678263343764e-01 4.515322844187413254e-01 4.617886940638225579e-01 4.702234268188478783e-01 4.641069968541465252e-01 4.750011761983234382e-01 5.280274152755736194e-01 4.731108744939167554e-01 4.656340281168623862e-01 4.762491782506306226e-01 5.038929780324300500e-01 4.658100207646688196e-01 4.692444006601970696e-01 4.548916021982822300e-01 4.564850330352778762e-01 4.606398741404217345e-01
4.730373223622635348e-01 4.569666385650636986e-01 4.625670909881587356e-01 4.746075471242267585e-01 4.629431168238322125e-01 4.650094509124756970e-01 5.657069683074951172e-01 4.690691630045569771e-01 4.687873919804894651e-01 4.811261097590127656e-01 4.727470080057779578e-01 4.703686237335202858e-01 4.678683280944819223e-01 4.544551769892375970e-01 4.568559328715008361e-01 4.654241402943931627e-01
4.625320434570311945e-01 4.557919899622601689e-01 4.684422016143798828e-01 4.676385323206587175e-01 4.623893499374386318e-01 4.679979483286543229e-01 5.631578365961709132e-01 4.656689961751301898e-01 4.705477158228558721e-01 4.822136561075847094e-01 4.641958475112912819e-01 4.619787136713662812e-01 4.676518042882283344e-01 4.617709716161096933e-01 4.589707056681309183e-01 4.625117381413780260e-01
4.670449097951255846e-01 4.680325587590535852e-01 4.559334119160971532e-01 4.671517213185628070e-01 4.619943300882976001e-01 4.590976635615028889e-01 4.662804206212363689e-01 4.683187007904051624e-01 4.745179414749143842e-01 5.435185035069777237e-01 5.021428664525351415e-01 4.668194452921547999e-01 4.641673564910887562e-01 4.640908241271972101e-01 4.660827318827312493e-01 4.661326805750524715e-01
4.692225058873493726e-01 4.656405448913576439e-01 4.528872966766357977e-01 4.681699275970465646e-01 4.661068518956502649e-01 4.630844990412394391e-01 5.135180950164792701e-01 4.707314968109130304e-01 4.702551364898676090e-01 4.789421955744429527e-01 5.088339249293003519e-01 4.681532382965089556e-01 4.727090994517005873e-01 4.664888779322303725e-01 4.512058496475220282e-01 4.701487620671591650e-01
4.674752950668333296e-01 4.566860993703207861e-01 4.560921589533487586e-01 4.693857828776039631e-01 4.581576585769653875e-01 4.609383344650267444e-01 5.756117502848304701e-01 4.688061873118083422e-01 4.716768662134801504e-01 4.828875859578449781e-01 4.713736772537230890e-01 4.631005525588988148e-01 4.755932887395221687e-01 4.583679835001625569e-01 4.492820103963215961e-01 4.651958545049033611e-01
4.657326539357504736e-01 4.539998769760129615e-01 4.540547529856363562e-01 4.705203374226887281e-01 4.625565608342486201e-01 4.674519300460817095e-01 4.838817119598389227e-01 4.693116744359331904e-01 4.671807289123537932e-01 4.789683818817140337e-01 5.462935368220012133e-01 4.530863761901854914e-01 4.761184453964234509e-01 4.602502981821695593e-01 4.588387012481692784e-01 4.544274806976320580e-01
4.631931781768798273e-01 4.493214289347332024e-01 4.522567192713419781e-01 4.737725655237833289e-01 4.611118237177531665e-01 4.682485659917194898e-01 5.674845377604168517e-01 4.603785276412967753e-01 4.639441967010498602e-01 4.767771561940510883e-01 4.740467866261801055e-01 4.689288536707564847e-01 4.723677237828569075e-01 4.606997966766355757e-01 4.513755242029827697e-01 4.609423478444416578e-01
4.653243621190389367e-01 4.596802393595372238e-01 4.557229677836102666e-01 4.679117600123088305e-01 4.607242345809940409e-01 4.656258821487433419e-01 5.135727326075233412e-01 4.723852872848516848e-01 4.694884618123369435e-01 4.800276358922324071e-01 5.140051047007243579e-01 4.606325626373290461e-01 4.690364201863605476e-01 4.581385453542071717e-01 4.561265707015989546e-01 4.663175344467164196e-01
4.653718868891400517e-01 4.620021581649781384e-01 4.588588476181031939e-01 4.773904879887899688e-01 4.592366615931188778e-01 4.680816729863483405e-01 4.727084239323933734e-01 4.697959820429483679e-01 4.686437845230100874e-01 4.763677517573038367e-01 5.533775488535561671e-01 4.611958265304568760e-01 4.719244639078770676e-01 4.609669049580892297e-01 4.567489624023435835e-01 4.718310038248698102e-01
4.684190352757765519e-01 4.530606667200722248e-01 4.566933314005531819e-01 4.689741134643553022e-01 4.546174605687460235e-01 4.692972501118975459e-01 4.717892408370968349e-01 4.622737566630043538e-01 4.718751112620030441e-01 4.812378088633218476e-01 5.618430376052857556e-01 4.569515784581499873e-01 4.730219841003419079e-01 4.614023764928187332e-01 4.577263593673702169e-01 4.636079470316566975e-01
4.704097509384153053e-01 4.574744701385503598e-01 4.594165484110512843e-01 4.733355045318603516e-01 4.627711772918701172e-01 4.642471869786581329e-01 4.732466538747152063e-01 4.721773862838745117e-01 4.680812358856202282e-01 4.735654195149739398e-01 5.617372592290241773e-01 4.577854474385577022e-01 4.651272296905518688e-01 4.660724798838298821e-01 4.617757002512610787e-01 4.620490868886313329e-01
4.604907433191934851e-01 4.614684184392295885e-01 4.613017241160071169e-01 4.738514423370364104e-01 4.608010848363240375e-01 4.677871863047282086e-01 5.005337397257484389e-01 4.685231049855548835e-01 4.708134333292641749e-01 4.801501830418900552e-01 5.318583250045770816e-01 4.576025009155275103e-01 4.713965654373165615e-01 4.610191186269123609e-01 4.561488628387456168e-01 4.628575642903642318e-01
4.703629016876216817e-01 4.529276688893635328e-01 4.601945479710897180e-01 4.759271939595542955e-01 4.639816284179683614e-01 4.631512959798176898e-01 4.670680363972979920e-01 4.642033179601036674e-01 4.703196287155150257e-01 4.811387459437053704e-01 5.633599360783893006e-01 4.629315137863161400e-01 4.737200736999513384e-01 4.576911131540928879e-01 4.558723767598469867e-01 4.693150917689007384e-01
4.690399964650474041e-01 4.596207936604818634e-01 4.673276344935097248e-01 4.632128079732258374e-01 4.636503458023070734e-01 4.683555364608764093e-01 5.665418306986490515e-01 4.591922760009767290e-01 4.717117150624589583e-01 4.798260529836018695e-01 4.653397401173911541e-01 4.697212775548300634e-01 4.720146258672082151e-01 4.605216582616171728e-01 4.543062845865885602e-01 4.623347123463950048e-01
4.568096796671549109e-01 4.544305006663002522e-01 4.589249293009444175e-01 4.787981112798052608e-01 4.641482035319009491e-01 4.634407758712769110e-01 5.174250205357874277e-01 4.633048375447594847e-01 4.747394720713296601e-01 4.827467600504559142e-01 5.203994909922284862e-01 4.562230507532759605e-01 4.699135621388754180e-01 4.679489930470788206e-01 4.602285226186119127e-01 4.706416924794518675e-01
4.681415557861329235e-01 4.601811170578001819e-01 4.602200190226234389e-01 4.670613606770837589e-01 4.644070466359448979e-01 4.637296199798587315e-01 4.824815988540647194e-01 4.690745671590171861e-01 4.613041480382282233e-01 4.752784172693885201e-01 5.553139050801598753e-01 4.616738160451250850e-01 4.765209356943763130e-01 4.695706764856973914e-01 4.544870456059776354e-01 4.702972571055091811e-01
4.677357276280722509e-01 4.556147257486978797e-01 4.596983989079794775e-01 4.697494109471639367e-01 4.533021450042725720e-01 4.731963078180947413e-01 4.652461608250934577e-01 4.627295732498171166e-01 4.659210840861003344e-01 4.777260224024449942e-01 5.588940382003775298e-01 4.568623701731361897e-01 4.701634645462036688e-01 4.677359660466513525e-01 4.603455464045206336e-01 4.608624776204427453e-01
4.704964160919191118e-01 4.607418775558472790e-01 4.521860678990680671e-01 4.684424797693889087e-01 4.695734580357867061e-01 4.686302344004313891e-01 5.338641802469891173e-01 4.702207644780479479e-01 4.703610340754191821e-01 4.782643715540566554e-01 5.053794384002681106e-01 4.597696463267007538e-01 4.730594952901205352e-01 4.642930030822756682e-01 4.578069845835365248e-01 4.636795520782472368e-01
4.669421911239622913e-01 4.519855578740437085e-01 4.515825510025021639e-01 4.736819664637249017e-01 4.628756841023758395e-01 4.813344875971477532e-01 5.460029840469364792e-01 4.741129477818807891e-01 4.560172955195108679e-01 4.822056293487552159e-01 4.692620436350502522e-01 4.687797228495277913e-01 4.738422632217408337e-01 4.623338381449381695e-01 4.607489506403605883e-01 4.578499794006348766e-01
4.625217914581301049e-01 4.557753403981527618e-01 4.596432447433471680e-01 4.686764081319170216e-01 4.581921100616456188e-01 4.669404824574787116e-01 4.795746803283685855e-01 4.705433845520018421e-01 4.654402335484821296e-01 4.828399022420247211e-01 5.442754824956254067e-01 4.617852767308555095e-01 4.718868335088099997e-01 4.662150939305620412e-01 4.612488349278767719e-01 4.658582607905070172e-01
4.604545831680298407e-01 4.557830095291140471e-01 4.577362934748326895e-01 4.692348241806033049e-01 4.576854705810544099e-01 4.672390619913738830e-01 4.649216731389366197e-01 4.692773818969724342e-01 4.644312858581542414e-01 5.163780053456616947e-01 5.074538787206014367e-01 4.570832252502444737e-01 4.712934096654259886e-01 4.619577725728353235e-01 4.588749011357625140e-01 4.678533474604288922e-01
4.629705349604292253e-01 4.507505893707276501e-01 4.617877801259357429e-01 4.685992797215782213e-01 4.644727706909181353e-01 4.646385510762533477e-01 4.726959069569905414e-01 4.669457674026489813e-01 4.648268620173132692e-01 4.828028281529741506e-01 5.640347401301065711e-01 4.600506226221722783e-01 4.677517414093019243e-01 4.665731191635130171e-01 4.514580567677817236e-01 4.620558818181359495e-01
4.653992652893064186e-01 4.600599606831869970e-01 4.597574869791667962e-01 4.657613039016719192e-01 4.653033812840779437e-01 4.674787918726607816e-01 4.934620062510172711e-01 4.586077928543091931e-01 4.698864221572877087e-01 4.807452758153282768e-01 5.419841210047408042e-01 4.694422483444208871e-01 4.736238718032839135e-01 4.575665791829431894e-01 4.596831798553464021e-01 4.548616011937455794e-01
4.683970212936396926e-01 4.591481685638426624e-01 4.571808973948158217e-01 4.790209531784058727e-01 4.506721496582030695e-01 4.588605562845865515e-01 5.299998124440513658e-01 4.695915778477986469e-01 4.688994089762372197e-01 4.798158009847011685e-01 4.949141740798952971e-01 4.672011137008662551e-01 4.742027918497723205e-01 4.606863657633463172e-01 4.565779765446986160e-01 4.638263384501140618e-01
4.671905040740964576e-01 4.535617828369139515e-01 4.598261912663778594e-01 4.706518252690631843e-01 4.598307212193810112e-01 4.595061143239336232e-01 4.785422881444294507e-01 4.699507554372153173e-01 4.780134757359815745e-01 4.763973156611124860e-01 5.529281298319502769e-01 4.636433124542234108e-01 4.771351019541420491e-01 4.576658010482789751e-01 4.499880472819010047e-01 4.681115547815956623e-01
4.672652085622153728e-01 4.558705091476440985e-01 4.574320316314697266e-01 4.753959178924557216e-01 4.599284728368120412e-01 4.625474611918128920e-01 5.746944348017367643e-01 4.604677756627396090e-01 4.687435626983639803e-01 4.802524646123249585e-01 4.601430098215738562e-01 4.571578900019327985e-01 4.728199243545535002e-01 4.615136384963987592e-01 4.624182383219397896e-01 4.708849589029946991e-01
4.613217512766520922e-01 4.560593366622924250e-01 4.638834396998093856e-01 4.704954226811724483e-01 4.603840112686156671e-01 4.716999530792230777e-01 5.604292154312134899e-01 4.630544980367023444e-01 4.613333543141683868e-01 4.814085563023887682e-01 4.634735584259029317e-01 4.614164829254152611e-01 4.716488917668662517e-01 4.615176916122433748e-01 4.611454010009766735e-01 4.593682686487834954e-01
4.628819227218627375e-01 4.584460655848183186e-01 4.613706270853675240e-01 4.615420103073119007e-01 4.645628929138180818e-01 4.653888146082563737e-01 4.812523523966469874e-01 4.696784416834512421e-01 4.716376860936482562e-01 4.816784063975018126e-01 5.516537030537921327e-01 4.590839147567752354e-01 4.717863003412877121e-01 4.614546696345011023e-01 4.607976675033564895e-01 4.666062196095785430e-01
4.662940502166748047e-01 4.582585493723550507e-01 4.610089461008707867e-01 4.739919900894165039e-01 4.620136419932043270e-01 4.721219937006633227e-01 5.631207227706912510e-01 4.644889036814375260e-01 4.761129220326744682e-01 4.806557496388750295e-01 4.696643352508549918e-01 4.596634705861407100e-01 4.688097238540648859e-01 4.643744230270387408e-01 4.479668537775675641e-01 4.656186103820797451e-01
4.631071488062540875e-01 4.542506535847977700e-01 4.609121481577557189e-01 4.671474297841385903e-01 4.651004870732624585e-01 4.681235949198408464e-01 4.739344517389934008e-01 4.716122945149737733e-01 4.653754631678261866e-01 4.828171332677204663e-01 5.631991227467852967e-01 4.642113844553628632e-01 4.760142167409256997e-01 4.581185976664225445e-01 4.543402194976801090e-01 4.642467498779296875e-01
4.641564687093096553e-01 4.631457726160682076e-01 4.719100395838420337e-01 4.740177790323893969e-01 4.590964317321776789e-01 4.655630191167195453e-01 5.409493843714393568e-01 4.766829411188761023e-01 4.750896294911703399e-01 4.809634685516357977e-01 4.868446588516229245e-01 4.656356175740560821e-01 4.734817743301387161e-01 4.618465105692545203e-01 4.450581868489584259e-01 4.612406889597570614e-01
4.625039498011269679e-01 4.588817755381263686e-01 4.642400741577151768e-01 4.720045725504554701e-01 4.659991661707555410e-01 5.217593113581338038e-01 5.026861031850178296e-01 4.674245913823441567e-01 4.692848523457848753e-01 4.794422388076782227e-01 4.785640637079875415e-01 4.632233778635663213e-01 4.694568316141765618e-01 4.611143271128337329e-01 4.533529281616209827e-01 4.658258358637491492e-01
4.668617248535159581e-01 4.582953055699663381e-01 4.570912122726440985e-01 4.632486899693805671e-01 4.719850222269698636e-01 4.691023031870520388e-01 5.020190874735516173e-01 4.672777255376179828e-01 4.708795547485351562e-01 5.006575981775920337e-01 5.198224385579431894e-01 4.547499418258670323e-01 4.735415776570640056e-01 4.590518871943154999e-01 4.561509291330973492e-01 4.640559355417883669e-01
4.675476948420204670e-01 4.607451756795249986e-01 4.560730854670198564e-01 4.694994688034056507e-01 4.610733985900877796e-01 4.645487070083612613e-01 5.009675423304236208e-01 4.682820240656536126e-01 4.685340325037639642e-01 4.798925320307418363e-01 5.416485071182254307e-01 4.604378938674924537e-01 4.778141180674232991e-01 4.605920314788821135e-01 4.564170440038044507e-01 4.710128704706828540e-01
4.590713580449426456e-01 4.558461109797160571e-01 4.581449429194127676e-01 4.702956279118858385e-01 4.654764334360759204e-01 4.652387301127117181e-01 5.180539687474570165e-01 4.603989919026693634e-01 4.678866863250730201e-01 4.758353233337402344e-01 5.136270125706988710e-01 4.566759268442788788e-01 4.741789499918616646e-01 4.601807196935021049e-01 4.594277938206989265e-01 4.722386995951331490e-01
4.633902311325070467e-01 4.518791437149047852e-01 4.575690031051637408e-01 4.803953965504967338e-01 4.626036882400512695e-01 4.659743706385294226e-01 4.871573448181155119e-01 4.677341779073081462e-01 4.668107430140173153e-01 4.817662239074705366e-01 5.485558112462359803e-01 4.633038441340129321e-01 4.711236953735356559e-01 4.569539229075116893e-01 4.613325595855710670e-01 4.637551307678225432e-01
4.701251188913981860e-01 4.673080046971641588e-01 4.563211599985758649e-01 4.698234001795448811e-01 4.670830170313518548e-01 4.694288969039917547e-01 4.898079236348472087e-01 4.612434307734171179e-01 4.662026166915891334e-01 4.801069498062132679e-01 5.324302117029824366e-01 4.546747605005900805e-01 4.670930703481036006e-01 4.639201561609908042e-01 4.558353026707966937e-01 4.739643335342408892e-01
4.657707214355468750e-01 4.627735217412313751e-01 4.661876757939654170e-01 4.730882644653318092e-01 4.631627003351843630e-01 4.691230058670044500e-01 5.393249988555908203e-01 4.652039210001630010e-01 4.665506680806476014e-01 4.746265411376949239e-01 5.098765293757119288e-01 4.599357446034744723e-01 4.765673875808712490e-01 4.690185387929280969e-01 4.539512395858766869e-01 4.610611200332639936e-01
4.722743829091392009e-01 4.609019358952838874e-01 4.538312753041585101e-01 4.690334002176921313e-01 4.679714043935140899e-01 4.578801790873204824e-01 4.727147817611696001e-01 4.618282318115232710e-01 4.687316815058389374e-01 4.800369739532467928e-01 5.676787694295246656e-01 4.616869290669760040e-01 4.810344775517780835e-01 4.602053562800085817e-01 4.569582939147946443e-01 4.638476371765136164e-01
4.703447421391803718e-01 4.593112468719482422e-01 4.582258462905885454e-01 4.653105338414505465e-01 4.585495789845783765e-01 4.694073597590134317e-01 4.668097496032711513e-01 4.715167681376138953e-01 4.642198085784914885e-01 4.776205619176226991e-01 5.556119283040366064e-01 4.606309334437052039e-01 4.670796394348143976e-01 4.563479026158653307e-01 4.512950181961059015e-01 4.706744352976478529e-01
4.685523112614949914e-01 4.616190195083618719e-01 4.675720135370889929e-01 4.786246220270796159e-01 4.619638522466022468e-01 4.627433617909749164e-01 5.777508020400999866e-01 4.633157253265383080e-01 4.692846536636352539e-01 4.775498310724897166e-01 4.693570137023924671e-01 4.707400401433308734e-01 4.687641461690270073e-01 4.544116655985513398e-01 4.646823008855183734e-01 4.645911455154417280e-01
4.721942742665609649e-01 4.519963661829630719e-01 4.623982906341554955e-01 4.703927040100097101e-01 4.569714864095048013e-01 4.624745448430376271e-01 5.642895301183070700e-01 4.652750889460242067e-01 4.717646439870197272e-01 4.754636287689206764e-01 4.714323282241821844e-01 4.677519003550211218e-01 4.676080544789634752e-01 4.641716082890829376e-01 4.602381388346352686e-01 4.630632400512694757e-01
4.703983465830485766e-01 4.518815676371256140e-01 4.649438858032221566e-01 4.693633317947389916e-01 4.602624575297041831e-01 4.733273585637409742e-01 5.730049610137940563e-01 4.751031398773189474e-01 4.666894276936845443e-01 4.800209999084478207e-01 4.719994068145752508e-01 4.599018494288131254e-01 4.708319505055743037e-01 4.544007380803424812e-01 4.582283099492391876e-01 4.708240032196041591e-01
4.604653120040897440e-01 4.600122372309367047e-01 4.490787188212083114e-01 4.712216059366860499e-01 4.586480458577473218e-01 4.622856378555297296e-01 5.525327126185100024e-01 4.731945991516116612e-01 4.727392991383871368e-01 4.754531383514403742e-01 4.745424191157022187e-01 4.658075571060181219e-01 4.769653876622517719e-01 4.628908236821494548e-01 4.554572502772012976e-01 4.712579250335695025e-01
4.673933585484824071e-01 4.599195718765261565e-01 4.639266331990559156e-01 4.773282210032143147e-01 4.653645356496175500e-01 4.673975308736166290e-01 4.939008156458534748e-01 4.672338962554928310e-01 4.722117980321249853e-01 4.789596796035767712e-01 5.460240840911866345e-01 4.688676993052161013e-01 4.694833755493163507e-01 4.652513662974038788e-01 4.670637051264442952e-01 4.648661216100056781e-01
4.631309906641641327e-01 4.594521522521972656e-01 4.607694546381634337e-01 4.668856859207155541e-01 4.630456368128458844e-01 5.274256467819214977e-01 5.081903934478760876e-01 4.607787132263181373e-01 4.742893377939855770e-01 4.817984104156497471e-01 4.684365987777703300e-01 4.605058431625367321e-01 4.737409750620522053e-01 4.639280239741011558e-01 4.610946178436280962e-01 4.641210635503132398e-01
4.658824205398560125e-01 4.601812362670897327e-01 4.553373257319127676e-01 4.722482760747273578e-01 4.613776604334513531e-01 4.626185099283851576e-01 4.748218854268396183e-01 4.708680709203085790e-01 4.716382026672361616e-01 4.744644165039062500e-01 5.568910042444871200e-01 4.626084963480628365e-01 4.790138800938922858e-01 4.675079584121702991e-01 4.639557997385665988e-01 4.699757496515908906e-01
