4.635419845581049691e-01 4.656848311424255926e-01 4.728039403756466030e-01 4.655941526095080940e-01
4.632536371548972576e-01 4.693141480286919798e-01 4.725220203399650432e-01 4.654188851515446701e-01
4.655117392539974142e-01 4.689590235551203690e-01 4.670865933100381007e-01 4.683377444744107332e-01
4.603038032849635086e-01 4.694524705410001442e-01 4.716139237085985036e-01 4.625376164913178045e-01
4.645924766858410271e-01 4.682186146577200225e-01 4.738828341166180236e-01 4.636853436628982084e-01
4.633250931898758029e-01 4.677460392316180604e-01 4.688596626122794042e-01 4.673891762892406487e-01
4.619095325469965152e-01 4.663084844748177082e-01 4.716605742772422283e-01 4.646577934424083733e-01
4.656673272450767009e-01 4.680576423803962660e-01 4.705320398012797223e-01 4.610574543476104181e-01
4.633521238962814426e-01 4.657663702964782715e-01 4.743119676907858184e-01 4.630265633265180369e-01
4.641200204690301701e-01 4.674739738305406789e-01 4.700972934563958372e-01 4.610516925652821674e-01
4.611087640126546594e-01 4.717190066973362961e-01 4.710669716199242241e-01 4.634249111016595646e-01
4.646117289861045885e-01 4.713534812132521012e-01 4.706283708413442346e-01 4.661528070767717025e-01
4.613566299279527327e-01 4.726007680098216479e-01 4.731328288714091723e-01 4.642558991909028765e-01
4.651099840799965413e-01 4.687739411989855220e-01 4.730054338773087008e-01 4.624792436758679015e-01
4.613153735796612365e-01 4.684624870618183112e-01 4.710888067881271457e-01 4.612907767295841288e-01
4.590229094028472900e-01 4.699358741442362097e-01 4.695889155069980503e-01 4.632042249043781257e-01
4.636823832988739569e-01 4.684426685174310490e-01 4.682752192020419035e-01 4.630796809991200580e-01
4.633304079373676831e-01 4.656412601470952817e-01 4.719130794207258006e-01 4.627472162246702991e-01
4.624879062175742406e-01 4.686501026153562233e-01 4.698351720968877987e-01 4.651684363683061818e-01
4.623960951964054544e-01 4.662165343761450753e-01 4.649667243162792230e-01 4.645083248615261562e-01
4.643403490384422350e-01 4.651556114355722138e-01 4.737093349297846201e-01 4.637573262055711965e-01
4.652121563752493194e-01 4.684143563111624053e-01 4.721037844816840523e-01 4.652834932009376478e-01
4.649748106797537139e-01 4.659588734308876545e-01 4.674734572569526070e-01 4.623380800088247033e-01
4.636304179827372973e-01 4.674853583176932226e-01 4.702496528625486616e-01 4.644634425640105091e-01
4.637733896573384973e-01 4.669868548711147427e-01 4.680003325144447834e-01 4.654396076997116549e-01
4.602373937765756873e-01 4.684648116429648290e-01 4.694903691609698115e-01 4.623610874017079486e-01
4.629665513833363111e-01 4.726366599400834700e-01 4.702136715253197319e-01 4.616003930568700064e-01
4.624731838703157183e-01 4.650658170382178103e-01 4.712364176909127900e-01 4.573444227377569948e-01
4.627378781636560245e-01 4.676517844200134277e-01 4.715223511060084305e-01 4.659789701302843312e-01
4.645550847053525056e-01 4.683176775773366662e-01 4.760354459285735529e-01 4.652066528797148548e-01
4.611759881178537079e-01 4.660120407740273585e-01 4.731585383415223278e-01 4.658469458421074516e-01
4.630223115285236335e-01 4.721872111161546925e-01 4.707100192705785946e-01 4.656624992688497278e-01
4.645050267378493247e-01 4.673676788806913063e-01 4.692899882793424293e-01 4.683756927649182500e-01
4.658778905868526943e-01 4.686691562334696637e-01 4.703513483206427925e-01 4.687311351299288109e-01
4.641449948151905591e-01 4.692050715287528484e-01 4.714857141176864719e-01 4.639377097288764351e-01
4.615226487318678239e-01 4.733150700728099292e-01 4.697736799716951128e-01 4.634614586830136385e-01
4.648370941479996743e-01 4.643677473068235639e-01 4.722686707973481890e-01 4.653996030489604419e-01
4.614169398943581690e-01 4.649179975191752856e-01 4.727403521537781872e-01 4.615534643332167564e-01
4.622180163860320490e-01 4.700374801953633441e-01 4.700484375158937023e-01 4.632052679856612509e-01
4.622251192728681346e-01 4.697301387786866345e-01 4.730468392372130793e-01 4.611434340476989746e-01
4.625705480575560413e-01 4.685227970282243026e-01 4.690315524737042052e-01 4.626173277695976860e-01
4.627474546432495117e-01 4.696511526902516498e-01 4.727542897065481475e-01 4.640490810076393635e-01
4.601470728715255643e-01 4.669343133767446252e-01 4.698631862799327319e-01 4.671928187211361605e-01
4.638542731602987024e-01 4.703930119673404020e-01 4.694843788941694407e-01 4.634209970633194620e-01
4.666822353998819617e-01 4.699977437655133983e-01 4.692849218845373538e-01 4.615243573983515701e-01
4.634670317173008591e-01 4.683471123377480061e-01 4.727014899253838554e-01 4.674751659234365753e-01
4.634909431139628277e-01 4.663277367750798263e-01 4.668174783388776561e-01 4.657181799411773127e-01
4.621018767356873114e-01 4.704819420973462840e-01 4.692666033903761802e-01 4.648075799147283749e-01
4.674996236960102802e-01 4.681721627712244760e-01 4.684279163678484181e-01 4.615607659022006870e-01
4.657032092412313196e-01 4.657338261604311858e-01 4.696524341901144872e-01 4.652877449989323289e-01
4.642603894074758819e-01 4.697102208932237843e-01 4.672141174475346603e-01 4.668927888075509736e-01
4.661336839199063942e-01 4.671051899592085221e-01 4.722832838694260849e-01 4.623837471008300226e-01
4.582000275452924876e-01 4.694676299889881665e-01 4.718934297561646618e-01 4.590966602166492438e-01
4.593833188215895591e-01 4.676658312479653468e-01 4.706248044967649702e-01 4.667980571587877492e-01
4.636714756488805045e-01 4.690823853015905764e-01 4.715476532777146956e-01 4.646576742331192111e-01
4.627609153588616020e-01 4.662128984928137765e-01 4.729748566945394805e-01 4.597367842992145515e-01
4.649248719215399728e-01 4.689296185970310282e-01 4.730034569899239094e-01 4.609555502732586851e-01
4.650829633076983827e-01 4.683267871538796534e-01 4.723088542620341168e-01 4.614715576171871114e-01
4.641567567984264953e-01 4.652859071890510512e-01 4.713010787963873849e-01 4.653599758942924547e-01
4.597447613875072503e-01 4.687956869602206145e-01 4.726210335890453917e-01 4.665413200855257347e-01
4.598961571852370200e-01 4.683568179607389137e-01 4.706240395704904822e-01 4.665698806444801283e-01
4.646670619646706135e-01 4.690574010213211520e-01 4.735218087832128719e-01 4.650632937749227813e-01
4.624777336915332770e-01 4.688514073689779571e-01 4.685873985290530119e-01 4.631388684113821874e-01
4.639382263024650066e-01 4.704012473424269980e-01 4.739533762137088657e-01 4.605697691440582831e-01
4.661661485830945195e-01 4.704645077387492047e-01 4.692025780677791524e-01 4.627501765886939955e-01
4.648722310860946005e-01 4.724174241224923798e-01 4.706198275089257810e-01 4.639455974102007496e-01
4.660285115242008280e-01 4.679620265960689474e-01 4.719809989134468031e-01 4.652452468872069757e-01
4.594787458578742934e-01 4.686606923739108921e-01 4.703077375888826128e-01 4.645647803942363208e-01
4.585264921188356158e-01 4.651284813880922631e-01 4.749993880589804540e-01 4.613893727461499394e-01
4.636429448922472774e-01 4.728202124436692855e-01 4.695800046126047400e-01 4.689713418483733021e-01
4.633434514204661236e-01 4.665516515572867284e-01 4.695330063501994000e-01 4.598509073257444069e-01
4.604237079620361883e-01 4.729017019271851141e-01 4.678396483262381444e-01 4.614207744598385896e-01
4.644380311171221742e-01 4.682355423768360114e-01 4.716884593168892414e-01 4.648670852184296209e-01
4.655546844005584162e-01 4.674106935660047313e-01 4.725068608919776869e-01 4.626913368701940921e-01
4.647776583830514063e-01 4.722575346628830051e-01 4.713292519251506829e-01 4.621987342834480983e-01
4.585309724013009181e-01 4.720911582311001498e-01 4.703902900218964733e-01 4.623351196448008404e-01
4.612005949020381301e-01 4.708337287108103064e-01 4.705755909283954597e-01 4.631614188353219141e-01
4.637601176897679922e-01 4.656578898429868940e-01 4.712288479010262598e-01 4.630901118119562510e-01
4.647892415523536269e-01 4.673911233743027194e-01 4.707111616929369746e-01 4.675775369008380311e-01
4.666355550289152943e-01 4.676120579242707964e-01 4.638985395431514669e-01 4.669899145762125836e-01
4.635654787222541207e-01 4.713779489199318440e-01 4.702705740928654343e-01 4.624251425266262538e-01
4.617539743582405043e-01 4.695415596167251127e-01 4.700286388397219572e-01 4.630069335301721378e-01
4.549426635106407768e-01 4.697568217913308808e-01 4.715405603249866462e-01 4.665405054887133973e-01
4.633439183235166792e-01 4.704188009103143497e-01 4.701913197835284608e-01 4.604774614175160541e-01
4.605019986629479978e-01 4.671614964803059156e-01 4.705337882041923381e-01 4.668938318888344874e-01
4.622201323509217974e-01 4.702543020248414751e-01 4.696772992610928621e-01 4.667324622472123208e-01
4.605913758277888626e-01 4.727441767851513488e-01 4.695314665635422768e-01 4.661836226781206904e-01
4.642674426237745067e-01 4.640720685323077577e-01 4.672003984451295056e-01 4.657644033432012387e-01
4.636582533518479599e-01 4.707673788070672605e-01 4.695834914843239338e-01 4.597686131795246101e-01
4.664390186468761468e-01 4.700279732545211697e-01 4.699693123499552594e-01 4.601563215255739525e-01
4.630510409673055938e-01 4.726306994756063196e-01 4.697489639123276217e-01 4.623945653438565895e-01
4.628505210081735322e-01 4.701206386089322176e-01 4.704909423987074235e-01 4.604160586992901982e-01
4.643206199010213031e-01 4.708000520865118776e-01 4.681702057520553129e-01 4.656490981578823019e-01
4.648855030536653277e-01 4.676926235357916073e-01 4.712209701538088158e-01 4.634995361169180761e-01
4.648133118947343490e-01 4.707880417505902471e-01 4.733406404654184052e-01 4.609525601069127121e-01
