4.606098532676694002e-01 4.754526714483903738e-01 4.704908033212025220e-01 4.647565285364784748e-01
4.617679814497633872e-01 4.837736388047534364e-01 4.708724220593765164e-01 4.624433020750688406e-01
4.622329970200856342e-01 4.764887690544127863e-01 4.683398008346562613e-01 4.640270868937170778e-01
4.625520010789229697e-01 4.655741353829703222e-01 4.680421650409695156e-01 4.697371323903402618e-01
4.622862438360847981e-01 4.657826324303949161e-01 4.702691535154972513e-01 4.700833062330879719e-01
4.609715143839517859e-01 4.668799738089236540e-01 4.686971704165138197e-01 4.723314940929411732e-01
4.633991221586862830e-01 4.786251982053122411e-01 4.684928357601167992e-01 4.591314196586601670e-01
4.633427460988361335e-01 4.694213171799969664e-01 4.700989723205565296e-01 4.760027825832365278e-01
4.593215982119244201e-01 4.678486386934918029e-01 4.697321156660712593e-01 4.779837727546689674e-01
4.637767672538756769e-01 4.651479224363965770e-01 4.677081505457552635e-01 4.763233363628389117e-01
4.652696649233504234e-01 4.688307642936701547e-01 4.722227652867634351e-01 4.713309208552040053e-01
4.584413866202036170e-01 4.766497512658433577e-01 4.703594048817958395e-01 4.614789883295696837e-01
4.614751040935524129e-01 4.822967449824017705e-01 4.696925381819410106e-01 4.626257916291555139e-01
4.613797267278030301e-01 4.768528242905935022e-01 4.660611748695372980e-01 4.626205960909535175e-01
4.626601437727604904e-01 4.687935809294381806e-01 4.735401670138049135e-01 4.707859357198072581e-01
4.618120392163594379e-01 4.691051443417870170e-01 4.702233076095568287e-01 4.717747767766315992e-01
4.628512859344482977e-01 4.793846607208253618e-01 4.720165133476259545e-01 4.600421388943986001e-01
4.654297133286789401e-01 4.682104984919224222e-01 4.681247969468427805e-01 4.703416228294376999e-01
4.617782632509868646e-01 4.616681536038714784e-01 4.689354598522187945e-01 4.772880772749586442e-01
4.617982308069868980e-01 4.763693511486049026e-01 4.716240863005324302e-01 4.660786588986712276e-01
4.606306453545890855e-01 4.802550176779423752e-01 4.690623680750531932e-01 4.617709914843244334e-01
4.588209489981331379e-01 4.817687471707661762e-01 4.681485493977866064e-01 4.627023835976913357e-01
4.623411695162457091e-01 4.804072082042691871e-01 4.722699026266727884e-01 4.669600625832879270e-01
4.639573494593302594e-01 4.684868454933164283e-01 4.721869726975757020e-01 4.751092294851938513e-01
4.614320596059159896e-01 4.680067400137586375e-01 4.706131617228188624e-01 4.750659366448716225e-01
4.632886946201320577e-01 4.752438267072042755e-01 4.731380641460414815e-01 4.682271480560301069e-01
4.637153546015413963e-01 4.716841677824654688e-01 4.722935060660047313e-01 4.679192105929060874e-01
4.629448254903151816e-01 4.723282158374791373e-01 4.707263807455701055e-01 4.731738567352298253e-01
4.627149800459546825e-01 4.817276696364086730e-01 4.712161123752595659e-01 4.634279211362204998e-01
4.645712872346245970e-01 4.727756480375923664e-01 4.710060656070707563e-01 4.714213609695432905e-01
4.611821770668033671e-01 4.678247869014737215e-01 4.688703715801242344e-01 4.742587705453241709e-01
4.642299910386404327e-01 4.702173868815103241e-01 4.690879583358764093e-01 4.713290731112164123e-01
4.662864804267884966e-01 4.661338229974108516e-01 4.703312218189231730e-01 4.749740660190581165e-01
4.605616231759386836e-01 4.659021000067388174e-01 4.694873094558713045e-01 4.707906643549604753e-01
4.641465445359551079e-01 4.714086651802067429e-01 4.720973074436178862e-01 4.647658566633856569e-01
4.631743431091304153e-01 4.673318266868587423e-01 4.722104668617249645e-01 4.751870433489481238e-01
4.643150766690570808e-01 4.671728511651351834e-01 4.709899326165511435e-01 4.749119877815244917e-01
4.589290221532185132e-01 4.693153003851578409e-01 4.721021354198462472e-01 4.700357218583428032e-01
4.618093371391294721e-01 4.787763853867847974e-01 4.699479440848031708e-01 4.657970468203222469e-01
4.648181994756065416e-01 4.677218496799476766e-01 4.704449077447257488e-01 4.723566869894660902e-01
4.617963333924607339e-01 4.799586137135824493e-01 4.745430151621499171e-01 4.657333195209502619e-01
4.610369702180225904e-01 4.783901373545330071e-01 4.671698113282518050e-01 4.615049362182614967e-01
4.623468617598214259e-01 4.740195274353028454e-01 4.702537457148228683e-01 4.681821564833323346e-01
4.641661246617630465e-01 4.739009439945217617e-01 4.673413236935938797e-01 4.652970830599464369e-01
4.643445611000064921e-01 4.773064454396574452e-01 4.687942266464238950e-01 4.625318447748817952e-01
4.626517693201704917e-01 4.731937050819401414e-01 4.727060298124946547e-01 4.658576250076295056e-01
4.640410939852398498e-01 4.666899542013804303e-01 4.732663432757054922e-01 4.759040772914888140e-01
4.644031822681428667e-01 4.771394530932108191e-01 4.726594388484958165e-01 4.603215456008917794e-01
4.746320148309068343e-01 4.684235652287803697e-01 4.693369070688879208e-01 4.640703499317176961e-01
4.616570373376218117e-01 4.768050213654837499e-01 4.728690783182781243e-01 4.633835156758630003e-01
4.625402887662258822e-01 4.676033556461335339e-01 4.687190353870392401e-01 4.734268883864088395e-01
4.642085929711657899e-01 4.747626284758255100e-01 4.694882829984030059e-01 4.628418584664659163e-01
4.591422379016878996e-01 4.680208365122485170e-01 4.695225954055779471e-01 4.723798831303911427e-01
4.636189440886177016e-01 4.796357750892640270e-01 4.714076519012447841e-01 4.634358882904048849e-01
4.656984706719712874e-01 4.691652953624723676e-01 4.720613757769266394e-01 4.712843000888825573e-01
4.670184055964152203e-01 4.727994402249652284e-01 4.714084764321644916e-01 4.639871915181478790e-01
4.637628595034281598e-01 4.785156846046441648e-01 4.691668351491294908e-01 4.616797268390653297e-01
4.598345160484313965e-01 4.678556621074677069e-01 4.697325627009075188e-01 4.776085913181307152e-01
4.609225193659464148e-01 4.745102822780614127e-01 4.736112952232365836e-01 4.658922950426730436e-01
4.656173090140025006e-01 4.635163247585298296e-01 4.710385600725812694e-01 4.766578376293181818e-01
4.626326858997342750e-01 4.774259924888612505e-01 4.718476732571920684e-01 4.695333838462826259e-01
4.636266231536865234e-01 4.694638848304745760e-01 4.738112290700277618e-01 4.750067691008251214e-01
4.613450666268669176e-01 4.671853184700011652e-01 4.744765857855480218e-01 4.737468063831323795e-01
4.605950415134424381e-01 4.712412556012469111e-01 4.700878361860910126e-01 4.734731415907542096e-01
4.610594908396404845e-01 4.668945173422492378e-01 4.704219698905944824e-01 4.718114634354910186e-01
4.635813732941944654e-01 4.735458095868426143e-01 4.720980226993563011e-01 4.673502246538805971e-01
4.632556637128193988e-01 4.670689503351846406e-01 4.668205181757614231e-01 4.719328284263613615e-01
4.661638935407004247e-01 4.645313918590547320e-01 4.703037738800044387e-01 4.743979871273036886e-01
4.634713331858318908e-01 4.788855115572607790e-01 4.699471990267430899e-01 4.621500074863435503e-01
4.642958442370095917e-01 4.763539334138238157e-01 4.690537154674525033e-01 4.660600821177167674e-01
4.625955919424695195e-01 4.677097201347349409e-01 4.699621498584746759e-01 4.716017742951710834e-01
4.640345772107444255e-01 4.716108540693925710e-01 4.693700075149532802e-01 4.663644333680475595e-01
4.595110913117730900e-01 4.673491020997365686e-01 4.713497360547380111e-01 4.727755884329480907e-01
4.625589052836101001e-01 4.729416668415065139e-01 4.683481653531387789e-01 4.667625427246084868e-01
4.654359122117355252e-01 4.747001628081001234e-01 4.681932528813679273e-01 4.654706418514249489e-01
4.675626556078589791e-01 4.821455876032511023e-01 4.742034872372947185e-01 4.570488532384234248e-01
4.634041190147396017e-01 4.648897449175517504e-01 4.723268349965413782e-01 4.744917352994282300e-01
4.729220569133756324e-01 4.707645177841184858e-01 4.711256523927054851e-01 4.618532856305439527e-01
4.631033837795263675e-01 4.710476795832319596e-01 4.735458294550580760e-01 4.719920158386228248e-01
4.649417797724406665e-01 4.756496250629424494e-01 4.673142631848649642e-01 4.604318241278331225e-01
4.655999640623731395e-01 4.647848407427470074e-01 4.745984574158980118e-01 4.741235474745435496e-01
4.648041923840834366e-01 4.660595754782361211e-01 4.758009016513820577e-01 4.755131502946214339e-01
4.629675547281902892e-01 4.643462200959528330e-01 4.730930328369138960e-01 4.749926825364427230e-01
4.606487055619560289e-01 4.682993491490681226e-01 4.696342150370281798e-01 4.764831662178037330e-01
4.657439589500427246e-01 4.822794695695243328e-01 4.686527848243712269e-01 4.600949287414555777e-01
4.640467762947085295e-01 4.781665503978733689e-01 4.738444785277048377e-01 4.641815225283303370e-01
4.645077288150795680e-01 4.782730539639793443e-01 4.717617531617473436e-01 4.641539553801217188e-01
4.646291037400558932e-01 4.801683227221176797e-01 4.714160561561581697e-01 4.620484610398608583e-01
4.611048301060989840e-01 4.750865300496413535e-01 4.674530724684402561e-01 4.622857570648198910e-01
4.600980679194132117e-01 4.657822151978809333e-01 4.673099120457971378e-01 4.759438435236617027e-01
4.668328960736595756e-01 4.744263490041102926e-01 4.676863451798762283e-01 4.642674823602044865e-01
4.604100982348126037e-01 4.782286783059438440e-01 4.727002680301668480e-01 4.635436038176217743e-01
4.618518253167471777e-01 4.649007419745127545e-01 4.739147226015728021e-01 4.707096417744952577e-01
4.611264665921527284e-01 4.707872370878861124e-01 4.681403438250223425e-01 4.711098571618405617e-01
4.660839239756268126e-01 4.801977276802064654e-01 4.714803894360862779e-01 4.623832007249196185e-01
