4.624495804309847191e-01 4.726993838946020876e-01 4.748840133349107595e-01 4.650721450646722599e-01
4.679888586203260759e-01 4.682221909364061574e-01 4.695176879564921801e-01 4.588114718596142949e-01
4.617212613423662959e-01 4.687103629112241987e-01 4.707507689793903882e-01 4.673654635747274688e-01
4.628032942612962941e-01 4.711918234825136498e-01 4.701686004797615004e-01 4.662454326947530481e-01
4.630120595296222108e-01 4.674572249253593492e-01 4.731416304906211900e-01 4.656464060147604278e-01
4.661993980407722615e-01 4.701499839623775601e-01 4.717532694339752752e-01 4.668147365252180991e-01
4.685204525788627117e-01 4.697983761628468091e-01 4.703550736109420316e-01 4.649065732955929842e-01
4.639842708905544399e-01 4.656280676523847917e-01 4.714679916699732187e-01 4.665882289409644113e-01
4.649088482062024297e-01 4.687941670417785645e-01 4.736467699209848115e-01 4.653914173444114732e-01
4.636109968026481121e-01 4.726353784402211877e-01 4.719245036443077690e-01 4.632023175557459238e-01
4.665428300698599706e-01 4.724544783433273221e-01 4.717093706130977004e-01 4.642432133356729773e-01
4.637107849121093750e-01 4.697510500748953155e-01 4.723147253195448259e-01 4.668146272500360849e-01
4.654058615366619134e-01 4.704525967439014966e-01 4.716246326764430563e-01 4.644007682800297410e-01
4.652453660964966375e-01 4.686265985171004234e-01 4.718113442262011903e-01 4.671383400758108428e-01
4.649949371814731114e-01 4.686181048552194306e-01 4.746722678343455182e-01 4.653937816619871382e-01
4.639718333880102907e-01 4.729053080081942473e-01 4.716407457987467078e-01 4.636422296365093620e-01
4.684529006481171765e-01 4.659539361794792778e-01 4.747216105461121716e-01 4.669576585292813942e-01
4.643267691135404829e-01 4.683507581551871191e-01 4.714307884375252833e-01 4.660396873950954921e-01
4.674085776011149829e-01 4.701924622058866188e-01 4.741308689117431641e-01 4.629669388135276842e-01
4.650433758894602088e-01 4.727093776067105568e-01 4.714600344498954820e-01 4.637423455715182219e-01
4.633061786492659317e-01 4.709342320760095402e-01 4.729437430699670597e-01 4.622944394747421915e-01
4.668021698792776952e-01 4.658200740814208429e-01 4.705387651920318048e-01 4.668707748254141698e-01
4.665824472904198661e-01 4.730787972609205028e-01 4.749851922194159859e-01 4.624982774257661022e-01
4.630993405977885113e-01 4.707640111446379505e-01 4.716395636399591806e-01 4.667356113592781020e-01
4.644691646099086690e-01 4.688499967257187540e-01 4.726694027582808433e-01 4.665617942810058039e-01
4.649579226970669277e-01 4.716993669668831379e-01 4.749470154444372927e-01 4.689764281113940614e-01
4.645011325677231295e-01 4.717533985773721406e-01 4.727647701899209687e-01 4.637821018695830744e-01
4.700784881909693680e-01 4.703326523303981155e-01 4.727005362510674491e-01 4.657304783662158942e-01
4.650718470414473837e-01 4.716478188832605722e-01 4.684726993242892545e-01 4.651597638924918621e-01
4.649250805377960205e-01 4.701266984144849559e-01 4.690687656402590111e-01 4.639050563176476127e-01
4.630527396996821921e-01 4.644876619180046684e-01 4.750172197818760544e-01 4.650916556517284417e-01
4.648749132951102703e-01 4.658129115899399819e-01 4.695050319035848352e-01 4.629109899202977219e-01
4.640036821365348674e-01 4.696946342786151862e-01 4.709859987099970224e-01 4.607848028341929858e-01
4.672544399897257117e-01 4.724600613117214132e-01 4.721051255861917761e-01 4.661406675974525404e-01
4.672582248846690600e-01 4.695163667201990854e-01 4.711640576521557433e-01 4.673139452934272353e-01
4.660403827826175571e-01 4.683784246444708255e-01 4.721452395121257806e-01 4.652888476848602850e-01
4.657782018184659090e-01 4.688388903935747920e-01 4.755608240763350980e-01 4.672360618909205954e-01
4.630501866340639427e-01 4.721275568008426737e-01 4.728547831376383459e-01 4.662197530269620582e-01
4.692233701546992819e-01 4.702099760373432691e-01 4.763268530368808817e-01 4.626580079396567236e-01
4.645713667074835018e-01 4.677978853384656133e-01 4.703831076622015384e-01 4.671022891998292681e-01
4.641659756501508860e-01 4.711021284262343900e-01 4.722713728745777106e-01 4.684204757213595305e-01
4.634797672430672200e-01 4.664273560047142997e-01 4.761169453461960299e-01 4.641840259234109589e-01
4.635867277781170470e-01 4.710685014724734776e-01 4.719068408012389026e-01 4.691362579663592158e-01
4.585071305433917610e-01 4.694992502530414558e-01 4.704216718673708275e-01 4.672087430953980602e-01
4.646795888741808156e-01 4.736504157384235358e-01 4.721812009811401922e-01 4.630230764547981770e-01
4.658042291800184587e-01 4.725292126337681253e-01 4.733217060565947376e-01 4.637976288795470081e-01
4.662420451641084984e-01 4.701116681098940209e-01 4.717963635921477161e-01 4.684282143910725726e-01
4.670455555121104663e-01 4.713610808054607970e-01 4.776334663232161826e-01 4.645792543888094261e-01
4.616511960824324912e-01 4.706569115320838326e-01 4.708660840988160290e-01 4.636322855949405186e-01
4.642268220583596339e-01 4.708710312843326640e-01 4.698176781336461105e-01 4.649012287457780501e-01
4.638784329096480863e-01 4.705955584843949380e-01 4.730171064535774184e-01 4.642678399880731943e-01
4.633657236893971576e-01 4.687430759270990732e-01 4.695906142393746485e-01 4.643346071243286688e-01
4.663521945476533648e-01 4.705817699432378043e-01 4.703532755374911778e-01 4.623050987720487837e-01
4.621082246303567787e-01 4.686400393644969964e-01 4.722472528616585841e-01 4.682347675164537093e-01
4.648214479287465783e-01 4.669953982035323081e-01 4.718039631843562454e-01 4.665806492169695674e-01
4.682670732339223596e-01 4.736028611660004217e-01 4.720160961151121937e-01 4.623279273509978693e-01
4.652253687381747160e-01 4.716685314973190213e-01 4.691389600435892371e-01 4.672203361988063741e-01
4.641952713330589897e-01 4.737989207108813106e-01 4.780144095420845729e-01 4.652050733566279739e-01
4.689274926980334102e-01 4.682781994342808951e-01 4.739111165205637799e-01 4.613327682018279474e-01
4.656217992305757836e-01 4.707326292991635963e-01 4.716762403647101198e-01 4.673167169094082363e-01
4.644602735837299323e-01 4.677257239818571333e-01 4.705143570899963934e-01 4.619423349698374981e-01
4.607372482617694831e-01 4.690546393394472990e-01 4.726454814275107830e-01 4.655992190043126699e-01
4.681232968966166363e-01 4.676569600900007395e-01 4.687431156635289420e-01 4.651296238104496439e-01
4.643102784951530504e-01 4.701688289642338425e-01 4.710647761821749602e-01 4.676251808802285859e-01
4.634685417016345954e-01 4.662501712640122475e-01 4.728115300337477622e-01 4.645727276802067984e-01
4.674395024776458740e-01 4.697128633658092522e-01 4.700828790664673407e-01 4.635669589042666350e-01
4.642264346281691489e-01 4.709015190601351653e-01 4.736979504426324650e-01 4.605673948923740268e-01
4.646220207214352138e-01 4.716716905434930052e-01 4.753891726334878998e-01 4.682087103525794936e-01
4.638911386330926701e-01 4.685086905956273307e-01 4.697866936524703330e-01 4.630837341149645625e-01
4.605500300725299256e-01 4.679142932097118401e-01 4.732316037019093646e-01 4.618113736311597606e-01
4.670829772949220970e-01 4.692099988460548543e-01 4.724626044432321814e-01 4.639875789483385304e-01
4.611917932828266675e-01 4.719268778959909705e-01 4.704741438229877448e-01 4.658439358075459613e-01
4.679663181304926090e-01 4.732145369052888628e-01 4.695692956447607425e-01 4.668236076831816517e-01
4.625135560830436754e-01 4.716088175773623381e-01 4.723754723866777638e-01 4.688124557336173504e-01
4.642653763294219416e-01 4.699118038018541554e-01 4.754920303821563166e-01 4.648021856943769792e-01
4.647869368394218492e-01 4.698191781838732539e-01 4.751754204432167006e-01 4.654152790705359810e-01
4.637046754360202305e-01 4.687918722629548784e-01 4.721052944660182327e-01 4.616098602612815904e-01
4.629488388697304280e-01 4.714707235495251281e-01 4.716334740320837771e-01 4.695108433564507688e-01
4.649174412091580666e-01 4.708283543586727071e-01 4.747811555862427868e-01 4.632901946703589235e-01
4.652387201786042925e-01 4.698115785916646692e-01 4.732040464878084496e-01 4.647187193234761926e-01
4.648776551087697717e-01 4.680682818094888953e-01 4.707205494244891542e-01 4.673537810643515478e-01
4.642601807912194456e-01 4.692524075508116566e-01 4.697773555914563359e-01 4.688813686370845168e-01
4.665096203486123194e-01 4.689142306645712743e-01 4.741366306940717479e-01 4.641168812910713148e-01
4.599463244279223262e-01 4.779094556967422580e-01 4.692618350187943710e-01 4.631557861963911393e-01
4.621662596861523253e-01 4.717736244201658491e-01 4.743931790192925102e-01 4.652704099814097827e-01
4.659855067729941624e-01 4.706218640009559029e-01 4.729573925336202911e-01 4.630036354064938631e-01
4.656810263792668381e-01 4.696500897407529518e-01 4.724242488543188290e-01 4.665964146455131023e-01
4.638576010862988097e-01 4.681397477785748107e-01 4.725570877393081015e-01 4.634781281153357857e-01
4.673232734203338623e-01 4.685692886511482191e-01 4.750366012255349824e-01 4.647050400575002405e-01
4.641901950041447122e-01 4.708016415437061286e-01 4.742259581883749853e-01 4.647260109583535859e-01
4.661402503649395568e-01 4.697773059209193747e-01 4.703671634197236218e-01 4.644204477469117687e-01
4.670133988062545316e-01 4.687936604022984732e-01 4.725186626116435473e-01 4.636438290278112051e-01
4.662919739882153136e-01 4.675635596116383130e-01 4.726136724154149094e-01 4.668857653935756247e-01
4.622658292452498929e-01 4.665605127811426889e-01 4.754000703493748703e-01 4.642525414625803815e-01
4.628426531950632361e-01 4.733382165431981869e-01 4.740904569625858378e-01 4.635043938954672149e-01
