4.609036147594450794e-01 4.661224484443659555e-01 4.707841277122497003e-01 4.647857447465261194e-01
4.682954152425131134e-01 4.672922790050506037e-01 4.735399981339771247e-01 4.620041350523627632e-01
4.621360103289289256e-01 4.654744565486911845e-01 4.702658951282498445e-01 4.615124265352888999e-01
4.588304360707602392e-01 4.670857489109037641e-01 4.701833923657729453e-01 4.609210391839347887e-01
4.629722138245900842e-01 4.649394949277241840e-01 4.689002533753718338e-01 4.637124041716254030e-01
4.659416576226548257e-01 4.672029415766399962e-01 4.700941940148670173e-01 4.611802498499562031e-01
4.640291929244998448e-01 4.645945131778720372e-01 4.688494304815927216e-01 4.659311274687442661e-01
4.606519341468805484e-01 4.649739364782969342e-01 4.661212960879010381e-01 4.608536859353381532e-01
4.628342390060421474e-01 4.676441450913749742e-01 4.732241332530975342e-01 4.637545744578043805e-01
4.644015530745189135e-01 4.676955044269558437e-01 4.679236412048342619e-01 4.604416986306506532e-01
4.654996295770005843e-01 4.685077468554182945e-01 4.727114439010619562e-01 4.641984999179842863e-01
4.653873145580290638e-01 4.637644688288371508e-01 4.700148006280256974e-01 4.665820697943370843e-01
4.619606932004298172e-01 4.679552614688871626e-01 4.711623390515641274e-01 4.628274043401091609e-01
4.663120011488593453e-01 4.634448985258738940e-01 4.715451002120969459e-01 4.626656373341882511e-01
4.645126561323802417e-01 4.669500291347504772e-01 4.671691457430520167e-01 4.694733023643490322e-01
4.644244611263275702e-01 4.694600900014245237e-01 4.711165527502700900e-01 4.615255792935691881e-01
4.631923039754232696e-01 4.670719901720686296e-01 4.705260097980504819e-01 4.645196199417110927e-01
4.657940963904059206e-01 4.702363411585495645e-01 4.708480536937710847e-01 4.623903036117548160e-01
4.628059267997737813e-01 4.669937094052633575e-01 4.737089276313780073e-01 4.644735157489779942e-01
4.639670749505359626e-01 4.664370616277064840e-01 4.708002905050909237e-01 4.621033569176986044e-01
4.625136951605480218e-01 4.724718232949572383e-01 4.688636859258017431e-01 4.628069698810575727e-01
4.651212493578596452e-01 4.679902593294781310e-01 4.679490824540455951e-01 4.621715943018597228e-01
4.655164480209350586e-01 4.672940075397487014e-01 4.677418172359461557e-01 4.621791839599604379e-01
4.615403711795804109e-01 4.694691995779672888e-01 4.746208290259036899e-01 4.620228012402851081e-01
4.649100601673122335e-01 4.634910722573597486e-01 4.737976292769115472e-01 4.612867832183843442e-01
4.617793361345931547e-01 4.701104760169980135e-01 4.698851207892101312e-01 4.629299044609068714e-01
4.655446112155919303e-01 4.683688978354141885e-01 4.702019691467287377e-01 4.577939112981164183e-01
4.669786095619208877e-01 4.671323299407952323e-01 4.711921910444897832e-01 4.593568841616309517e-01
4.608609378337854001e-01 4.674234986305235706e-01 4.709768990675607947e-01 4.659262200196580550e-01
4.640316367149350252e-01 4.695965349674218747e-01 4.706522425015762234e-01 4.654207229614253372e-01
4.587647318840027966e-01 4.684007167816168216e-01 4.689043958981832794e-01 4.616366326808927778e-01
4.625708659489944363e-01 4.679429531097406003e-01 4.687147239843995616e-01 4.636507034301757812e-01
4.616783161958052939e-01 4.683537383874262217e-01 4.668032427628842074e-01 4.616072177886963446e-01
4.639172752698263458e-01 4.708608587582912008e-01 4.708528816699982245e-01 4.618741472562153949e-01
4.650710721810660808e-01 4.643372297286979533e-01 4.723786711692811169e-01 4.640501638253525241e-01
4.646165072917933792e-01 4.717023074626925383e-01 4.696823656558999360e-01 4.619364043076835125e-01
4.624695777893069182e-01 4.688720405101782229e-01 4.723506669203439978e-01 4.639553527037303393e-01
4.625833729902900648e-01 4.684538145860035474e-01 4.702478150526680500e-01 4.597880641619361830e-01
4.622581005096442208e-01 4.659859240055082563e-01 4.721273779869072929e-01 4.635884861151378655e-01
4.637799163659412915e-01 4.683846036593118378e-01 4.720791776975004073e-01 4.631423056125637538e-01
4.605289498964946771e-01 4.678673247496284993e-01 4.699795444806414979e-01 4.634947478771205831e-01
4.608622292677561627e-01 4.669316311677300102e-01 4.712455868721008301e-01 4.637478391329442062e-01
4.642770489056905481e-01 4.661056101322175182e-01 4.698385894298555132e-01 4.618862966696420380e-01
4.616408050060274437e-01 4.692015945911407471e-01 4.717934429645531669e-01 4.621168474356334710e-01
4.588473141193388227e-01 4.690548082192733115e-01 4.711535274982453503e-01 4.634629189968109131e-01
4.661270380020144377e-01 4.661504030227661688e-01 4.691950380802154541e-01 4.634391069412235331e-01
4.636763433615365693e-01 4.675901234149934527e-01 4.712827006975807698e-01 4.616167545318607401e-01
4.636045098304744649e-01 4.650675853093464984e-01 4.714284737904863576e-01 4.623985389868413010e-01
4.634304742018381384e-01 4.680163959662121953e-01 4.722743829091392564e-01 4.608895977338158256e-01
4.624576866626736726e-01 4.679937064647676781e-01 4.707397917906439022e-01 4.622637331485751067e-01
4.629273911317188794e-01 4.680239061514536725e-01 4.711250762144721937e-01 4.637566407521570566e-01
4.605038265387215723e-01 4.661088883876796651e-01 4.687903722127282902e-01 4.647628466288247773e-01
4.654006958007811390e-01 4.699850877126057758e-01 4.710853795210522832e-01 4.627991716066990890e-01
4.628709852695460092e-01 4.674302637577058550e-01 4.721953570842744030e-01 4.643746018409729559e-01
4.663341939449313633e-01 4.650517404079433370e-01 4.725381831328074878e-01 4.647100766499834834e-01
4.644078910350802336e-01 4.696979125340783323e-01 4.706318875153863712e-01 4.630579451719917250e-01
4.629160165786745385e-01 4.668363928794861950e-01 4.722030361493433359e-01 4.632375339667006431e-01
4.614571432272591700e-01 4.647198220094049814e-01 4.774802426497147256e-01 4.641624788443254324e-01
4.629793266455330403e-01 4.686935544013973720e-01 4.741754829883576550e-01 4.618427157402046346e-01
4.642791847387954252e-01 4.658249616622930356e-01 4.754097759723664995e-01 4.639922976493832674e-01
4.616815050443012769e-01 4.662889142831169176e-01 4.728862047195437346e-01 4.577301740646365635e-01
4.626908600330358334e-01 4.684457480907441296e-01 4.702499012152352997e-01 4.609098732471462734e-01
4.629039267698925597e-01 4.673579931259158604e-01 4.689377148946135554e-01 4.632775187492368385e-01
4.628056685129796066e-01 4.663806656996409283e-01 4.673817853132884448e-01 4.598443607489262064e-01
4.613991876443224727e-01 4.653243919213616575e-01 4.735591908295949670e-01 4.619041780630747107e-01
4.656362831592557039e-01 4.673102796077727716e-01 4.701122939586640515e-01 4.570406973361964553e-01
4.651369651158654417e-01 4.654762347539268541e-01 4.704091747601824025e-01 4.632167518138883833e-01
4.627489844957989318e-01 4.685478607813513552e-01 4.698731104532878344e-01 4.658692677815756689e-01
4.612586200237274725e-01 4.700654447078704279e-01 4.717487990856170654e-01 4.654177625974019183e-01
4.610599974791205202e-01 4.726532995700835071e-01 4.725743730862930758e-01 4.640710155169172624e-01
4.639352063337964793e-01 4.678407311439515270e-01 4.739515980084740843e-01 4.652104079723357599e-01
4.642187257607776618e-01 4.694243172804509201e-01 4.706408580144240128e-01 4.639616608619693272e-01
4.617216984430954074e-01 4.644245207309724566e-01 4.703172345956165290e-01 4.626502494017278866e-01
4.653881589571637889e-01 4.649755458037056477e-01 4.682229558626809229e-01 4.625600675741829981e-01
4.627181291580199085e-01 4.697395364443454069e-01 4.707514842351279705e-01 4.626946349938711456e-01
4.623839557170863479e-01 4.677125513553624381e-01 4.721105893452957059e-01 4.623277783393859863e-01
4.625595211982725941e-01 4.636199573675793828e-01 4.717306792736052912e-01 4.620127677917483799e-01
4.617654482523597115e-01 4.643660883108778337e-01 4.685420493284860322e-01 4.629607896010082824e-01
4.659372965494791297e-01 4.659400880336756479e-01 4.698600967725115596e-01 4.621630211671196031e-01
4.646951158841447493e-01 4.663882156213121633e-01 4.714057445526119161e-01 4.588528772195183403e-01
4.652306437492371161e-01 4.689451356728870368e-01 4.724864860375728726e-01 4.644539157549539832e-01
4.670772751172381776e-01 4.638825158278148120e-01 4.711796740690868401e-01 4.631317257881158445e-01
4.649635056654616849e-01 4.673788150151567677e-01 4.707316458225252465e-01 4.620775679747262110e-01
4.690477351347609458e-01 4.668875734011330159e-01 4.747500121593474787e-01 4.647668798764553744e-01
4.643385310967769741e-01 4.679470062255862706e-01 4.695364236831668370e-01 4.616295794645947637e-01
4.639320969581603449e-01 4.674424529075623114e-01 4.729235370953873141e-01 4.601647953192389284e-01
4.613433082898461546e-01 4.676862458388002519e-01 4.715279241402945964e-01 4.614255030949910852e-01
4.606589774290721362e-01 4.686326781908675132e-01 4.702724715073904327e-01 4.623405039310464759e-01
4.621637066205349087e-01 4.679510394732158685e-01 4.733382662137346486e-01 4.628579616546629194e-01
4.613083203633628893e-01 4.674097299575803999e-01 4.704933265844978285e-01 4.611573119958239375e-01
4.653974771499636565e-01 4.700320164362581377e-01 4.691814084847763522e-01 4.629841844240821236e-01
4.650889933109284002e-01 4.649225970109302497e-01 4.684351881345116819e-01 4.653790195782983030e-01
4.616960684458413788e-01 4.681951105594635010e-01 4.695882697900134461e-01 4.603886008262632612e-01
4.645496805508931293e-01 4.683316648006441985e-01 4.713537891705831817e-01 4.618886411190031849e-01
4.630189339319872310e-01 4.646641810735070988e-01 4.709016382694242164e-01 4.657928943634037644e-01
