4.663719733556110913e-01 4.551167488098145086e-01 4.582717021306356719e-01 4.711107015609741211e-01 4.600881735483805524e-01 4.772672255833945720e-01 4.925943215688067256e-01 4.640518824259441955e-01 4.677577018737794634e-01 4.834829171498616351e-01 4.697508414586388792e-01 4.597616195678709827e-01 4.640779495239258368e-01 4.588811397552491345e-01 4.541314045588172865e-01 4.623177846272785163e-01
4.685222705205285831e-01 4.635275602340697687e-01 4.624541997909552005e-01 4.729370276133219031e-01 4.607017437616986455e-01 4.671506881713863302e-01 4.806708494822184430e-01 4.704565207163491913e-01 4.662503401438393147e-01 4.833337863286333858e-01 4.779481887817381147e-01 4.638289610544839014e-01 4.668808778127034320e-01 4.568067391713457326e-01 4.589130083719892839e-01 4.676735401153568339e-01
4.679890076319376258e-01 4.536383152008057196e-01 4.657499790191650946e-01 4.665272235870360218e-01 4.636885722478231164e-01 4.754716555277507806e-01 4.749408165613809296e-01 4.619619051615393435e-01 4.686560630798343174e-01 4.868973890940350158e-01 4.756204287211096005e-01 4.611663420995073537e-01 4.680628776550296855e-01 4.673930406570436236e-01 4.560992717742924918e-01 4.659274816513062079e-01
4.675482908884684430e-01 4.648240009943644946e-01 4.578015009562171334e-01 4.697819550832113555e-01 4.743580818176271752e-01 4.587055047353106318e-01 4.767146110534666303e-01 4.654749234517414624e-01 4.624682267506912692e-01 4.948352575302123468e-01 4.742600917816160444e-01 4.614572127660114265e-01 4.761333068211870412e-01 4.659576813379924243e-01 4.517758687337236068e-01 4.620280663172402491e-01
4.694892962773642431e-01 4.477882385253906805e-01 4.564179976781209680e-01 4.629593690236408210e-01 4.639620383580520535e-01 4.713282982508346652e-01 4.824692805608107316e-01 4.744348128636677875e-01 4.763015508651731733e-01 4.796077807744346111e-01 4.724393288294480020e-01 4.606930414835612164e-01 4.768445491790768154e-01 4.575115044911704509e-01 4.635477860768639213e-01 4.646636644999182497e-01
4.635775486628209152e-01 4.634302457173667400e-01 4.576739867528277217e-01 4.703412055969239391e-01 4.601021607716873629e-01 4.715758562088011585e-01 4.773720502853391889e-01 4.643632570902505585e-01 4.707393248875939573e-01 4.858566125233970134e-01 4.713324705759684985e-01 4.632931947708133769e-01 4.750791788101189628e-01 4.543700218200682484e-01 4.558086395263669099e-01 4.667756160100303142e-01
4.675933519999184718e-01 4.573117097218832861e-01 4.573543866475419106e-01 4.649659792582195861e-01 4.700747728347779986e-01 4.720889329910277765e-01 4.767415523529053289e-01 4.631855090459189306e-01 4.712111949920651521e-01 4.915426572163895114e-01 4.714208046595251833e-01 4.638438622156776381e-01 4.693535566329957165e-01 4.632532596588136986e-01 4.592547019322713031e-01 4.610188802083332038e-01
4.677894512812293404e-01 4.568863312403360633e-01 4.590497811635331216e-01 4.697347084681192109e-01 4.711343844731649133e-01 4.676081736882528039e-01 4.814036289850867067e-01 4.671930074691774126e-01 4.687081575393680088e-01 4.816325505574544086e-01 4.783298174540207004e-01 4.688975413640342205e-01 4.706178108851117314e-01 4.574856758117672451e-01 4.554348389307658063e-01 4.599064191182450356e-01
4.715149402618409313e-01 4.612001180648804821e-01 4.604742924372358104e-01 4.693344434102373341e-01 4.616385698318478115e-01 4.783501227696734248e-01 4.810638825098675908e-01 4.728021224339807871e-01 4.730380376180013946e-01 4.802640676498416417e-01 4.710872173309324507e-01 4.596804380416869007e-01 4.709451993306479345e-01 4.647317727406818921e-01 4.563509225845336359e-01 4.597154855728151635e-01
4.687363704045613977e-01 4.532756805419921875e-01 4.561951557795206336e-01 4.794561068216957045e-01 4.556538661321005157e-01 4.728300571441649280e-01 4.796869754791259766e-01 4.633453687032065282e-01 4.706852436065671053e-01 4.860901832580566406e-01 4.773119688034054842e-01 4.619385798772177587e-01 4.704629580179849890e-01 4.640403985977171741e-01 4.582713445027669641e-01 4.669981002807610526e-01
4.667277336120603803e-01 4.576655228932693942e-01 4.560365279515584125e-01 4.736456076304114138e-01 4.687017997105916711e-01 4.674673477808632405e-01 4.801350037256875147e-01 4.728520711263023979e-01 4.704993963241577148e-01 4.843210379282634204e-01 4.738245010375979338e-01 4.570045471191407915e-01 4.675131241480511846e-01 4.682416518529253779e-01 4.568585952123003224e-01 4.638911883036297423e-01
4.656507571538290868e-01 4.630512396494549932e-01 4.598420063654582446e-01 4.738430579503375983e-01 4.628427028656004749e-01 4.715766112009685540e-01 4.796595176060993726e-01 4.705215295155846800e-01 4.636703332265217914e-01 4.914232889811196436e-01 4.757260878880817390e-01 4.596780538558958851e-01 4.786770741144816266e-01 4.636921485265096399e-01 4.590545097986858947e-01 4.622210661570241297e-01
4.638303915659586774e-01 4.638624588648476710e-01 4.625175396601362565e-01 4.758165677388507264e-01 4.619376262029011859e-01 4.685013691584266615e-01 4.728506803512572132e-01 4.729486306508380866e-01 4.754117329915362733e-01 4.947770039240521056e-01 4.777434666951497766e-01 4.562285741170248876e-01 4.659515221913655414e-01 4.613947868347171855e-01 4.610309998194376813e-01 4.648441871007283344e-01
4.651470979054773136e-01 4.584436416625976007e-01 4.605826139450073242e-01 4.694384336471558727e-01 4.561445315678912538e-01 4.740953842798867890e-01 4.713778495788574774e-01 4.790186882019040193e-01 4.642178217569989385e-01 4.880979855855306360e-01 4.746495485305787243e-01 4.586057662963869963e-01 4.758651256561281517e-01 4.636686642964685245e-01 4.503347476323447118e-01 4.560366471608480188e-01
4.589895407358804968e-01 4.676956733067834104e-01 4.564254283905033183e-01 4.728054602940873763e-01 4.618052244186400812e-01 4.734172026316328385e-01 4.838867584864295357e-01 4.639532963434859214e-01 4.698450962702429567e-01 4.869274298350015906e-01 4.750138521194456342e-01 4.661929607391361308e-01 4.720038175582882967e-01 4.610810677210490094e-01 4.563375711441036153e-01 4.765408436457320152e-01
4.697419007619221820e-01 4.591541687647497927e-01 4.509972731272380297e-01 4.695043166478474195e-01 4.635642369588214851e-01 4.760758082071940844e-01 4.744160970052080928e-01 4.628556966781616211e-01 4.695258537928262421e-01 4.853936433792112592e-01 4.766471783320111455e-01 4.664871692657470148e-01 4.680223464965821978e-01 4.581685860951741907e-01 4.578073024749758080e-01 4.666056235631309002e-01
4.624428351720171748e-01 4.627079963684084807e-01 4.564679066340131541e-01 4.765376249949140330e-01 4.560811122258504047e-01 4.751530488332110780e-01 4.827813704808552320e-01 4.632232586542768815e-01 4.633275270462033357e-01 4.895260731379200148e-01 4.755505323410032514e-01 4.682556390762330767e-01 4.713400999704995264e-01 4.660791556040449479e-01 4.470569292704263953e-01 4.628108739852899722e-01
4.633552233378094853e-01 4.548351764678959519e-01 4.589200814565023712e-01 4.791406393051148016e-01 4.595419168472291149e-01 4.805146058400469045e-01 4.781219164530438603e-01 4.656372467676795357e-01 4.654147227605180959e-01 4.864554405212402344e-01 4.752862850824993157e-01 4.582260847091674805e-01 4.697185754776002087e-01 4.610936244328819322e-01 4.557237625122071423e-01 4.628453254699703701e-01
4.703323841094965707e-01 4.635606209437049818e-01 4.586099783579510314e-01 4.753977060317988168e-01 4.587315718332927172e-01 4.698304732640579684e-01 4.804058472315472783e-01 4.700232744216920056e-01 4.625441630681357830e-01 4.881604512532550788e-01 4.735958576202395354e-01 4.646723270416255880e-01 4.671351909637449507e-01 4.571401675542192677e-01 4.584283034006754187e-01 4.656950235366825175e-01
4.693241914113363000e-01 4.547514518102013237e-01 4.650659163792931761e-01 4.636618693669630198e-01 4.594740470250447406e-01 4.758223295211789217e-01 4.851383765538534454e-01 4.720993041992185280e-01 4.676997264226277484e-01 4.923156102498373321e-01 4.747639497121177166e-01 4.612921476364138518e-01 4.710157712300621080e-01 4.663958946863807631e-01 4.545563459396361194e-01 4.685110648473103101e-01
4.680082003275552460e-01 4.537003040313719593e-01 4.583479166030885454e-01 4.697199265162148585e-01 4.725019534428915868e-01 4.764684438705444336e-01 4.775291283925370278e-01 4.655749797821046587e-01 4.625371694564823777e-01 4.871683120727536842e-01 4.808439016342160310e-01 4.616573254267373194e-01 4.724226792653405949e-01 4.613368113835650819e-01 4.552807013193765906e-01 4.668976068496702436e-01
4.647967020670574212e-01 4.494352738062536989e-01 4.572464227676392157e-01 4.696777661641442503e-01 4.635523557662961092e-01 4.798749287923181894e-01 4.763386249542236328e-01 4.674957593282061397e-01 4.691797892252602131e-01 4.882171154022220683e-01 4.710615873336788106e-01 4.632004896799725158e-01 4.721132516860961359e-01 4.666489760080969607e-01 4.577397505442300507e-01 4.626372257868447413e-01
4.677161773045862558e-01 4.525079727172847122e-01 4.532109101613367996e-01 4.703209002812704931e-01 4.581482013066609515e-01 4.696237643559772468e-01 4.781028429667156243e-01 4.666436115900669535e-01 4.728537797927855335e-01 4.869958957036340519e-01 4.668074448903398732e-01 4.587184588114421313e-01 4.724030892054242869e-01 4.609433809916176350e-01 4.535627365112303577e-01 4.611356655756629896e-01
4.649157524108891715e-01 4.591099421183266194e-01 4.622372388839721680e-01 4.721638758977257933e-01 4.655218124389646217e-01 4.780180056889855034e-01 4.806724389394120833e-01 4.691670338312781685e-01 4.631004730860392438e-01 4.845305681228637140e-01 4.763886133829756120e-01 4.628908634185789905e-01 4.768571058909096272e-01 4.566961526870728649e-01 4.600735108057656397e-01 4.603438774744671447e-01
4.638549089431763250e-01 4.604494571685792681e-01 4.567656914393107281e-01 4.723827441533409721e-01 4.611105521519973660e-01 4.690848986307780133e-01 4.767206509908040180e-01 4.676032066345217619e-01 4.678483804066975726e-01 4.880071481068931627e-01 4.707341194152835917e-01 4.651060104370119408e-01 4.733686844507852265e-01 4.636046489079795330e-01 4.620873928070067249e-01 4.588421185811358272e-01
4.682883421579994709e-01 4.547649621963496536e-01 4.612499475479127087e-01 4.698722759882610345e-01 4.554070631663004742e-01 4.676055113474526514e-01 4.844310283660886451e-01 4.687672456105547170e-01 4.750731786092127762e-01 4.863178332646689861e-01 4.742170572280883789e-01 4.583141803741453968e-01 4.731274048487347783e-01 4.579672018686925528e-01 4.563167889912920772e-01 4.624896446863810406e-01
4.678188165028892564e-01 4.575476646423339844e-01 4.573998053868613689e-01 4.694842497507727419e-01 4.556241432825726689e-01 4.683614174524943774e-01 4.861751794815061256e-01 4.678775866826374585e-01 4.760789473851521070e-01 4.882479508717851302e-01 4.769159952799481572e-01 4.541766246159872900e-01 4.763498306274416838e-01 4.618443648020426062e-01 4.617203871409098492e-01 4.621541102727255712e-01
4.636572202046708724e-01 4.566967089970903615e-01 4.611552556355794086e-01 4.688584407170615087e-01 4.663817087809238870e-01 4.791264533996582031e-01 4.892072280248006000e-01 4.649691581726070888e-01 4.658833742141723078e-01 4.816754261652625435e-01 4.829232295354206062e-01 4.612240393956503204e-01 4.656043052673338178e-01 4.583368698755902471e-01 4.516231218973796313e-01 4.606498479843142424e-01
4.638301134109497070e-01 4.621709982554120799e-01 4.659910202026366077e-01 4.747889041900633655e-01 4.613129297892257785e-01 4.719798962275189580e-01 4.828926722208657929e-01 4.584527015686032936e-01 4.645169973373418637e-01 4.906234343846642143e-01 4.819023609161378063e-01 4.676308234532671748e-01 4.709245363871255030e-01 4.658212264378865930e-01 4.559147755304968630e-01 4.698434670766193921e-01
4.612362384796144243e-01 4.546908140182496227e-01 4.563366174697874311e-01 4.717560609181722375e-01 4.583060741424562212e-01 4.719552596410122036e-01 4.809275070826213305e-01 4.699101845423382384e-01 4.624035755793250435e-01 4.825296401977540728e-01 4.844326972961429667e-01 4.636258681615191835e-01 4.725550810496011445e-01 4.590985774993900370e-01 4.489393631617230040e-01 4.630144437154132819e-01
4.663072427113851282e-01 4.508576393127444737e-01 4.536988735198975164e-01 4.702575604120889929e-01 4.655928611755371094e-01 4.791533152262368311e-01 4.795673290888470275e-01 4.650725126266476717e-01 4.720008373260496937e-01 4.884041945139567242e-01 4.716215928395589008e-01 4.650712410608929259e-01 4.721445639928184557e-01 4.628429810206092232e-01 4.498213132222496635e-01 4.670319954554241759e-01
4.685900608698527203e-01 4.591236909230547725e-01 4.626936515172321851e-01 4.734467267990110639e-01 4.587621688842773993e-01 4.791849454243976569e-01 4.806720018386843041e-01 4.684332609176635742e-01 4.649138847986853951e-01 4.925624132156372625e-01 4.726502497990929808e-01 4.635970592498780962e-01 4.794935782750451292e-01 4.560828606287639642e-01 4.542949597040811804e-01 4.666662613550826011e-01
4.697273174921672845e-01 4.571839173634848486e-01 4.602841536204018147e-01 4.747291008631388531e-01 4.610067208607992462e-01 4.710333347320559416e-01 4.714551766713463432e-01 4.662957986195882532e-01 4.621560573577877529e-01 4.835949341456098893e-01 4.703292051951091235e-01 4.619454940160114820e-01 4.727346102396649541e-01 4.617438713709515197e-01 4.561802546183268969e-01 4.543083111445109235e-01
4.694741964340207185e-01 4.550729592641195032e-01 4.669240315755208148e-01 4.824209610621133515e-01 4.548242886861160739e-01 4.688547849655148592e-01 4.837268193562825336e-01 4.802691936492922142e-01 4.688456853230794641e-01 4.909012715021769946e-01 4.771938323974609930e-01 4.607098102569576747e-01 4.729702870051065711e-01 4.623290697733562493e-01 4.527796109517413514e-01 4.772551059722893174e-01
4.569896856943767016e-01 4.601472218831381134e-01 4.594931999842322146e-01 4.678936004638673540e-01 4.558287461598713453e-01 4.720921119054162229e-01 4.792113304138180818e-01 4.622324307759605455e-01 4.652386903762816273e-01 4.834069808324178430e-01 4.791291554768878913e-01 4.617480039596562058e-01 4.698865811030067396e-01 4.640386899312335389e-01 4.597489436467487312e-01 4.690981705983478522e-01
4.643037716547644966e-01 4.548983573913575329e-01 4.573047161102291591e-01 4.697222709655757278e-01 4.611904223759965560e-01 4.806112845738730877e-01 4.807655811309820559e-01 4.689498742421469579e-01 4.713588953018191252e-01 4.882748524347937935e-01 4.818080663681030829e-01 4.618828296661380839e-01 4.758315881093340693e-01 4.613469044367472516e-01 4.473467667897539912e-01 4.658782879511512154e-01
4.676579634348552172e-01 4.469738006591792989e-01 4.615381161371867602e-01 4.696317513783772046e-01 4.615902105967201741e-01 4.817641576131182490e-01 4.882653554280600439e-01 4.618279536565143006e-01 4.654820362726845850e-01 4.867144425710046574e-01 4.760772784550985626e-01 4.601828654607139635e-01 4.766986767450969165e-01 4.644410212834676477e-01 4.609616597493487178e-01 4.641126791636150384e-01
4.578312238057455352e-01 4.591152667999268133e-01 4.590587218602499853e-01 4.734479983647660317e-01 4.610580205917360064e-01 4.645003080368043102e-01 4.769125779469807203e-01 4.677748680114739988e-01 4.680423339207961386e-01 4.882807731628417414e-01 4.783190886179606860e-01 4.589644670486449640e-01 4.755514462788903995e-01 4.659586350123088860e-01 4.592380126317341937e-01 4.633657137552895655e-01
4.631372292836508087e-01 4.582434495290119147e-01 4.608305692672731158e-01 4.733933210372928690e-01 4.673378467559812788e-01 4.784741401672363281e-01 4.832636117935177333e-01 4.644522666931154564e-01 4.642837842305503337e-01 4.891668955485027892e-01 4.757820367813112017e-01 4.644929567972825302e-01 4.685128529866534608e-01 4.670975208282470148e-01 4.564269781112670898e-01 4.707867304484049664e-01
4.565414587656653755e-01 4.600642522176105476e-01 4.519558350245156397e-01 4.845377604166668517e-01 4.638212919235232268e-01 4.762936830520627107e-01 4.805394013722739111e-01 4.648123979568480890e-01 4.660435517628989666e-01 4.829341173171994295e-01 4.780213435490924812e-01 4.661757548650103944e-01 4.687016010284423273e-01 4.567895730336506421e-01 4.506767988204957720e-01 4.596120913823447118e-01
4.624023834864298688e-01 4.569582541783648311e-01 4.546758731206259618e-01 4.720226128896080064e-01 4.700281222661339409e-01 4.754510720570878091e-01 4.853260119756061530e-01 4.656083186467491752e-01 4.624957640965779992e-01 4.879161119461059570e-01 4.793771505355836626e-01 4.588055213292435708e-01 4.736986557642617335e-01 4.675317207972208289e-01 4.594854513804115248e-01 4.645045995712278608e-01
4.718616008758544367e-01 4.602918227513632110e-01 4.631954828898114385e-01 4.725382725397747619e-01 4.561711549758913908e-01 4.697533051172896879e-01 4.823209842046103923e-01 4.686101277669270093e-01 4.705518881479899829e-01 4.830549955368043102e-01 4.770638147989909039e-01 4.614859422047937199e-01 4.722574154535927327e-01 4.600453774134318219e-01 4.584332307179770916e-01 4.627326726913456589e-01
4.655329783757529150e-01 4.648072719573973499e-01 4.745404720306396484e-01 4.708651701609291584e-01 4.585509697596228951e-01 4.748421112696329938e-01 4.885390202204383248e-01 4.711770216623938912e-01 4.644980033238728101e-01 4.896158774693806781e-01 4.732168912887570467e-01 4.648226896921796025e-01 4.692906538645424952e-01 4.648482402165728944e-01 4.607881307601927046e-01 4.673053423563638953e-01
4.716437657674151240e-01 4.576151768366493178e-01 4.615585803985600699e-01 4.791272878646847255e-01 4.683778285980219613e-01 4.771818319956464549e-01 4.862593809763590680e-01 4.668519099553427032e-01 4.685258070627842386e-01 4.837360779444377923e-01 4.751739104588821871e-01 4.653216600418095261e-01 4.703010718027749726e-01 4.564433892567951734e-01 4.546046654383341656e-01 4.666534662246704657e-01
4.663458267847696570e-01 4.574622710545857562e-01 4.596632719039921988e-01 4.706027110417684289e-01 4.655405680338539631e-01 4.807002941767370419e-01 4.757771492004392311e-01 4.664667447408040180e-01 4.690575202306112579e-01 4.861814975738525391e-01 4.763320684432982288e-01 4.686764876047770922e-01 4.691654046376549925e-01 4.545667966206872190e-01 4.633125861485793417e-01 4.637817144393925339e-01
4.672683874766030976e-01 4.622803926467889957e-01 4.550876617431644511e-01 4.654206832249959680e-01 4.633438984553023277e-01 4.767189423243202162e-01 4.849840005238850726e-01 4.638948043187457460e-01 4.615128040313722924e-01 4.882850646972656250e-01 4.750814835230510180e-01 4.648858706156413501e-01 4.754537343978882391e-01 4.595328569412228670e-01 4.514098564783732281e-01 4.622089465459191526e-01
4.700851043065388812e-01 4.539734919865923146e-01 4.634234507878621789e-01 4.693638483683266749e-01 4.616429805755612459e-01 4.709995985031132371e-01 4.805309772491454523e-01 4.638914664586386016e-01 4.741584459940592633e-01 4.888922770818076025e-01 4.721102714538573664e-01 4.612629016240438196e-01 4.777621030807494562e-01 4.603776931762693647e-01 4.614162445068359930e-01 4.652229944864908484e-01
4.749600489934280856e-01 4.552614291508995104e-01 4.616067806879677882e-01 4.779958724975585382e-01 4.618536631266274561e-01 4.726154406865440416e-01 4.754934708277387401e-01 4.686661958694456898e-01 4.718379179636640885e-01 4.842126369476315029e-01 4.798643589019774836e-01 4.610873460769649435e-01 4.780615965525307764e-01 4.583039283752439186e-01 4.553713798522950884e-01 4.599411487579348479e-01
4.662671883900959546e-01 4.548284212748211486e-01 4.628595511118573924e-01 4.636017878850300367e-01 4.631270170211795878e-01 4.708555142084754896e-01 4.812836249669394384e-01 4.685703118642174925e-01 4.695392847061155006e-01 4.931047757466627823e-01 4.720172087351481860e-01 4.610738754272466489e-01 4.793632427851358679e-01 4.591466188430780027e-01 4.567000865936277632e-01 4.613760709762573797e-01
4.617656469345097769e-01 4.547119935353599596e-01 4.512432813644410845e-01 4.716391166051227546e-01 4.650822877883911688e-01 4.697387218475340687e-01 4.814911683400470155e-01 4.704771439234413100e-01 4.644792874654136705e-01 4.914900859196980609e-01 4.703969955444336493e-01 4.629623095194502214e-01 4.708229700724281264e-01 4.533577760060628070e-01 4.559284448623661667e-01 4.619143009185788795e-01
4.653626283009846265e-01 4.559704065322874311e-01 4.627052545547485907e-01 4.723922808965047571e-01 4.620532592137654437e-01 4.797238906224566835e-01 4.787931044896442945e-01 4.659374952316284735e-01 4.671472311019899681e-01 4.928398927052816680e-01 4.664197365442909748e-01 4.653993844985964690e-01 4.761315981547034615e-01 4.591519435246782521e-01 4.599363803863526501e-01 4.616202910741170617e-01
4.680894613265991766e-01 4.542793035507199373e-01 4.560876290003459399e-01 4.655963182449346371e-01 4.580539464950563189e-01 4.745756387710572399e-01 4.751334587732949366e-01 4.740041494369507391e-01 4.733989238739016447e-01 4.934065739313767129e-01 4.765559037526448383e-01 4.593534866968793096e-01 4.731177488962812760e-01 4.552812576293944202e-01 4.541651407877604352e-01 4.628465572992958577e-01
4.672679503758749298e-01 4.546040693918866338e-01 4.546301762262979773e-01 4.623684485753372653e-01 4.612193504969280267e-01 4.728424549102785979e-01 4.821889797846478087e-01 4.663762251536046621e-01 4.741039276123043544e-01 4.883849223454793664e-01 4.789676666259768401e-01 4.644610087076826432e-01 4.717527230580644826e-01 4.647502104441326165e-01 4.527395963668827683e-01 4.554444154103596820e-01
4.635496536890663100e-01 4.529462655385332881e-01 4.643869002660114265e-01 4.685700734456381134e-01 4.699769814809163226e-01 4.708316723505656665e-01 4.835560321807861328e-01 4.707254966100056781e-01 4.731219212214152203e-01 4.873220523198443788e-01 4.775956471761070299e-01 4.712673028310138679e-01 4.722003142038980750e-01 4.602464437484743431e-01 4.562486410140992876e-01 4.713913599650066399e-01
4.637074867884320439e-01 4.525969028472895395e-01 4.550220171610515618e-01 4.702228307723997913e-01 4.580068985621135180e-01 4.743332465489706884e-01 4.776393572489421313e-01 4.691274960835777330e-01 4.646062056223551617e-01 4.865778287251787404e-01 4.753245115280154143e-01 4.596088329950965834e-01 4.706287781397501813e-01 4.607308705647786273e-01 4.605027039845782655e-01 4.686176776885984108e-01
4.663444757461546186e-01 4.566918611526486482e-01 4.534798463185628625e-01 4.705051183700562634e-01 4.663041830062864546e-01 4.701129992802935975e-01 4.804283777872720984e-01 4.682110945383706757e-01 4.669365088144940001e-01 4.963093598683672170e-01 4.725199540456131442e-01 4.672720432281490255e-01 4.793633619944253632e-01 4.658468564351402885e-01 4.570431311925250428e-01 4.572871128718057343e-01
4.686079422632847269e-01 4.632110595703125555e-01 4.640360673268635883e-01 4.717592795689901086e-01 4.599465926488240375e-01 4.736420313517255010e-01 4.833685954411823804e-01 4.668892224629717647e-01 4.695381720860797303e-01 4.861130714416500020e-01 4.764333168665566554e-01 4.587843020757041423e-01 4.705066283543905548e-01 4.576160113016768949e-01 4.599056243896480489e-01 4.619127114613852392e-01
4.719441731770833148e-01 4.570626020431518000e-01 4.632476568222048119e-01 4.701466560363765090e-01 4.640268882115681226e-01 4.727520147959389241e-01 4.763564666112267698e-01 4.648768901824954503e-01 4.728748401006064306e-01 4.919575850168861342e-01 4.693868160247801069e-01 4.635519981384279009e-01 4.744715293248490395e-01 4.555699427922567657e-01 4.601956605911253773e-01 4.693500200907389508e-01
4.558207591374711098e-01 4.627183278401696964e-01 4.607129891713456216e-01 4.745265642801920758e-01 4.612769285837806654e-01 4.648385842641196697e-01 4.796747763951623167e-01 4.673337141672768147e-01 4.717671076456708690e-01 4.911936124165856010e-01 4.853332440058386044e-01 4.564694563547770922e-01 4.701878627141315437e-01 4.589264790217081891e-01 4.561272462209064460e-01 4.662028948465986589e-01
4.729188283284501693e-01 4.569586118062339275e-01 4.592975378036499579e-01 4.737056096394852700e-01 4.657897949218748890e-01 4.724213679631552587e-01 4.812029600143431507e-01 4.644910097122191273e-01 4.651289383570351710e-01 4.830572605133053865e-01 4.749466975529988977e-01 4.616353909174601977e-01 4.752156734466553289e-01 4.542503754297893548e-01 4.575719436009729746e-01 4.623036781946820439e-01
4.731130997339885735e-01 4.580176273981729218e-01 4.624408483505249579e-01 4.739755789438883649e-01 4.652077754338582172e-01 4.784296751022338867e-01 4.833496411641435841e-01 4.702001412709552741e-01 4.722618659337364244e-01 4.901141325632727974e-01 4.734309514363607141e-01 4.629828929901124712e-01 4.696959257125854492e-01 4.578293164571130003e-01 4.617508252461752227e-01 4.696752627690631843e-01
4.644395112991331342e-01 4.457056125005083302e-01 4.532651901245114412e-01 4.688027302424117027e-01 4.680815935134882699e-01 4.803837935129801617e-01 4.761924743652346526e-01 4.654178619384762849e-01 4.721657435099285149e-01 4.951472282409662418e-01 4.788087209065753913e-01 4.577509562174481572e-01 4.676561355590822533e-01 4.614209731419877669e-01 4.536994298299155126e-01 4.598159392674767143e-01
4.646812677383421186e-01 4.574224948883056086e-01 4.598544041315715813e-01 4.658649365107216389e-01 4.625151952107751652e-01 4.711052974065143562e-01 4.815681378046668404e-01 4.669588804244995117e-01 4.680892229080206302e-01 4.885791540145877909e-01 4.753162860870358553e-01 4.551924069722498856e-01 4.745100339253746080e-01 4.644478162129718757e-01 4.576802253723141201e-01 4.674293597539261880e-01
4.666978120803831898e-01 4.528310298919673293e-01 4.516063531239827289e-01 4.731658697128295343e-01 4.580283562342329917e-01 4.763818184534708289e-01 4.701536893844603382e-01 4.761087497075401354e-01 4.696631034215291711e-01 4.904629786809286407e-01 4.783800045649211352e-01 4.608830610911049952e-01 4.792277415593462209e-01 4.644838174184163782e-01 4.471983512242638237e-01 4.679458936055501672e-01
4.637576341629032206e-01 4.565316836039224890e-01 4.582314093907672303e-01 4.690168301264445727e-01 4.674657980600993024e-01 4.698103666305543658e-01 4.870905478795367061e-01 4.641779661178589422e-01 4.719516038894652765e-01 4.831686417261758515e-01 4.773542483647664758e-01 4.669730265935256863e-01 4.704550902048746375e-01 4.596641063690184992e-01 4.569350481033324640e-01 4.634877045949301055e-01
4.612998962402340974e-01 4.618704319000240255e-01 4.662204980850222502e-01 4.732453425725297036e-01 4.683334032694499993e-01 4.715689420700074908e-01 4.850116173426309296e-01 4.741375446319579523e-01 4.643011887868244147e-01 4.839124679565429688e-01 4.729709227879841382e-01 4.567303657531737171e-01 4.697477817535400391e-01 4.752683639526367188e-01 4.573169549306234094e-01 4.689271847407022742e-01
4.648600021998090526e-01 4.549996455510454951e-01 4.574542442957558186e-01 4.706501960754393421e-01 4.571106433868406538e-01 4.710476398468014803e-01 4.767057895660402611e-01 4.785443941752114960e-01 4.693391323089595168e-01 4.962888161341350024e-01 4.762916564941401809e-01 4.639430443445839991e-01 4.697148402531942102e-01 4.578124284744258810e-01 4.508183797200523424e-01 4.653955698013306219e-01
4.640033245086672697e-01 4.524862368901571563e-01 4.636493523915607429e-01 4.699538151423132692e-01 4.629188776016232021e-01 4.726810057957965272e-01 4.787878990173340399e-01 4.659730593363444195e-01 4.716482162475588713e-01 4.861901203791303971e-01 4.820780356725054006e-01 4.634474118550617749e-01 4.792871077855432316e-01 4.630747238794957754e-01 4.555315574010216917e-01 4.668656190236408765e-01
4.670896927515666985e-01 4.598198731740316125e-01 4.525918563206992040e-01 4.715871413548786140e-01 4.692548116048175233e-01 4.773730834325156103e-01 4.785820245742796741e-01 4.644507169723512408e-01 4.671529531478881836e-01 4.891374111175538220e-01 4.681360721588135876e-01 4.648155768712358693e-01 4.746341307957973044e-01 4.674971501032508803e-01 4.639852444330850312e-01 4.631579717000327001e-01
4.647638797760013096e-01 4.571783145268756843e-01 4.629300435384121060e-01 4.701140324274696858e-01 4.626939296722412664e-01 4.791670242945350044e-01 4.795025984446208422e-01 4.700594743092857408e-01 4.685572783152264775e-01 4.894562562306720710e-01 4.766406218210859080e-01 4.567149480183917976e-01 4.657205740610759759e-01 4.546272357304895761e-01 4.577139218648277330e-01 4.582490921020502261e-01
4.711813926696776789e-01 4.615808327992763638e-01 4.557039340337117883e-01 4.718002875645954663e-01 4.572537740071618284e-01 4.738122224807744254e-01 4.835215012232462750e-01 4.635506470998130846e-01 4.705612659454345148e-01 4.900008042653398732e-01 4.751855532328286835e-01 4.662998517354330907e-01 4.708678325017292554e-01 4.658369620641077402e-01 4.538360834121704102e-01 4.641689856847128204e-01
4.599337577819819778e-01 4.572894573211669367e-01 4.556738535563152337e-01 4.727763732274375963e-01 4.653975168863929701e-01 4.689481655756631007e-01 4.861309925715127100e-01 4.668101469675698945e-01 4.575138489405315423e-01 4.847207466761268013e-01 4.791321754455564186e-01 4.504276514053349723e-01 4.745699167251583583e-01 4.694745143254596687e-01 4.624311526616414203e-01 4.645912249883015765e-01
4.681095282236736321e-01 4.514017105102541838e-01 4.552342891693114124e-01 4.776498476664226001e-01 4.647493759791054280e-01 4.758165677388506709e-01 4.789551099141438617e-01 4.660839637120565704e-01 4.607435464859011010e-01 4.910037914911907220e-01 4.834699233373006555e-01 4.675319989522300768e-01 4.695088863372800514e-01 4.587025642395020641e-01 4.504037698109943366e-01 4.626603126525879461e-01
4.698188304901121382e-01 4.577977657318117455e-01 4.583020210266116057e-01 4.688717921574911962e-01 4.662726720174154571e-01 4.690989653269450610e-01 4.763176838556925641e-01 4.663337866465251946e-01 4.706588983535767712e-01 4.948919216791787812e-01 4.630881945292155133e-01 4.600706100463867188e-01 4.761211474736533056e-01 4.604433377583822540e-01 4.566324949264528033e-01 4.655100504557291297e-01
4.649598598480225720e-01 4.528189102808632405e-01 4.599354664484660571e-01 4.748262564341227954e-01 4.668991565704347924e-01 4.759739637374875154e-01 4.824866056442262963e-01 4.604556560516356867e-01 4.593105316162109930e-01 4.932915767033893562e-01 4.748484293619793517e-01 4.650923411051434697e-01 4.791249831517536695e-01 4.511226812998452851e-01 4.494025707244871937e-01 4.636131127675376384e-01
4.651484489440919079e-01 4.606659412384034868e-01 4.625524282455442671e-01 4.681754906972252495e-01 4.680914481480915601e-01 4.712350368499749753e-01 4.818064769109091094e-01 4.633750915527340974e-01 4.664489825566608405e-01 4.802734851837157093e-01 4.778193235397339977e-01 4.674539168675738154e-01 4.708458185195923962e-01 4.598427613576253070e-01 4.547145366668700062e-01 4.662894010543824908e-01
4.679184357325238408e-01 4.528232812881466951e-01 4.586657285690305952e-01 4.689432779947917407e-01 4.644619623819989385e-01 4.716420173645022862e-01 4.804170131683347944e-01 4.659608205159507244e-01 4.695631265640257679e-01 4.867565234502154170e-01 4.789519309997556928e-01 4.653545220692954509e-01 4.722868204116822399e-01 4.597398042678838004e-01 4.621596336364744984e-01 4.602269728978474750e-01
4.646200338999428858e-01 4.616848627726233834e-01 4.590799808502197266e-01 4.809349377950036253e-01 4.656518300374348773e-01 4.682474136352540728e-01 4.829705953598019685e-01 4.717820485432945854e-01 4.656127293904622766e-01 4.961282412211100445e-01 4.750028053919474469e-01 4.516508181889852258e-01 4.742378393808998061e-01 4.581760168075567075e-01 4.514788389205935393e-01 4.609909454981486743e-01
4.650175968805950744e-01 4.521170059839883515e-01 4.700236717859906377e-01 4.635737339655558453e-01 4.593804677327472663e-01 4.712501764297484241e-01 4.846690495808920751e-01 4.659252961476642030e-01 4.679571787516273451e-01 4.960440397262575463e-01 4.702068964640296889e-01 4.601494868596391896e-01 4.745777845382690985e-01 4.582718213399243345e-01 4.611680905024210797e-01 4.632803201675410043e-01
4.674250682195028039e-01 4.553269147872924250e-01 4.622537295023597670e-01 4.689883391062416029e-01 4.671071370442710369e-01 4.675044218699138665e-01 4.898270368576050360e-01 4.623947938283283210e-01 4.676846663157145922e-01 4.846035639444987164e-01 4.770911534627275130e-01 4.651852846145627107e-01 4.647627274195357261e-01 4.615678787231449198e-01 4.542756477991743980e-01 4.649675289789833577e-01
4.697253306706747900e-01 4.614319403966271604e-01 4.559521675109866057e-01 4.688397645950316273e-01 4.653280576070144003e-01 4.785302480061853769e-01 4.791909456253053423e-01 4.645295143127437520e-01 4.599028031031287544e-01 4.855711460113526501e-01 4.800529082616167842e-01 4.629383484522500702e-01 4.693754911422733933e-01 4.659773508707681922e-01 4.548584620157882230e-01 4.618356625239049551e-01
4.634565909703572406e-01 4.609414736429851556e-01 4.652766784032186798e-01 4.669949611028035297e-01 4.638207356135048420e-01 4.683497349421182898e-01 4.758711258570352820e-01 4.777161677678422591e-01 4.649242957433062373e-01 4.785864750544230328e-01 4.810808499654133374e-01 4.580186605453491766e-01 4.726816018422444476e-01 4.607880115509037089e-01 4.590253829956054688e-01 4.632900158564247084e-01
4.655145009358727659e-01 4.601876338322958837e-01 4.571603933970133093e-01 4.737141132354736328e-01 4.644151528676351837e-01 4.692455132802325068e-01 4.794089396794639635e-01 4.707417090733844733e-01 4.747618436813356713e-01 4.824104706446329383e-01 4.747767051060987620e-01 4.604382514953614947e-01 4.660912752151488148e-01 4.690488179524742729e-01 4.534043471018474047e-01 4.613337516784668524e-01
4.563934405644734515e-01 4.551688432693480335e-01 4.606293837229411547e-01 4.642903407414756822e-01 4.647727807362878605e-01 4.757709900538128478e-01 4.837006727854409882e-01 4.682230949401849363e-01 4.688698053359980356e-01 4.931242465972903166e-01 4.689777692159019518e-01 4.610373179117837616e-01 4.702494939168295751e-01 4.613730510075882973e-01 4.529971281687419360e-01 4.616463581720988696e-01
4.694591363271080064e-01 4.536244471867883488e-01 4.575331608454385468e-01 4.707696437835692249e-01 4.657299121220905280e-01 4.758207798004151501e-01 4.738831917444862318e-01 4.663459062576296166e-01 4.707072973251343884e-01 4.938580195109056326e-01 4.699867566426596532e-01 4.628634452819827549e-01 4.761754671732586486e-01 4.694059292475384337e-01 4.540301561355586935e-01 4.607090155283609101e-01
4.649947484334309156e-01 4.575408697128302005e-01 4.623006582260130726e-01 4.700032869974772876e-01 4.633763233820596406e-01 4.687782526016237572e-01 4.773778915405271217e-01 4.729347626368199942e-01 4.675409396489463298e-01 4.884394407272340533e-01 4.758661588033045731e-01 4.619873762130737305e-01 4.709738890329996375e-01 4.728533426920572547e-01 4.565367698669433594e-01 4.659744501113893822e-01
4.711554845174155681e-01 4.566393295923868445e-01 4.629546801249186383e-01 4.706067641576129335e-01 4.635184605916339851e-01 4.685489336649572567e-01 4.787328640619911146e-01 4.627528985341392009e-01 4.692851702372232148e-01 4.914540847142539470e-01 4.821067253748576031e-01 4.602605501810708155e-01 4.748417933781943212e-01 4.589678843816120124e-01 4.594114621480303029e-01 4.650911092758177046e-01
4.682176510492957466e-01 4.549175898234046889e-01 4.541989564895631548e-01 4.736177126566567530e-01 4.580732583999634344e-01 4.757139285405480034e-01 4.838709831237794079e-01 4.715396165847778320e-01 4.618589083353680791e-01 4.887158075968425774e-01 4.664423068364463854e-01 4.550321102142331764e-01 4.693442583084109221e-01 4.619784752527867910e-01 4.506662289301556767e-01 4.665518204371135735e-01
4.717032909393311102e-01 4.524805148442583302e-01 4.639341036478680791e-01 4.739125967025756836e-01 4.669087330500281130e-01 4.639888207117712215e-01 4.856919844945271070e-01 4.703939358393353642e-01 4.741242329279580225e-01 4.840479691823323938e-01 4.789975484212240509e-01 4.622079928716026909e-01 4.658781687418624418e-01 4.607297976811726148e-01 4.510351816813153447e-01 4.654626846313476007e-01
4.710361957550044387e-01 4.529431263605757096e-01 4.675757090250652337e-01 4.601047833760577022e-01 4.596912463506062640e-01 4.816778500874836499e-01 4.824671347935995391e-01 4.675774574279786822e-01 4.610713720321656384e-01 4.791222413380941680e-01 4.738606611887611342e-01 4.661582708358764648e-01 4.846210479736323684e-01 4.577263991038006963e-01 4.590272108713784882e-01 4.663199186325073797e-01
4.663553635279334975e-01 4.526627063751217372e-01 4.551275571187333724e-01 4.729497830073038922e-01 4.563911358515422845e-01 4.730575879414877227e-01 4.793246189753213593e-01 4.671617348988850726e-01 4.623736143112187058e-01 4.843746821085612719e-01 4.745761950810751251e-01 4.642448425292972636e-01 4.701115290323894524e-01 4.617591698964436664e-01 4.579323927561444463e-01 4.633894364039105596e-01
4.689690272013344319e-01 4.628644386927284748e-01 4.558302958806354499e-01 4.756454626719158751e-01 4.561012188593546179e-01 4.751737912495935245e-01 4.788499275843304814e-01 4.683404763539635307e-01 4.650802612304690276e-01 4.964388211568190878e-01 4.715503851572667160e-01 4.621010224024453272e-01 4.687718947728475305e-01 4.587325652440387147e-01 4.607521692911781819e-01 4.702656269073486883e-01
4.701078335444136558e-01 4.460375706354774428e-01 4.616099596023563456e-01 4.717653195063273852e-01 4.589704275131225031e-01 4.718741178512568801e-01 4.815978209177650959e-01 4.678313334782919219e-01 4.678879578908279879e-01 4.853798151016239237e-01 4.728419383366903039e-01 4.613148768742876826e-01 4.703426361083979934e-01 4.620405038197835101e-01 4.472775061925255424e-01 4.665192763010658217e-01
4.740022818247475733e-01 4.551233053207394130e-01 4.640489021937054814e-01 4.649504820505779290e-01 4.641905228296915875e-01 4.724196195602415327e-01 4.824901421864825068e-01 4.684742689132693760e-01 4.782706499099732556e-01 4.859542051951090680e-01 4.730854829152428831e-01 4.727978308995567924e-01 4.649977286656697406e-01 4.623988866806028608e-01 4.598143895467119435e-01 4.640613396962482429e-01
4.616227944691973506e-01 4.652115901311236201e-01 4.581697384516399407e-01 4.659678936004641447e-01 4.577813545862828848e-01 4.723604122797648852e-01 4.867240587870281798e-01 4.718945026397708964e-01 4.725329478581746789e-01 4.873690605163571998e-01 4.733461141586304266e-01 4.548728068669640745e-01 4.717018206914264655e-01 4.636890490849811530e-01 4.620374043782551898e-01 4.682379563649499143e-01
