4.625509679317476586e-01 4.659898181756336188e-01 4.558590749899543160e-01 4.555164972941081469e-01
4.656560818354292808e-01 4.719801247119904675e-01 4.595420459906257027e-01 4.523064196109771173e-01
4.716451168060299959e-01 4.744312067826587098e-01 4.642911652723941685e-01 4.631361365318300005e-01
4.775982002417242245e-01 4.814128081003832271e-01 4.682635962963103693e-01 4.609054128328960998e-01
4.644545118014012930e-01 4.706302980581918427e-01 4.607798556486764063e-01 4.538519481817878121e-01
4.733464618523915979e-01 4.779848953088116637e-01 4.680099487304686945e-01 4.623685578505201121e-01
4.785562654336291133e-01 4.899090230464936413e-01 4.609772861003877398e-01 4.564205606778461433e-01
4.734534919261932373e-01 4.784025549888608619e-01 4.506456851959232401e-01 4.475668172041574744e-01
4.607911407947536397e-01 4.635691046714782160e-01 4.603919784228005518e-01 4.587027033170066326e-01
4.662688672542572577e-01 4.719707270463304738e-01 4.671138922373458402e-01 4.639256894588468239e-01
4.620145956675213994e-01 4.660634497801459109e-01 4.520532687505081637e-01 4.506004850069680878e-01
4.743899007638299192e-01 4.802855650583900959e-01 4.626288612683609469e-01 4.598723948001861572e-01
4.664720098177595475e-01 4.673143823941548480e-01 4.608379105726881364e-01 4.594977200031286624e-01
4.591287871201835125e-01 4.597600996494290437e-01 4.501732488473259020e-01 4.513606329758966251e-01
4.653645555178326787e-01 4.686664740244546601e-01 4.621085027853650273e-01 4.565258224805196496e-01
4.638070066769916511e-01 4.748087028662356657e-01 4.584812819957737595e-01 4.562706152598057785e-01
4.608586927254995635e-01 4.684911072254182018e-01 4.602225820223493358e-01 4.530216554800671758e-01
4.765423138936364378e-01 4.754634996255238111e-01 4.601375758647919256e-01 4.590363999207821011e-01
4.660111069679261919e-01 4.704560438791913768e-01 4.670658608277631907e-01 4.612425069014232659e-01
4.605408410231271454e-01 4.644163747628534122e-01 4.536935289700821938e-01 4.504992266496022912e-01
4.670318166414896277e-01 4.691155254840853606e-01 4.572642842928564821e-01 4.589762687683112685e-01
4.732217888037357212e-01 4.825602869192756605e-01 4.640649656454721717e-01 4.611362516880032625e-01
4.699801405270894739e-01 4.709785977999370599e-01 4.682293534278866853e-01 4.586143592993416895e-01
4.489661057790116372e-01 4.576385716597234365e-01 4.559230605761211974e-01 4.533191223939262993e-01
4.628895918528238562e-01 4.699168304602301394e-01 4.656518598397575426e-01 4.654818872610728686e-01
4.696605304876963483e-01 4.819423854351045922e-01 4.764865338802333761e-01 4.719734589258831048e-01
4.480154911677040608e-01 4.573220411936441687e-01 4.490663707256319914e-01 4.472017089525859856e-01
4.784506658713015836e-01 4.782423377037045564e-01 4.727385044097892064e-01 4.726144671440127842e-01
4.721671640872958098e-01 4.755156040191651501e-01 4.561639924844102523e-01 4.550473292668662517e-01
4.623566269874573864e-01 4.699098865191135843e-01 4.475425481796262983e-01 4.538534283638000488e-01
4.690967400868731318e-01 4.704559743404387873e-01 4.622984429200489020e-01 4.571852385997771662e-01
4.617480635643008147e-01 4.659694135189057507e-01 4.585983057816824249e-01 4.537272552649176394e-01
4.494982361793515846e-01 4.556027849515275063e-01 4.491874277591709208e-01 4.443899293740588563e-01
4.612978796164193263e-01 4.716337621212008946e-01 4.631080329418188479e-01 4.624214867750807145e-01
4.700893064339948801e-01 4.700223803520209853e-01 4.601475397745766749e-01 4.572009046872458904e-01
4.544390141963965957e-01 4.600845575332640491e-01 4.522276024023687557e-01 4.503471354643504565e-01
4.615576565265660514e-01 4.663634995619451717e-01 4.551229476928713158e-01 4.525824884573622642e-01
4.725532631079351065e-01 4.736577669779458155e-01 4.643895824750265411e-01 4.600782394409178577e-01
4.712129135926567125e-01 4.781476557254789039e-01 4.583436946074171958e-01 4.550529023011520291e-01
4.588250418504077333e-01 4.668534199396763840e-01 4.566465616226199065e-01 4.450726906458536969e-01
4.822129805882769404e-01 4.849923253059379991e-01 4.618085324764251709e-01 4.604133864243823426e-01
4.688022136688237418e-01 4.668226242065427467e-01 4.640734394391373141e-01 4.579912324746452379e-01
4.466560383637742104e-01 4.551571408907571503e-01 4.473273555437720095e-01 4.444612860679630351e-01
4.664237002531687604e-01 4.668501416842144591e-01 4.519736866156255917e-01 4.457269112269081623e-01
4.668014844258622786e-01 4.723664522171024949e-01 4.588074684143067516e-01 4.514789481957758310e-01
4.647633532683058122e-01 4.593757788340247505e-01 4.527612825234721972e-01 4.448080857594807203e-01
4.593291779359183202e-01 4.667831063270573289e-01 4.544725020726523845e-01 4.487919608751930189e-01
4.729401171207425758e-01 4.749107758204141327e-01 4.644434551397967903e-01 4.704647064208983265e-01
4.585586786270143267e-01 4.587850272655484840e-01 4.467063248157499000e-01 4.448277056217194714e-01
4.667387604713441607e-01 4.710747500260670240e-01 4.585003256797789417e-01 4.559676349163050979e-01
4.687396387259161745e-01 4.682609240214034019e-01 4.697034756342571282e-01 4.681587914625799374e-01
4.681956668694808865e-01 4.716705779234567353e-01 4.637482662995650595e-01 4.630773961544040751e-01
4.642173647880550313e-01 4.668366114298503344e-01 4.559574325879411361e-01 4.559824367364245790e-01
4.602524538834883439e-01 4.720574915409092576e-01 4.623357554276789072e-01 4.587035874525711154e-01
4.624089499314628093e-01 4.617144266764325877e-01 4.576933979988100920e-01 4.570140043894447279e-01
4.531360268592838358e-01 4.624666472276055540e-01 4.452696839968356968e-01 4.483444492022197747e-01
4.738099475701650354e-01 4.802380303541818329e-01 4.668536285559335974e-01 4.678315818309785046e-01
4.681295156478884056e-01 4.687019387880966836e-01 4.567686220010121478e-01 4.538721342881519849e-01
4.590807358423867335e-01 4.660256206989287220e-01 4.553873836994165591e-01 4.456958472728727583e-01
4.671700994173685895e-01 4.719733695189158862e-01 4.571733872095746776e-01 4.526474674542743104e-01
4.748125175635018458e-01 4.773210883140568406e-01 4.658635854721064895e-01 4.643825193246210459e-01
4.608531991640720804e-01 4.709778626759854037e-01 4.690283437569939262e-01 4.644413292407993388e-01
4.631884296735126472e-01 4.689662059148144713e-01 4.648373723030087556e-01 4.565847814083100475e-01
4.667512575785316420e-01 4.739122688770288638e-01 4.536831776301059604e-01 4.519088566303249288e-01
4.764529367287950734e-01 4.788132011890411932e-01 4.582275549570716811e-01 4.535224040349324359e-01
4.590389033158618903e-01 4.607168634732566326e-01 4.506137867768607030e-01 4.438747763633727472e-01
4.663967192173005261e-01 4.709479014078780668e-01 4.575130542119348886e-01 4.558488825956982793e-01
4.571617345015211442e-01 4.654345909754438182e-01 4.628552695115411564e-01 4.579934080441791511e-01
4.498064021269483903e-01 4.554070731004080663e-01 4.484948913256323055e-01 4.414571126302084259e-01
4.675632516543075656e-01 4.770027399063113127e-01 4.564387698968258023e-01 4.590636591116591392e-01
4.716461896896365635e-01 4.774334033330281390e-01 4.561579326788585687e-01 4.529916048049928978e-01
4.583500623702999599e-01 4.646589457988733463e-01 4.489818712075552276e-01 4.448431531588243892e-01
4.639082749684649287e-01 4.632080197334280669e-01 4.516557355721796951e-01 4.521336555480957586e-01
4.604707062244419724e-01 4.669106503327687951e-01 4.643614192803700025e-01 4.598250488440189243e-01
4.723600347836812707e-01 4.719798564910893113e-01 4.648516674836475349e-01 4.619639913241069262e-01
4.572029908498127515e-01 4.575867652893070292e-01 4.514990945657098576e-01 4.479105869929002615e-01
4.726137816905974787e-01 4.811705450216932078e-01 4.688184062639871863e-01 4.629899760087327620e-01
4.702272017796833570e-01 4.726696213086440390e-01 4.620175063610080235e-01 4.608499606450394137e-01
4.590478440125781434e-01 4.625815053780876762e-01 4.546074370543157217e-01 4.482160806655885454e-01
4.647743006547284672e-01 4.697661697864534136e-01 4.649054010709133267e-01 4.592138131459557182e-01
4.644775688648214440e-01 4.730965296427410705e-01 4.596298336982727606e-01 4.617864489555357776e-01
4.619383215904237505e-01 4.700544675191237198e-01 4.577019910017650073e-01 4.555872281392412959e-01
4.605156580607092653e-01 4.649154047171274451e-01 4.455580413341518331e-01 4.433917502562209623e-01
4.697588682174685393e-01 4.736023147900902397e-01 4.638511439164481054e-01 4.606824815273279361e-01
4.621801475683849914e-01 4.687034189701078102e-01 4.648314019044235135e-01 4.610350926717124431e-01
4.578212300936382317e-01 4.693528215090439493e-01 4.435329139232631057e-01 4.391337335109712914e-01
4.583657383918761097e-01 4.637584686279301316e-01 4.588104188442233555e-01 4.591697951157887037e-01
4.673724969228115755e-01 4.744459291299184533e-01 4.612144529819482974e-01 4.544927577177683142e-01
4.560564259688060784e-01 4.577205876509347626e-01 4.475655257701867673e-01 4.465197722117109635e-01
4.561300675074256850e-01 4.610696335633599485e-01 4.498603840668992659e-01 4.471096992492671895e-01
4.704718291759492632e-01 4.685742259025575396e-01 4.551975429058074396e-01 4.555070300896967850e-01
4.668368001778921417e-01 4.737945298353831158e-01 4.668009579181670587e-01 4.648171067237857335e-01
4.563367863496148868e-01 4.614336093266799277e-01 4.509905179341641701e-01 4.549147784709924869e-01
4.574730992317200262e-01 4.629803697268166651e-01 4.487603604793548029e-01 4.512188037236530280e-01
4.714774688084918952e-01 4.783653020858766314e-01 4.696030120054883739e-01 4.646213054656981867e-01
4.570206403732304246e-01 4.603729049364728154e-01 4.541337092717483981e-01 4.530281424522397127e-01
4.695201913515727465e-01 4.766581853230793531e-01 4.623055358727771735e-01 4.595768451690669942e-01
4.681105415026348138e-01 4.707348545392355255e-01 4.642018775145214105e-01 4.640628596146901264e-01
4.606899519761408213e-01 4.620333711306253699e-01 4.538294275601709171e-01 4.470255871613821319e-01
