4.805599848429358278e-01 4.548209110895792828e-01 4.596383571624754194e-01 4.772632519404096385e-01 4.622566302617390210e-01 4.525663455327352813e-01 4.556623299916587322e-01 4.713953336079918510e-01 4.577135642369588586e-01 4.503732522328693921e-01 4.511659145355225164e-01 4.533638954162600987e-01 4.681662718454998595e-01 4.471832116444905414e-01 4.431530634562176330e-01 4.743831157684324507e-01
4.792470932006842044e-01 4.659277200698855870e-01 4.694228967030843469e-01 4.903664986292521899e-01 4.670378367106124418e-01 4.504116773605344459e-01 4.563945134480797972e-01 4.717365900675453694e-01 4.570651451746622906e-01 4.410324494043984522e-01 4.388880729675295189e-01 4.545775651931762695e-01 4.822090069452919514e-01 4.578615824381513932e-01 4.497340520222978810e-01 4.660259882609049664e-01
4.886305729548132692e-01 4.593385855356852954e-01 4.698876539866131408e-01 4.902147849400833035e-01 4.787351290384926350e-01 4.598761796951294500e-01 4.637771844863889381e-01 4.738452037175495124e-01 4.641434351603191955e-01 4.581477642059325617e-01 4.498387177785238555e-01 4.638556241989132967e-01 4.751092592875159060e-01 4.597642024358111756e-01 4.626845121383664217e-01 4.761656920115154845e-01
4.949626922607425206e-01 4.685500462849935821e-01 4.718140761057534327e-01 4.893431663513184704e-01 4.834605058034261438e-01 4.634195566177364278e-01 4.743660688400266889e-01 4.901279211044310968e-01 4.648509422938030822e-01 4.517422119776408063e-01 4.426850477854410437e-01 4.593391815821333268e-01 4.893958568572999157e-01 4.670653740564982281e-01 4.612231254577641160e-01 4.803742965062461900e-01
4.809169371922810687e-01 4.569741487503055088e-01 4.700925747553508782e-01 4.830159743626911695e-01 4.693766434987385883e-01 4.505503177642820045e-01 4.563053051630651114e-01 4.731073379516600452e-01 4.675659735997517163e-01 4.412989616394045189e-01 4.420309066772460382e-01 4.569311539332071015e-01 4.826044638951615395e-01 4.516500234603881281e-01 4.453130960464480315e-01 4.711326360702512428e-01
4.936160246531168250e-01 4.745466709136961225e-01 4.703540802001955901e-01 4.977823495864870385e-01 4.755420287450153882e-01 4.496811230977373341e-01 4.615338643391921902e-01 4.822692871093755551e-01 4.662265777587886184e-01 4.663080374399820593e-01 4.479148785273230904e-01 4.585762818654378070e-01 4.772151311238607141e-01 4.622900485992434971e-01 4.645315806070965392e-01 4.784514904022212911e-01
5.052150090535486582e-01 4.706272681554162229e-01 4.862728913625085081e-01 5.049219131469724342e-01 4.772138992945357261e-01 4.611688852310177333e-01 4.809345006942746803e-01 4.875067869822179989e-01 4.718166192372640344e-01 4.519430796305338727e-01 4.506227572758993438e-01 4.610263506571449788e-01 4.669812520345047457e-01 4.531681934992467520e-01 4.492061535517369308e-01 4.648269812266034307e-01
4.892914692560832446e-01 4.674916267395022307e-01 4.777642885843910170e-01 4.911265373229973252e-01 4.752916097640989546e-01 4.617392619450889080e-01 4.675014416376750970e-01 4.772179524103800086e-01 4.496506055196128337e-01 4.446192979812622070e-01 4.333834250768022756e-01 4.426157077153526909e-01 4.580591519673662959e-01 4.502536853154501806e-01 4.506676594416298420e-01 4.636004765828450336e-01
4.747547705968218068e-01 4.570629199345907501e-01 4.615431229273479485e-01 4.809446732203169206e-01 4.619535207748411421e-01 4.493933518727622478e-01 4.447950522104897608e-01 4.669935703277586780e-01 4.589813152949013264e-01 4.539498488108314467e-01 4.515422979990643682e-01 4.616267283757524709e-01 4.704383611679079924e-01 4.581983884175617749e-01 4.575298627217614933e-01 4.641119241714476984e-01
4.797038237253822279e-01 4.564109245936074366e-01 4.703541994094848078e-01 4.850843747456867749e-01 4.779734214146932336e-01 4.509872992833455774e-01 4.554951190948489659e-01 4.769492149353025678e-01 4.722119967142741626e-01 4.568463563919069048e-01 4.525348345438637843e-01 4.677424033482872057e-01 4.813018639882403749e-01 4.580953518549596981e-01 4.614127477010089851e-01 4.740127722422282641e-01
4.776723384857181065e-01 4.552771647771197139e-01 4.615981578826903187e-01 4.803322553634651326e-01 4.711281458536783484e-01 4.439807335535686517e-01 4.535510142644245124e-01 4.687723716100056781e-01 4.522633949915570439e-01 4.416118065516153601e-01 4.392108917236326460e-01 4.488525390624999445e-01 4.663531382878621234e-01 4.479847351709999592e-01 4.558623234430951299e-01 4.584761857986445754e-01
4.817092816034955760e-01 4.606480598449707031e-01 4.718230962753299784e-01 4.893866777420043945e-01 4.880821704864501398e-01 4.671200911204027029e-01 4.753921031951902076e-01 4.845403830210359697e-01 4.592658678690594853e-01 4.535222053527831476e-01 4.412685235341390899e-01 4.693012634913128478e-01 4.792785644531252220e-01 4.584488073984781531e-01 4.580333630243941800e-01 4.708864291508992328e-01
4.749162991841634485e-01 4.682685931523641321e-01 4.625528256098429547e-01 4.844879706700644939e-01 4.670244852701823102e-01 4.556786616643267451e-01 4.472571611404416170e-01 4.749595721562701045e-01 4.575361013412472810e-01 4.469474554061891314e-01 4.420478741327925620e-01 4.574205875396726295e-01 4.738702376683556761e-01 4.649978478749587918e-01 4.613045851389573904e-01 4.772178332010904578e-01
4.728696743647256007e-01 4.510612090428673948e-01 4.524568319320680931e-01 4.792850017547605757e-01 4.630210002263381863e-01 4.495632648468020354e-01 4.467340310414630866e-01 4.605645338694256408e-01 4.555399020512903019e-01 4.309987227121991893e-01 4.344993432362875829e-01 4.562896092732747211e-01 4.691301186879473506e-01 4.450242519378662109e-01 4.456301530202232408e-01 4.690234263737993459e-01
4.783987998962404009e-01 4.549310604731239827e-01 4.559538761774697413e-01 4.830178022384639669e-01 4.744331836700441118e-01 4.536951780319212202e-01 4.553949038187664056e-01 4.802993138631190817e-01 4.578745762507125394e-01 4.501768747965491646e-01 4.447014729181922310e-01 4.614140987396244120e-01 4.829026858011881140e-01 4.574798742930097917e-01 4.511089722315466677e-01 4.688787460327146772e-01
4.786094427108761873e-01 4.542138973871868712e-01 4.685033559799192671e-01 4.873759349187215539e-01 4.715318679809569202e-01 4.508728186289472917e-01 4.612992207209269391e-01 4.820562998453774561e-01 4.667042096455892297e-01 4.547337293624875709e-01 4.534890254338582172e-01 4.602596362431845556e-01 4.624712864557902758e-01 4.500159025192262963e-01 4.450446367263794500e-01 4.662891626358028896e-01
4.754781723022460382e-01 4.531760215759276789e-01 4.574556350708006702e-01 4.781494140624998335e-01 4.640111525853475860e-01 4.507694244384767845e-01 4.634693463643393962e-01 4.748900334040326299e-01 4.652595520019531250e-01 4.584996302922566547e-01 4.399850765864057878e-01 4.570931196212771885e-01 4.708985487620034327e-01 4.462325970331826874e-01 4.480195442835486208e-01 4.669888814290361623e-01
4.839410384496055650e-01 4.634294509887694757e-01 4.679185152053836894e-01 4.912124077479038675e-01 4.877459605534866793e-01 4.710528055826820881e-01 4.591272274653118712e-01 4.835958480834962603e-01 4.679575363794963860e-01 4.510737657546997625e-01 4.466251532236733546e-01 4.601034720738730877e-01 4.718921581904091944e-01 4.496268431345624150e-01 4.587362607320146224e-01 4.706807136535647307e-01
4.860286712646480489e-01 4.546390374501543818e-01 4.619773228963213740e-01 4.847853183746337891e-01 4.720928271611532501e-01 4.512838919957478101e-01 4.575561682383217366e-01 4.775053660074869422e-01 4.688374598821009043e-01 4.518495003382370645e-01 4.453714291254678437e-01 4.681390523910521906e-01 4.824396769205729352e-01 4.651368061701455781e-01 4.585036039352413106e-01 4.729559421539304975e-01
4.784671862920124585e-01 4.542856216430667948e-01 4.634480873743691554e-01 4.792618751525874465e-01 4.621313810348507967e-01 4.472791751225789758e-01 4.485760132471721673e-01 4.663795232772827148e-01 4.472966988881432737e-01 4.393321673075357148e-01 4.336550633112583042e-01 4.472747246424353951e-01 4.731577237447103235e-01 4.549875259399415173e-01 4.532696406046550774e-01 4.677974780400591115e-01
4.751765727996825617e-01 4.649192889531452710e-01 4.578051169713338031e-01 4.811327854792277758e-01 4.750474691390991211e-01 4.529839356740315015e-01 4.625485340754191266e-01 4.749756654103596265e-01 4.570432106653847804e-01 4.433291753133136170e-01 4.549216826756793397e-01 4.579954942067463453e-01 4.726125399271650096e-01 4.560722112655641869e-01 4.524427254994715653e-01 4.705451726913452148e-01
4.889562924702960944e-01 4.596018791198730469e-01 4.695846239725752214e-01 4.939635992050172009e-01 4.806041717529296875e-01 4.637248118718464429e-01 4.704667329788204122e-01 4.962261915206914731e-01 4.586383899052937085e-01 4.526975154876713980e-01 4.382368723551430256e-01 4.680286645889282782e-01 4.806267420450848205e-01 4.642972151438393147e-01 4.619104862213137541e-01 4.763689835866292133e-01
4.898770252863564600e-01 4.670393069585170309e-01 4.669895966847733004e-01 4.835641384124755859e-01 4.756107727686562647e-01 4.473934570948280287e-01 4.582821130752562366e-01 4.750785430272422283e-01 4.655913511912027625e-01 4.485935370127357436e-01 4.315002759297688062e-01 4.566413958867389655e-01 4.859900474548339289e-01 4.727424780527751391e-01 4.637466669082643267e-01 4.825690984725958810e-01
4.643581708272300768e-01 4.482016166051227546e-01 4.591677983601882840e-01 4.723168611526489813e-01 4.488749504089358799e-01 4.344296852747600024e-01 4.433349768320714590e-01 4.557346502939858546e-01 4.560751517613726436e-01 4.393258094787599322e-01 4.388600587844846412e-01 4.452791611353557610e-01 4.795636336008706202e-01 4.487276474634805390e-01 4.576247930526732288e-01 4.715124766031900672e-01
4.866713285446165882e-01 4.544678926467898838e-01 4.672065973281857576e-01 4.844056367874145508e-01 4.674514532089233954e-01 4.429676930109656130e-01 4.581452210744221265e-01 4.699098666508991218e-01 4.658013184865316125e-01 4.581398963928218215e-01 4.473331371943156110e-01 4.763875404993695994e-01 4.796335299809772468e-01 4.590326944986978241e-01 4.613256454467773993e-01 4.768812259038288093e-01
4.919190406799318627e-01 4.575595458348595823e-01 4.786574045817060252e-01 4.889469941457115776e-01 4.756679137547814573e-01 4.534956216812132679e-01 4.746556282043456476e-01 4.855095148086546741e-01 4.765654007593792540e-01 4.712545871734618030e-01 4.541323582331341369e-01 4.747196038564049370e-01 4.962672392527264220e-01 4.618589083353681901e-01 4.710439443588256836e-01 4.879979292551679393e-01
4.600559473037719727e-01 4.394209384918212891e-01 4.538491169611614251e-01 4.642668565114336232e-01 4.588665167490641461e-01 4.337185621261596680e-01 4.487322568893433172e-01 4.624399344126385314e-01 4.577832619349158083e-01 4.491558074951170765e-01 4.423288106918337181e-01 4.525210857391359087e-01 4.568040370941156003e-01 4.325223763783772046e-01 4.455701112747192938e-01 4.483868281046550219e-01
4.998467763264977659e-01 4.739303588867185835e-01 4.727733135223389227e-01 4.947707255681357275e-01 4.812359015146891461e-01 4.587896267573040032e-01 4.641050100326533090e-01 4.813203016916910437e-01 4.746114412943521765e-01 4.541196425755821275e-01 4.547342061996460516e-01 4.707669417063394257e-01 4.881867170333866746e-01 4.740362167358400658e-01 4.790933926900227680e-01 4.858633279800418925e-01
4.846220413843793096e-01 4.683736165364583703e-01 4.635854959487910598e-01 4.926306009292599208e-01 4.769057830174761592e-01 4.587672154108682898e-01 4.596205552419030393e-01 4.862257639567056366e-01 4.535262584686281517e-01 4.473656018575035143e-01 4.463236729303993733e-01 4.549834728240964576e-01 4.678787390391031531e-01 4.558853705724075223e-01 4.538691043853760321e-01 4.650130669275920337e-01
4.823541641235349897e-01 4.572344621022542133e-01 4.632893006006879588e-01 4.811926285425822680e-01 4.662498633066812226e-01 4.435880184173583429e-01 4.580291906992599582e-01 4.771284262339275939e-01 4.573414325714109663e-01 4.362712701161707285e-01 4.506374200185138124e-01 4.531827370325724469e-01 4.535091320673625415e-01 4.430483579635624003e-01 4.469488461812342051e-01 4.646447102228802861e-01
4.800965785980228495e-01 4.618989626566565310e-01 4.613692363103228389e-01 4.806213776270547022e-01 4.785472949345905835e-01 4.558441241582231740e-01 4.564139048258465947e-01 4.834193785985310132e-01 4.696644544601437099e-01 4.506117502848305811e-01 4.428224960962932055e-01 4.644035895665489799e-01 4.717789491017663761e-01 4.571386178334554962e-01 4.586519400278724623e-01 4.628629287083941279e-01
4.861466089884438624e-01 4.558584292729698229e-01 4.592040777206420343e-01 4.772290388743090084e-01 4.613156318664555222e-01 4.436715841293337736e-01 4.524930715560914196e-01 4.749514659245811510e-01 4.587380091349286815e-01 4.433064858118692109e-01 4.383848508199058025e-01 4.518833160400388405e-01 4.789400895436602412e-01 4.534086386362713994e-01 4.529382785161336633e-01 4.717025756835935835e-01
4.683540264765416183e-01 4.440478881200153327e-01 4.498383601506548701e-01 4.736925363540648304e-01 4.537214438120525384e-01 4.318695863087978482e-01 4.378066460291548667e-01 4.610735972722373455e-01 4.441919326782227673e-01 4.416817029317219312e-01 4.292687575022381963e-01 4.493608077367148290e-01 4.640837510426837342e-01 4.467923243840533076e-01 4.383716583251951460e-01 4.605584939320885862e-01
4.750670591990155955e-01 4.505207141240433200e-01 4.645694891611736321e-01 4.869939088821412798e-01 4.682939052581783779e-01 4.513098398844403447e-01 4.581071933110554828e-01 4.768644571304322399e-01 4.690425395965575062e-01 4.550219376881916022e-01 4.518729050954181647e-01 4.712275664011634779e-01 4.724721113840730791e-01 4.558955430984496515e-01 4.488450686136884471e-01 4.777404069900511585e-01
4.831579526265462055e-01 4.664952357610068767e-01 4.658159017562866766e-01 4.806862672169999740e-01 4.741978247960412229e-01 4.565062125523883241e-01 4.634361664454140772e-01 4.701511859893799938e-01 4.597513675689700041e-01 4.511797825495397762e-01 4.385312000910441821e-01 4.607825676600141862e-01 4.729398488998415306e-01 4.567191600799557771e-01 4.570092360178626967e-01 4.724806149800622745e-01
4.684992631276451713e-01 4.449140230814617181e-01 4.585479497909545343e-01 4.770241578420004180e-01 4.587971369425452584e-01 4.455456336339317369e-01 4.432932535807287411e-01 4.614728689193730027e-01 4.479762315750123736e-01 4.342369635899862024e-01 4.277983903884886030e-01 4.482952753702802440e-01 4.633645216623944463e-01 4.633326927820839991e-01 4.502801895141605448e-01 4.750146865844729338e-01
4.854288498560587750e-01 4.536596536636356425e-01 4.572910865147906678e-01 4.774237076441444905e-01 4.666113456090293932e-01 4.405307769775391180e-01 4.559340079625446296e-01 4.748051961263022314e-01 4.541918039321905520e-01 4.430073897043860232e-01 4.348172346750898698e-01 4.548954566319779458e-01 4.727318684260046755e-01 4.505607287089028468e-01 4.479379256566363154e-01 4.726793368657430938e-01
4.871403773625690437e-01 4.624350070953367475e-01 4.726791381835939720e-01 4.827593564987179287e-01 4.773574670155841249e-01 4.632802009582522862e-01 4.631511370340981593e-01 4.760414361953730911e-01 4.677007198333739124e-01 4.593202273050940310e-01 4.514729181925452028e-01 4.667538801829021478e-01 4.817816813786827135e-01 4.487557013829546748e-01 4.596583843231203392e-01 4.624277750651043517e-01
4.838562806447347930e-01 4.629363218943275959e-01 4.665576219558717486e-01 4.914374748865763531e-01 4.813770850499469733e-01 4.566819667816159889e-01 4.658160607020055965e-01 4.887794653574623061e-01 4.653699795405072392e-01 4.443542162577312493e-01 4.368107318878170497e-01 4.592856566111245820e-01 4.728433291117352666e-01 4.508072535196943620e-01 4.527399142583210523e-01 4.713753064473473198e-01
4.714054663976033899e-01 4.533179998397822708e-01 4.621262550354001686e-01 4.836449623107908491e-01 4.640953143437700490e-01 4.464813868204748903e-01 4.524977207183843997e-01 4.691447416941323945e-01 4.602430661519366084e-01 4.436263640721639923e-01 4.284145434697468890e-01 4.504181146621700771e-01 4.688781897226971251e-01 4.538386265436807343e-01 4.461724758148190029e-01 4.552856286366782634e-01
4.991403420766198917e-01 4.752527475357051778e-01 4.840606451034550894e-01 4.983950058619186496e-01 4.865743319193524541e-01 4.678845008214315149e-01 4.748342434565226977e-01 4.826794068018600004e-01 4.582736094792680959e-01 4.526227315266929119e-01 4.424331982930499452e-01 4.642872015635174932e-01 4.810512065887456723e-01 4.552865823109940591e-01 4.604283571243281692e-01 4.745047887166341516e-01
4.925292730331418678e-01 4.621736208597817530e-01 4.646340211232505846e-01 4.795920054117834286e-01 4.729482730229693233e-01 4.475576877593991365e-01 4.562238057454426343e-01 4.668406645456951720e-01 4.670077164967854078e-01 4.540646473566692931e-01 4.436189730962116773e-01 4.651211102803546327e-01 4.774705568949377810e-01 4.577508370081586619e-01 4.571900367736816961e-01 4.660348097483317242e-01
4.621907472610476408e-01 4.295030832290646639e-01 4.485385815302531665e-01 4.642805258433023163e-01 4.577072858810428690e-01 4.372230370839441105e-01 4.418746232986452416e-01 4.659348328908288206e-01 4.428042968114211386e-01 4.354949792226159855e-01 4.263985554377234810e-01 4.440070788065593743e-01 4.621940851211547852e-01 4.488160610198973499e-01 4.489530722300209553e-01 4.584864377975458871e-01
4.803038835525512695e-01 4.672418832778929554e-01 4.618504842122397869e-01 4.849418401718134652e-01 4.714979330698645943e-01 4.466511011123661667e-01 4.495343367258708978e-01 4.710739056269324099e-01 4.491091966629026100e-01 4.384969870249432744e-01 4.278181791305543658e-01 4.537209272384639669e-01 4.726529916127521491e-01 4.476355711619063871e-01 4.462263981501262688e-01 4.551421403884888806e-01
4.873456954956056908e-01 4.653220971425374164e-01 4.618300199508665882e-01 4.911131064097083998e-01 4.635967810948688483e-01 4.509413639704382692e-01 4.598840077718096553e-01 4.766386747360230047e-01 4.632136424382531370e-01 4.592486222585042688e-01 4.448608160018920898e-01 4.588636159896847255e-01 4.690037965774536133e-01 4.437638123830157100e-01 4.372142155965170751e-01 4.649771451950072132e-01
4.765252272288001412e-01 4.591093460718785324e-01 4.465451240539550781e-01 4.736536343892413514e-01 4.690080483754473506e-01 4.544107913970945600e-01 4.470097621281943767e-01 4.702945947647096947e-01 4.458393255869546601e-01 4.380087852478028454e-01 4.295566876729332018e-01 4.473114013671870004e-01 4.674350420633949788e-01 4.597619771957399681e-01 4.394365151723224616e-01 4.629277388254799397e-01
4.774059454600013686e-01 4.561642805735271478e-01 4.649609327316282514e-01 4.830269416173301189e-01 4.675938685735062106e-01 4.361526171366373883e-01 4.497668743133547697e-01 4.693776766459149541e-01 4.667849143346144980e-01 4.448017279307046601e-01 4.414931138356529838e-01 4.597031672795613422e-01 4.601620833079021478e-01 4.461412827173869000e-01 4.394107262293500682e-01 4.545608361562090693e-01
4.896715482076006154e-01 4.699196418126424524e-01 4.691090583801269531e-01 4.946677287419636304e-01 4.757206837336223071e-01 4.564485947291056500e-01 4.655497074127193935e-01 4.703166087468464984e-01 4.613725741704305383e-01 4.631824890772497927e-01 4.556030432383219586e-01 4.682275851567586633e-01 4.707943995793660852e-01 4.624243577321371923e-01 4.684345722198486883e-01 4.895936250686644398e-01
4.769296248753865930e-01 4.480712016423541444e-01 4.463536739349368010e-01 4.745133717854816968e-01 4.644363323847450764e-01 4.447975556055701607e-01 4.465525547663372619e-01 4.677205085754395086e-01 4.499980211257935125e-01 4.389365514119468181e-01 4.317177136739092091e-01 4.471018711725873729e-01 4.530839522679650511e-01 4.448067744572954951e-01 4.414790868759155273e-01 4.590121507644653320e-01
4.905882676442461232e-01 4.633660713831587730e-01 4.680935144424441807e-01 4.874154329299926203e-01 4.676832358042400384e-01 4.453174670537313196e-01 4.612158934275307764e-01 4.675741593043014621e-01 4.621333281199140885e-01 4.486848910649621214e-01 4.446993668874101857e-01 4.539790948232013679e-01 4.735207160313921748e-01 4.496623675028484923e-01 4.584139585494992897e-01 4.667781194051106586e-01
4.832780361175540440e-01 4.633400837580365361e-01 4.596912066141765063e-01 4.846070607503252248e-01 4.778577089309695713e-01 4.504827260971069891e-01 4.516032139460245398e-01 4.771422147750849496e-01 4.643711646397908344e-01 4.557677507400514361e-01 4.451192617416382391e-01 4.700399637222285043e-01 4.883773326873776521e-01 4.702976544698078687e-01 4.702111482620238703e-01 4.872647921244304126e-01
4.808012247085570734e-01 4.582747220993042547e-01 4.655101696650188470e-01 4.906026522318523986e-01 4.766782919565836218e-01 4.570284287134804835e-01 4.581840435663861455e-01 4.723854462305700497e-01 4.692219893137614672e-01 4.503980477650957881e-01 4.506361087163287538e-01 4.720984299977619703e-01 4.802962541580202416e-01 4.550767739613848506e-01 4.568619728088377796e-01 4.727130730946859094e-01
4.789448976516728629e-01 4.591952562332153320e-01 4.630059401194260849e-01 4.894063075383504047e-01 4.626219272613526501e-01 4.561073780059811122e-01 4.505087534586589282e-01 4.644254446029666972e-01 4.650863409042357288e-01 4.450166622797651073e-01 4.407720168431601415e-01 4.603105783462523304e-01 4.642787377039592767e-01 4.494479894638058748e-01 4.563393990198770789e-01 4.665077527364100418e-01
4.786876440048220549e-01 4.545502662658694182e-01 4.696449041366578259e-01 4.929549694061278187e-01 4.630207220713295491e-01 4.447511831919351843e-01 4.551033576329553965e-01 4.705267349878949346e-01 4.628659486770627107e-01 4.519652128219602272e-01 4.496162732442223753e-01 4.621969461441038374e-01 4.785823027292889775e-01 4.559295574824013264e-01 4.581071535746257251e-01 4.648939768473309142e-01
4.733560085296625863e-01 4.532254934310909755e-01 4.490720033645629328e-01 4.724262952804563764e-01 4.743455251057944189e-01 4.487087726593019799e-01 4.553056955337528300e-01 4.700537125269574901e-01 4.565843741099038233e-01 4.485732316970826861e-01 4.517029921213785437e-01 4.559177954991656678e-01 4.691088199615475740e-01 4.565071662267049524e-01 4.468057552973428992e-01 4.736294746398922451e-01
4.617767333984374445e-01 4.462040662765502930e-01 4.518358310063678718e-01 4.747153123219804427e-01 4.631655216217036575e-01 4.413977861404421721e-01 4.576627016067505993e-01 4.656527439753217479e-01 4.575000603993731874e-01 4.401996930440264522e-01 4.435431957244871937e-01 4.524858395258588573e-01 4.502623478571573523e-01 4.331166346867885153e-01 4.386059443155926330e-01 4.587428172429401374e-01
4.904386202494304681e-01 4.695843855539958422e-01 4.784799019495650230e-01 4.904609123865766307e-01 4.727634986241657788e-01 4.624532858530682189e-01 4.687559207280477258e-01 4.832553863525390625e-01 4.701740344365433755e-01 4.539671341578168096e-01 4.603116512298582874e-01 4.669528404871623462e-01 4.779713948567707038e-01 4.653019507726032233e-01 4.644128481547036835e-01 4.796489874521889241e-01
4.819342692693077690e-01 4.635131756464640485e-01 4.663297732671101148e-01 4.790884256362917260e-01 4.672646919886270789e-01 4.598059256871536160e-01 4.563810030619305236e-01 4.730085531870525939e-01 4.571591615676877662e-01 4.391740957895914899e-01 4.383976062138874585e-01 4.643034934997560259e-01 4.749694267908733947e-01 4.557718038558956075e-01 4.481401443481443092e-01 4.646472930908198129e-01
4.790484110514321991e-01 4.522686004638672430e-01 4.576117992401123047e-01 4.781811237335199527e-01 4.613676468531291430e-01 4.436382850011191814e-01 4.574113289515179259e-01 4.708982308705643161e-01 4.636584122975671574e-01 4.423172473907469038e-01 4.310979048411051617e-01 4.483300844828285170e-01 4.658881425857545611e-01 4.496857325236001679e-01 4.478961626688636732e-01 4.554592370986940697e-01
4.815511703491209827e-01 4.604856173197424685e-01 4.697743256886803276e-01 4.877179463704425788e-01 4.732414484024043411e-01 4.534021615982057885e-01 4.568748076756797283e-01 4.735263983408617428e-01 4.528403679529823256e-01 4.500756661097207734e-01 4.416665633519490375e-01 4.559095303217570727e-01 4.630186557769778166e-01 4.627588589986166290e-01 4.495773315429683059e-01 4.634364446004228255e-01
4.895697832107547276e-01 4.711793263753257799e-01 4.680473407109577710e-01 4.936824242273965546e-01 4.789870977401735619e-01 4.595138629277546460e-01 4.628482262293497906e-01 4.847063620885211366e-01 4.680261214574179540e-01 4.559643665949502656e-01 4.440910418828328265e-01 4.670128822326656826e-01 4.838219483693441680e-01 4.556419054667152357e-01 4.654681682586670477e-01 4.809579849243161842e-01
4.716504812240598921e-01 4.480251073837277498e-01 4.682111740112304132e-01 4.797180493672690282e-01 4.735548496246335115e-01 4.501823584238688891e-01 4.597334464391071296e-01 4.762487808863319905e-01 4.636348088582360472e-01 4.606082042058312065e-01 4.428481260935467345e-01 4.714919328689572420e-01 4.832373857498168945e-01 4.686329762140911126e-01 4.607516527175904431e-01 4.826736052831010482e-01
4.659208854039511571e-01 4.520807266235351562e-01 4.577735662460327148e-01 4.800121386845909166e-01 4.691399335861207720e-01 4.656121730804445580e-01 4.626559813817343603e-01 4.754231373469033350e-01 4.674506584803262976e-01 4.555213451385499712e-01 4.489943583806353389e-01 4.644867181777955212e-01 4.793909390767413514e-01 4.569865465164185681e-01 4.475719928741452303e-01 4.652860562006632672e-01
4.757838249206543524e-01 4.607055187225341797e-01 4.699589808781944877e-01 4.875630140304564875e-01 4.705609083175660290e-01 4.599547783533728951e-01 4.578798611958818099e-01 4.802472194035846687e-01 4.544766743977862733e-01 4.379909833272297992e-01 4.396706024805705493e-01 4.569779634475706898e-01 4.718405008316042815e-01 4.504245519638063189e-01 4.492011467615765197e-01 4.617857138315838994e-01
4.882181882858275812e-01 4.738221565882364539e-01 4.753033320109053550e-01 4.915816783905029297e-01 4.812227487564086359e-01 4.625486532847088439e-01 4.643791913986203279e-01 4.839886029561361602e-01 4.497022628784182463e-01 4.402147531509403300e-01 4.371759494145712743e-01 4.498926003774004756e-01 4.828444719314578526e-01 4.601487318674724047e-01 4.575256109237669233e-01 4.694954554239906264e-01
4.722609122594195741e-01 4.506698052088422557e-01 4.541562795639038086e-01 4.727774461110431647e-01 4.682068030039471807e-01 4.450180927912395501e-01 4.466871817906696296e-01 4.692465464274087616e-01 4.510213136672976408e-01 4.424936771392818380e-01 4.347591002782183467e-01 4.480381409327197639e-01 4.628244241078696142e-01 4.461157321929930530e-01 4.402983585993451299e-01 4.524035056432090252e-01
4.799704949061070480e-01 4.638264973958332593e-01 4.703318675359092205e-01 4.853688081105549945e-01 4.661190509796146464e-01 4.556708335876470950e-01 4.538511832555135461e-01 4.742397467295327851e-01 4.622762600580851977e-01 4.518759648005166163e-01 4.435337384541828687e-01 4.663447539011639220e-01 4.673379262288410718e-01 4.485620657602945038e-01 4.536443948745729760e-01 4.598726431528727954e-01
4.778360128402707185e-01 4.522848129272464823e-01 4.605482419331870525e-01 4.886313279469809978e-01 4.550354480743410979e-01 4.434906641642252234e-01 4.464681943257650665e-01 4.660905996958417119e-01 4.709323644638060413e-01 4.500453472137451172e-01 4.427007039388019538e-01 4.600276947021488261e-01 4.708568652470901950e-01 4.595865011215209406e-01 4.570027987162272320e-01 4.722424348195397581e-01
4.648093382517495820e-01 4.467393159866330232e-01 4.534205595652263110e-01 4.750525554021199359e-01 4.490875800450641053e-01 4.385893742243450188e-01 4.374077320098878063e-01 4.557474454243977124e-01 4.529247283935542434e-01 4.436411460240682336e-01 4.334056774775185694e-01 4.496844212214156089e-01 4.558401107788086493e-01 4.415735801060991506e-01 4.324730634689333830e-01 4.502652883529661976e-01
4.839382966359457305e-01 4.578246275583902070e-01 4.773725668589273718e-01 4.915744463602700898e-01 4.709316889444984944e-01 4.575583934783937767e-01 4.607361952463784327e-01 4.783277511596681353e-01 4.535043239593505304e-01 4.484766721725463312e-01 4.471933444341026354e-01 4.612294832865397320e-01 4.666959047317506548e-01 4.570781787236530280e-01 4.577484528223674243e-01 4.700833559036253773e-01
4.805136124293008515e-01 4.619900782903034742e-01 4.762461185455320600e-01 4.903041919072468335e-01 4.820868174235027892e-01 4.619942506154378625e-01 4.655836025873821282e-01 4.775997002919518675e-01 4.502476056416826466e-01 4.413620233535766602e-01 4.286265373229981024e-01 4.552796284357705225e-01 4.784536759058629629e-01 4.545684258143107281e-01 4.604204495747883930e-01 4.676398038864132412e-01
4.752912521362301357e-01 4.476060867309568092e-01 4.594679276148473934e-01 4.766422907511397300e-01 4.668507575988766201e-01 4.436521530151370518e-01 4.479848543802897320e-01 4.745407104492188055e-01 4.430071910222369014e-01 4.437187512715656812e-01 4.263428846995039323e-01 4.435008764266963888e-01 4.601810375849404999e-01 4.490205049514770508e-01 4.499059915542600874e-01 4.596228599548341509e-01
4.752003351847330359e-01 4.558947483698526648e-01 4.564534425735474743e-01 4.749296903610227827e-01 4.759100278218586499e-01 4.486279884974159748e-01 4.542920986811322948e-01 4.671568473180132131e-01 4.553420543670654852e-01 4.481491247812909862e-01 4.335113366444903749e-01 4.577397902806598085e-01 4.544302622477214837e-01 4.487015008926393267e-01 4.474566777547199781e-01 4.698268175125123181e-01
4.779539505640661989e-01 4.529529015223187072e-01 4.579255183537798146e-01 4.872687260309856438e-01 4.619235992431638960e-01 4.490523735682166451e-01 4.547864993413286427e-01 4.676618576049806353e-01 4.632500410079957720e-01 4.504868586858116197e-01 4.450258413950601288e-01 4.660439888636267458e-01 4.736538728078204530e-01 4.700549046198528313e-01 4.588294029235840399e-01 4.694009621938070032e-01
4.934508403142294775e-01 4.587228695551553992e-01 4.664951960245761753e-01 4.932208855946858539e-01 4.730467001597081778e-01 4.642197291056318065e-01 4.552550713221232281e-01 4.729482730229697673e-01 4.677263895670571436e-01 4.490160147349041564e-01 4.439624547958375134e-01 4.652641216913858679e-01 4.809253613154091389e-01 4.617389043172197005e-01 4.608817895253498609e-01 4.777475992838542407e-01
4.735160271326698256e-01 4.532006581624350994e-01 4.482017358144124719e-01 4.725991884867352666e-01 4.582074880599975031e-01 4.438877900441486335e-01 4.411068360010781397e-01 4.684393008550010729e-01 4.616907437642416290e-01 4.403397639592484536e-01 4.303564627965291711e-01 4.494630495707193085e-01 4.619157711664838017e-01 4.420500993728638250e-01 4.505908489227298808e-01 4.612319866816206315e-01
4.895375967025760167e-01 4.651742776234946142e-01 4.623738527297975853e-01 4.957906802495319898e-01 4.751114447911581884e-01 4.606318076451621502e-01 4.773849248886108954e-01 4.891327222188318058e-01 4.742479324340822533e-01 4.548370838165285979e-01 4.484087626139323657e-01 4.639342228571572413e-01 4.840635458628338994e-01 4.621250629425045497e-01 4.631221294403074507e-01 4.764947891235351007e-01
4.814419349034627649e-01 4.630564053853348239e-01 4.713774124781294761e-01 4.804743131001788514e-01 4.743123054504395641e-01 4.620981613794959975e-01 4.644798437754313336e-01 4.743469158808389929e-01 4.532054265340170751e-01 4.537274837493893709e-01 4.471301635106403327e-01 4.586538076400755726e-01 4.850738843282061952e-01 4.560632308324175099e-01 4.562755028406779712e-01 4.813403685887656103e-01
4.704969326655065176e-01 4.504497051239019778e-01 4.538330634435019939e-01 4.749451478322347375e-01 4.663847684860228937e-01 4.488599697748816286e-01 4.565423329671224328e-01 4.650054772694907634e-01 4.511992931365967352e-01 4.406697750091556065e-01 4.338744878768920898e-01 4.462674061457315156e-01 4.730630715688070032e-01 4.534976085027054293e-01 4.504302740097044788e-01 4.622921546300254869e-01
4.797807534535725171e-01 4.588050842285155695e-01 4.638784726460773999e-01 4.862639109293618311e-01 4.709219932556154564e-01 4.495893716812131569e-01 4.545388619105017458e-01 4.743834336598714563e-01 4.657677014668780147e-01 4.490993420282997084e-01 4.453599055608115087e-01 4.603451093037925212e-01 4.831469853719075336e-01 4.616075754165652190e-01 4.554314215977987579e-01 4.757188161214189748e-01
4.724517663319908189e-01 4.548691511154172584e-01 4.587248961130778180e-01 4.917343060175575764e-01 4.713611205418903882e-01 4.592282374699906411e-01 4.632552067438762133e-01 4.786717096964523965e-01 4.600961208343511410e-01 4.515508015950516763e-01 4.513035615285235225e-01 4.736500581105549945e-01 4.691815773646036414e-01 4.576908349990845282e-01 4.605076313018801049e-01 4.616845448811852659e-01
4.819852511088049685e-01 4.565448363622033323e-01 4.617844422658280434e-01 4.917014837265011873e-01 4.678980906804400819e-01 4.413251082102458978e-01 4.528429508209228516e-01 4.738889932632444069e-01 4.558374484380084968e-01 4.513964653015134498e-01 4.416626691818236750e-01 4.632226626078286280e-01 4.645632505416874003e-01 4.590107997258503492e-01 4.466017882029215125e-01 4.708617925643919788e-01
4.718192021052043938e-01 4.554673035939533765e-01 4.613862037658690296e-01 4.774367014567051926e-01 4.675297339757287785e-01 4.472463925679528440e-01 4.552131493886308888e-01 4.656255642573043363e-01 4.477841854095453988e-01 4.348189830780029297e-01 4.267611900965373462e-01 4.470665852228800641e-01 4.538511037826538086e-01 4.457778930664060835e-01 4.459187189737954249e-01 4.538205067316694596e-01
4.903061389923094038e-01 4.629926284154254335e-01 4.651555617650345864e-01 4.890169699986777196e-01 4.721421003341674805e-01 4.535946051279698965e-01 4.610388676325473667e-01 4.791978597640993431e-01 4.647729794184369823e-01 4.539225896199545751e-01 4.386773904164632532e-01 4.652338027954104338e-01 4.761568705240882826e-01 4.605521361033120820e-01 4.575969775517781946e-01 4.812217553456626384e-01
4.682847261428832453e-01 4.542433420817060807e-01 4.591754674911496803e-01 4.777864615122473513e-01 4.708991050720215954e-01 4.552934169769285999e-01 4.654043912887573797e-01 4.724473555882767184e-01 4.601989587148028193e-01 4.523526032765709526e-01 4.451103210449222081e-01 4.606686433156331195e-01 4.831418196360268147e-01 4.636322259902950771e-01 4.577080408732097649e-01 4.806533654530845134e-01
4.792360067367555376e-01 4.466763734817501552e-01 4.637026389439901086e-01 4.864480495452878084e-01 4.614211320877074640e-01 4.439514080683391040e-01 4.602741797765094178e-01 4.669864177703861308e-01 4.444495836893717078e-01 4.344164530436197547e-01 4.290287097295124585e-01 4.350379705429077148e-01 4.588892062505088298e-01 4.363764127095542400e-01 4.393762747446695038e-01 4.530919790267946001e-01
4.759186506271359529e-01 4.513163169225057336e-01 4.636121193567914744e-01 4.808020194371540601e-01 4.630609750747683995e-01 4.431670109430946858e-01 4.460308551788328413e-01 4.645888805389404852e-01 4.609371821085612164e-01 4.467617273330691252e-01 4.404484033584595837e-01 4.595095713933306514e-01 4.727728366851806641e-01 4.547699292500814172e-01 4.669609069824224301e-01 4.697602987289425935e-01
4.805646340052286414e-01 4.686121145884196704e-01 4.819426933924357837e-01 4.938141902287800922e-01 4.692744811375935132e-01 4.510387579600018126e-01 4.519488016764320881e-01 4.700780312220254609e-01 4.559985399246214155e-01 4.525837103525797156e-01 4.426028331120809289e-01 4.588741064071654163e-01 4.721655050913492468e-01 4.641100565592451987e-01 4.514094193776452268e-01 4.650846719741821844e-01
4.699508349100746107e-01 4.478803475697836767e-01 4.547008673350018126e-01 4.696498314539587215e-01 4.597809314727784313e-01 4.466135899225871508e-01 4.481307268142698530e-01 4.584009250005087188e-01 4.476245641708374579e-01 4.347730477650960657e-01 4.275420109430948523e-01 4.435233275095620264e-01 4.638542334238686116e-01 4.440102577209475432e-01 4.541147549947099904e-01 4.608989953994755417e-01
4.676343997319536983e-01 4.419071276982623475e-01 4.540011485417683179e-01 4.752433697382610345e-01 4.645260175069171327e-01 4.504527250925695614e-01 4.488383134206139768e-01 4.661957025527957432e-01 4.616786638895669648e-01 4.428590933481852399e-01 4.356961647669480575e-01 4.602907498677569209e-01 4.571883678436281517e-01 4.377154111862182617e-01 4.352691570917764374e-01 4.571827252705893962e-01
4.893246889114376552e-01 4.601153532663984080e-01 4.715783198674513010e-01 4.804484049479169072e-01 4.753470818201699366e-01 4.571001927057898317e-01 4.546450376510620117e-01 4.676251411437986616e-01 4.540187915166220556e-01 4.470302263895665762e-01 4.338846206665036842e-01 4.599798520406088165e-01 4.709919293721518962e-01 4.487492243448889528e-01 4.519682725270590673e-01 4.761953751246134070e-01
4.847567081451420457e-01 4.569044907887770401e-01 4.606537818908694737e-01 4.931731621424358947e-01 4.720464150110876278e-01 4.536395867665605763e-01 4.649590651194248636e-01 4.763921101888021203e-01 4.614440997441612846e-01 4.632054169972733004e-01 4.493177731831862753e-01 4.639409383138020093e-01 4.814397096633904471e-01 4.611146052678425367e-01 4.632904926935831336e-01 4.827192227045692952e-01
4.588962395985924370e-01 4.570728540420531116e-01 4.550854762395225017e-01 4.801764885584511311e-01 4.618467092514036976e-01 4.475313425064086359e-01 4.451012214024864244e-01 4.653712511062623181e-01 4.539913733800255424e-01 4.418544371922810132e-01 4.390695492426556212e-01 4.676200548807778468e-01 4.632728894551599863e-01 4.448433717091875850e-01 4.482940435409547009e-01 4.646754662195843877e-01
4.706597725550337730e-01 4.501879612604776648e-01 4.546029170354209392e-01 4.782495896021524695e-01 4.611976146697999157e-01 4.478470484415689734e-01 4.544178644816084800e-01 4.646511077880862706e-01 4.462115367253618459e-01 4.468703269958496094e-01 4.459685087203980047e-01 4.521379868189495110e-01 4.602303504943844326e-01 4.417292277018229352e-01 4.458946386973064446e-01 4.608740806579591509e-01
4.881241321563723479e-01 4.668869972229002796e-01 4.690485000610353783e-01 4.861443837483727104e-01 4.748893578847248609e-01 4.560093879699704256e-01 4.771492481231690008e-01 4.811190764109297135e-01 4.764147599538168243e-01 4.633355538050334954e-01 4.544893105824792112e-01 4.713508288065592078e-01 4.750216007232663240e-01 4.636401335398351309e-01 4.590464433034265324e-01 4.735986391703290721e-01
4.749402205149328426e-01 4.515077670415243993e-01 4.571963548660278320e-01 4.711143573125199935e-01 4.590226809183758916e-01 4.426118930180865108e-01 4.495880206425986736e-01 4.635928869247434303e-01 4.616476297378541149e-01 4.416867494583127662e-01 4.521322250366214823e-01 4.534740050633749298e-01 4.614194234212240509e-01 4.517810344696049363e-01 4.473958412806196550e-01 4.591104984283450041e-01
4.909135103225704122e-01 4.644205967585244288e-01 4.675294558207196971e-01 4.953349828720091663e-01 4.686332941055297852e-01 4.541133642196653053e-01 4.618887106577555524e-01 4.818795919418336626e-01 4.599347511927286414e-01 4.544165929158526240e-01 4.430406093597417105e-01 4.689426422119138405e-01 4.781150023142495264e-01 4.567557970682780133e-01 4.519444306691485780e-01 4.743796984354655133e-01
4.770255088806145682e-01 4.665008783340456322e-01 4.607861439387007652e-01 4.751552740732832847e-01 4.707776705423994956e-01 4.581381082534791704e-01 4.662859837214152758e-01 4.807120164235439419e-01 4.617569049199422571e-01 4.594890673955280280e-01 4.475173552831016033e-01 4.704673687616985345e-01 4.809051752090452991e-01 4.546563625335696690e-01 4.612609545389815269e-01 4.770057598749798400e-01
4.662600755691527765e-01 4.482781489690146337e-01 4.543814659118657340e-01 4.758054415384926905e-01 4.736773967742923253e-01 4.545441865921018287e-01 4.519992272059124572e-01 4.659473498662312085e-01 4.549464782079059577e-01 4.408264160156254441e-01 4.346581697463992033e-01 4.535311063130700870e-01 4.645485083262125281e-01 4.549963076909382398e-01 4.496235052744544380e-01 4.502895673116048547e-01
