4.679225981235504706e-01 4.712050557136528983e-01 4.687115649382270766e-01 4.673508902390802189e-01
4.562263786792753462e-01 4.640409251054130602e-01 4.677571554978692259e-01 4.656746089458464466e-01
4.644915461540217172e-01 4.644116957982381000e-01 4.734582304954527143e-01 4.781672855218255247e-01
4.565188586711884100e-01 4.601452251275379712e-01 4.527776042620344499e-01 4.505957961082457941e-01
4.585044880708063486e-01 4.693522155284882147e-01 4.623633523782097465e-01 4.630409975846606074e-01
4.608616729577381665e-01 4.734612802664440179e-01 4.677492380142214135e-01 4.670414129892986876e-01
4.562626878420504295e-01 4.623309373855590265e-01 4.612677097320550534e-01 4.551992019017536140e-01
4.568388859430950744e-01 4.651939868927002508e-01 4.626928965250644565e-01 4.600275655587512946e-01
4.634367922941848295e-01 4.718221426010127950e-01 4.717913170655571031e-01 4.730344116687777989e-01
4.486238261063897892e-01 4.547953704992931390e-01 4.582608143488561270e-01 4.575570424397782388e-01
4.568343361218771825e-01 4.635113974412281013e-01 4.732956091562908751e-01 4.729535480340322784e-01
4.609597623348231643e-01 4.677121937274931196e-01 4.653902947902678888e-01 4.633045097192133310e-01
4.598842561244963489e-01 4.644527037938435132e-01 4.621505836645767307e-01 4.572659929593401729e-01
4.638953208923335958e-01 4.654411077499393534e-01 4.676702717940011134e-01 4.639867842197418213e-01
4.610299170017236325e-01 4.656046430269876746e-01 4.704381128152216318e-01 4.706786076227820192e-01
4.521365662415823827e-01 4.637110730012256599e-01 4.576837519804634602e-01 4.599366386731470469e-01
4.593463440736131886e-01 4.650133152802783942e-01 4.609059294064842827e-01 4.658601780732468667e-01
4.664524793624876264e-01 4.705582857131956898e-01 4.655971229076386053e-01 4.597757657368974904e-01
4.551485677560170306e-01 4.595182836055753950e-01 4.533452292283374208e-01 4.539176921049755675e-01
4.558596312999720901e-01 4.655033648014071379e-01 4.643310010433191470e-01 4.645581742127735669e-01
4.628353416919709362e-01 4.622483352820078717e-01 4.642124374707537471e-01 4.624709586302436781e-01
4.505731860796611254e-01 4.537136753400163869e-01 4.585438470045715698e-01 4.553863803545632472e-01
4.631153245766953530e-01 4.678187370300294634e-01 4.697151978810616968e-01 4.667874077955876388e-01
4.584412872791289173e-01 4.638741413752243137e-01 4.738498826821647691e-01 4.724383652210237261e-01
4.479415913422905571e-01 4.528867801030471152e-01 4.594701925913491913e-01 4.577566385269165594e-01
4.537590940793360117e-01 4.609060982863115163e-01 4.619990189870193942e-01 4.633071025212602279e-01
4.540797571341191330e-01 4.564794103304545270e-01 4.659854273001353131e-01 4.660552243391669625e-01
4.517363409201302638e-01 4.545436898867287190e-01 4.530905683835342868e-01 4.565598368644714355e-01
4.598741332689922356e-01 4.644034206867220238e-01 4.631553987661999883e-01 4.622691969076786478e-01
4.627127150694522184e-01 4.671089251836150202e-01 4.694912930329646072e-01 4.685037434101106402e-01
4.422116080919900605e-01 4.465845425923672396e-01 4.571032921473175414e-01 4.553116361300151294e-01
4.571662147839870016e-01 4.591447313626608739e-01 4.587504367033640174e-01 4.555875360965725429e-01
4.641398588816328385e-01 4.641965528329212720e-01 4.622734089692433490e-01 4.573975801467893842e-01
4.506843785444898387e-01 4.518021245797479435e-01 4.535445372263593455e-01 4.559308787186944767e-01
4.661669135093693406e-01 4.782944917678839669e-01 4.657755990823113645e-01 4.651057422161102850e-01
4.565125604470567922e-01 4.639423588911698038e-01 4.549390971660611238e-01 4.621364672978715560e-01
4.385470251242315487e-01 4.433830678462976072e-01 4.452670812606807083e-01 4.424599309762320409e-01
4.550376137097673079e-01 4.662430187066394782e-01 4.584759374459586589e-01 4.592476586500804925e-01
4.524623056252798925e-01 4.587157269318901665e-01 4.592644969622299289e-01 4.558226466178900704e-01
4.410634438196823215e-01 4.501816232999162337e-01 4.494019548098239225e-01 4.502021571000420774e-01
4.546831250190738749e-01 4.607936640580492793e-01 4.684448043505353154e-01 4.657728374004364014e-01
4.593383967876437102e-01 4.631723264853160327e-01 4.603858689467116294e-01 4.624958535035453844e-01
4.539017279942833549e-01 4.573069016138718301e-01 4.521763324737551049e-01 4.492719968159988864e-01
4.504784643650051046e-01 4.600623250007632725e-01 4.599608679612480211e-01 4.617496033509575493e-01
4.614524245262148217e-01 4.634419182936347359e-01 4.534435371557868355e-01 4.575620790322618703e-01
4.445357124010727579e-01 4.538690646489466629e-01 4.495508869489037718e-01 4.491658508777611192e-01
4.610344767570496716e-01 4.663028419017791748e-01 4.578296144803361556e-01 4.502925972143805855e-01
4.518969058990484067e-01 4.585978885491691637e-01 4.569588402907054370e-01 4.556137025356297166e-01
4.442645808060962653e-01 4.509202341238662259e-01 4.485967655976609292e-01 4.450535277525581868e-01
4.534736375013985188e-01 4.619341691335044908e-01 4.572592377662653695e-01 4.549836516380311724e-01
4.526905914147691390e-01 4.571129083633421186e-01 4.641308983167014013e-01 4.608660439650218432e-01
4.520530104637147661e-01 4.584460655848189847e-01 4.465224345525110605e-01 4.419510265191396448e-01
4.574757516384119205e-01 4.646342297395067433e-01 4.634910225868223432e-01 4.634161591529846191e-01
4.569926559925079901e-01 4.588449100653330115e-01 4.565679430961609997e-01 4.546197553475700426e-01
4.522301455338796350e-01 4.511796434720359850e-01 4.447100957234695895e-01 4.485820929209390351e-01
4.574459989865621856e-01 4.579755564530691991e-01 4.641981919606524287e-01 4.629185001055398097e-01
4.567851821581520033e-01 4.639562169710795270e-01 4.621547559897101753e-01 4.578524132569631311e-01
4.420609970887505180e-01 4.512928922971094492e-01 4.505548775196073219e-01 4.489898284276324092e-01
4.583448966344196296e-01 4.658754269282013860e-01 4.561707278092700935e-01 4.547536671161647726e-01
4.598916769027706630e-01 4.658138255278263529e-01 4.679592251777645595e-01 4.631101588408150227e-01
4.514547983805344833e-01 4.539002577463793209e-01 4.541306098302206329e-01 4.493067761262257709e-01
4.560002287228908657e-01 4.583053489526112134e-01 4.606978595256799869e-01 4.591863155364994120e-01
4.596113661924992599e-01 4.667447209358217552e-01 4.636332790056858499e-01 4.576343695322669936e-01
4.561994274457292220e-01 4.572415947914125200e-01 4.548176129659021738e-01 4.513503710428871663e-01
4.555568496386210309e-01 4.609288573265076239e-01 4.602672457695007324e-01 4.562297662099204509e-01
4.631020625432331062e-01 4.685261050860088927e-01 4.662454922993973239e-01 4.614537358283994362e-01
4.496701061725619786e-01 4.546666244665782397e-01 4.530970553557079339e-01 4.552504122257234886e-01
4.566368758678434614e-01 4.568857947985331402e-01 4.598361154397331840e-01 4.587451517581938032e-01
4.650245010852813721e-01 4.688620070616403845e-01 4.649072686831151047e-01 4.631710648536678243e-01
4.471941590309143622e-01 4.553060134251910029e-01 4.505117436250047902e-01 4.498254954814909778e-01
4.582741161187488532e-01 4.652513166268666955e-01 4.543439149856560721e-01 4.528939227263132916e-01
4.511558413505555309e-01 4.545833865801490736e-01 4.582870403925579095e-01 4.577890932559959825e-01
4.454004367192585523e-01 4.485408167044324657e-01 4.577761888504027210e-01 4.556287328402198744e-01
4.566677014032998194e-01 4.590025444825496792e-01 4.602684577306105362e-01 4.572435319423682198e-01
4.555235405762988465e-01 4.575098653634389056e-01 4.600237210591636150e-01 4.556926488876343329e-01
4.525434573491415313e-01 4.513223866621650648e-01 4.521275361378984115e-01 4.488802750905351302e-01
4.606933295726773903e-01 4.632533987363183225e-01 4.562975664933521802e-01 4.587126672267910488e-01
4.566220343112947777e-01 4.600035150845845355e-01 4.736107885837554932e-01 4.723035196463263308e-01
4.507614473501843633e-01 4.533985455830896183e-01 4.555244445800779030e-01 4.545474151770267368e-01
4.629398385683696771e-01 4.661498367786407471e-01 4.646159609158835302e-01 4.667486449082692834e-01
4.574439227581024725e-01 4.581557114919022622e-01 4.653926193714135739e-01 4.585388700167337683e-01
4.464948376019796106e-01 4.506225188573200757e-01 4.562388956546781782e-01 4.519152442614240983e-01
4.572387635707857445e-01 4.633610844612118806e-01 4.663970768451686788e-01 4.622411727905267331e-01
4.607850611209862723e-01 4.630989929040272846e-01 4.602424999078120749e-01 4.628915588061019992e-01
4.498817026615140602e-01 4.512907564640046276e-01 4.546615680058803122e-01 4.519108633200329406e-01
4.642700354258222362e-01 4.717147847016652240e-01 4.598000347614289440e-01 4.595996141433718596e-01
4.563124974568685266e-01 4.637944499651593389e-01 4.602908591429394347e-01 4.572800596555068320e-01
4.483707745869947026e-01 4.517261087894441363e-01 4.503802259763080018e-01 4.513813157876330195e-01
4.639208614826200172e-01 4.647258619467414253e-01 4.562958876291905441e-01 4.539087315400445188e-01
4.682385126749675219e-01 4.756888151168819912e-01 4.577339390913646722e-01 4.590803285439814529e-01
4.580030341943098771e-01 4.612288475036621649e-01 4.537065625190732643e-01 4.535045921802518532e-01
4.668448567390440784e-01 4.747691154479978803e-01 4.590409000714618104e-01 4.596316218376160778e-01
4.640661279360451252e-01 4.643798569838207824e-01 4.648981392383577105e-01 4.653194248676298383e-01
4.614161550998685524e-01 4.644839167594906892e-01 4.553642173608141164e-01 4.557137787342074309e-01
4.577099184195201897e-01 4.643016457557677112e-01 4.570979277292890330e-01 4.568243424097698235e-01
4.586040874322254157e-01 4.653377632300057520e-01 4.609839916229251933e-01 4.549006323019662013e-01
4.496747752030689771e-01 4.515573183695472670e-01 4.581299821535749217e-01 4.589477181434635233e-01
4.672742684682201220e-01 4.706532259782156835e-01 4.659339884916939845e-01 4.638608396053311433e-01
4.659181535243986927e-01 4.629804889361061049e-01 4.616190393765764455e-01 4.608067870140073463e-01
4.528945883115130244e-01 4.514633317788437905e-01 4.589958389600125033e-01 4.566378593444823109e-01
