4.859775702158611321e-01 4.558434486389162377e-01 4.676475127538041177e-01 4.894496202468875956e-01 4.732207854588822982e-01 4.566485881805416591e-01 4.546840588251748194e-01 4.730390310287474476e-01 4.636917908986405434e-01 4.560062885284421053e-01 4.554285208384194483e-01 4.616362651189169219e-01 4.870582421620682223e-01 4.680899381637571022e-01 4.691601594289143140e-01 4.831786155700683594e-01
4.725248416264851148e-01 4.472041130065916303e-01 4.556138118108113977e-01 4.775685071945192095e-01 4.597142537434896759e-01 4.454623063405351302e-01 4.569143851598101436e-01 4.660669962565102131e-01 4.699032306671144799e-01 4.564793109893798273e-01 4.575125773747761859e-01 4.711429675420123475e-01 4.808113574981687233e-01 4.638347228368122632e-01 4.623265266418455366e-01 4.717163642247519384e-01
4.763611157735185841e-01 4.546498457590732456e-01 4.547406832377115515e-01 4.758836428324383916e-01 4.707046747207640491e-01 4.562505483627317115e-01 4.555540482203165875e-01 4.714684089024862024e-01 4.746663570404049404e-01 4.610447883605956476e-01 4.683278004328408906e-01 4.756416082382205479e-01 4.877705574035642866e-01 4.703512191772462048e-01 4.779198169708250288e-01 4.907799164454145213e-01
4.704478184382117623e-01 4.533070325851433768e-01 4.575482209523514254e-01 4.786115884780884344e-01 4.608205159505206483e-01 4.415000677108762428e-01 4.438230593999226148e-01 4.605980316797884111e-01 4.577064514160155140e-01 4.400213162104288367e-01 4.362087647120160283e-01 4.506497383117675781e-01 4.640609820683799236e-01 4.493216673533123040e-01 4.548654953638714415e-01 4.606591860453282394e-01
4.692785739898678310e-01 4.509713649749759745e-01 4.611269632975260047e-01 4.828349351882931795e-01 4.600022633870439193e-01 4.537657499313352272e-01 4.580940008163455479e-01 4.753529628117877937e-01 4.677313963572183320e-01 4.518642028172810687e-01 4.613742431004841382e-01 4.687224229176834012e-01 4.758661985397344973e-01 4.539916117986046440e-01 4.535429080327351703e-01 4.685244162877401641e-01
4.734620253245035992e-01 4.559524059295655962e-01 4.618692000706988154e-01 4.923357566197711366e-01 4.610538880030314868e-01 4.529783725738525946e-01 4.643133481343582059e-01 4.753268162409465258e-01 4.663405021031697961e-01 4.619384606679279859e-01 4.625210762023929112e-01 4.703213771184281411e-01 4.784372647603353790e-01 4.642807245254513271e-01 4.637329578399658758e-01 4.715902407964067122e-01
4.763631025950112452e-01 4.526820977528887568e-01 4.574086666107177734e-01 4.797444343566891201e-01 4.593975146611529170e-01 4.366080363591510194e-01 4.450250466664633642e-01 4.671456019083656819e-01 4.622071981430055376e-01 4.546079238255820720e-01 4.445384343465166310e-01 4.569262663523359635e-01 4.785059690475462757e-01 4.497497479120889929e-01 4.541500012079870419e-01 4.651821057001748194e-01
4.727006753285722396e-01 4.483290910720821310e-01 4.591629107793172571e-01 4.801450967788693514e-01 4.634699026743570593e-01 4.428558746973674243e-01 4.586602052052818901e-01 4.628077348073324493e-01 4.602072636286419494e-01 4.488844871520998314e-01 4.463959534962969045e-01 4.596310853958130438e-01 4.895588556925454249e-01 4.521209796269735626e-01 4.542626142501832720e-01 4.798206090927125689e-01
4.719142913818361040e-01 4.563747247060137013e-01 4.592129786809295289e-01 4.813950856526695299e-01 4.713583389918006294e-01 4.540998140970865515e-01 4.622714519500731867e-01 4.844090541203815992e-01 4.770470062891640217e-01 4.726665814717610492e-01 4.637310107549030835e-01 4.764563242594395120e-01 4.795161485671994295e-01 4.579355319341024133e-01 4.697453578313189326e-01 4.822049538294473359e-01
4.618506034215294487e-01 4.330217838287351850e-01 4.483216603597004468e-01 4.613596995671590539e-01 4.579287370045976302e-01 4.416941801706950055e-01 4.441246589024861469e-01 4.653754631678264642e-01 4.608300924301146906e-01 4.446176290512084961e-01 4.409460624059039491e-01 4.565847714742023999e-01 4.718038638432823229e-01 4.557916720708209413e-01 4.602198203404742061e-01 4.724775155385333991e-01
4.739936192830402906e-01 4.582881132761640330e-01 4.600157340367633796e-01 4.807641108830766896e-01 4.542394876480103649e-01 4.408161242802937640e-01 4.499517281850182182e-01 4.633140166600546728e-01 4.809600114822386030e-01 4.650656382242836506e-01 4.601815541585285163e-01 4.748860597610474743e-01 4.823304812113441975e-01 4.648263057072958837e-01 4.719214836756390752e-01 4.848250945409137702e-01
4.763563474019369415e-01 4.500401814778646203e-01 4.581156174341838305e-01 4.867737690607704670e-01 4.693398873011274675e-01 4.481026331583660705e-01 4.537072579065954958e-01 4.722521305084227405e-01 4.709663391113279585e-01 4.550910393397009090e-01 4.519672393798828680e-01 4.647759199142456610e-01 4.757219155629476837e-01 4.597818851470945600e-01 4.581545193990069764e-01 4.783203601837159868e-01
4.796472787857057885e-01 4.570270379384356318e-01 4.584842522939044374e-01 4.822052717208861750e-01 4.556406736373900257e-01 4.472220341364541163e-01 4.492140611012778728e-01 4.679072300593052902e-01 4.609829187393184591e-01 4.577943086624147173e-01 4.445221821467081336e-01 4.636761744817095021e-01 4.759753147761026648e-01 4.538497924804688055e-01 4.518753687540690844e-01 4.689902464548746930e-01
4.743480285008749298e-01 4.441026051839196409e-01 4.510300556818641060e-01 4.756640593210855195e-01 4.774448076883954228e-01 4.596858421961464991e-01 4.600294431050619970e-01 4.750408728917440704e-01 4.624217351277668531e-01 4.608687957127886037e-01 4.524766604105634471e-01 4.653064807256064306e-01 4.806812604268392852e-01 4.667092959086102666e-01 4.582769076029462041e-01 4.798870881398517030e-01
4.820857842763263124e-01 4.570642709732057329e-01 4.579526185989378773e-01 4.874633550643921454e-01 4.669463634490969572e-01 4.380232493082685252e-01 4.451210498809818894e-01 4.718815485636393969e-01 4.638827244440718034e-01 4.613080422083537524e-01 4.537949562072756682e-01 4.816379547119140070e-01 4.838272730509443065e-01 4.727344115575156103e-01 4.656496047973634478e-01 4.816319147745766749e-01
4.652622143427526114e-01 4.518222411473591937e-01 4.561169942220048568e-01 4.815669059753416303e-01 4.551941156387329102e-01 4.362676938374834834e-01 4.515825907389326987e-01 4.655778010686234536e-01 4.597878853480022454e-01 4.434615373611451306e-01 4.460554520289101710e-01 4.650091727574666711e-01 4.690302610397336092e-01 4.584553241729742989e-01 4.555391470591227954e-01 4.731427828470865515e-01
4.823876619338992033e-01 4.525039990742999452e-01 4.638076225916545337e-01 4.850637912750244696e-01 4.593016306559243311e-01 4.431920846303304962e-01 4.474194049835205633e-01 4.637624422709148431e-01 4.524859189987182062e-01 4.458296696345012133e-01 4.549074172973633368e-01 4.676659107208248067e-01 4.801345666249590138e-01 4.651735623677575315e-01 4.656488895416259211e-01 4.752184947331742348e-01
4.837022622426350726e-01 4.638508955637615228e-01 4.614774386088052460e-01 4.789503812789913106e-01 4.677828152974446430e-01 4.504739443461099890e-01 4.646141529083258059e-01 4.771911700566610626e-01 4.604095220565794788e-01 4.463341236114496402e-01 4.407483736673988850e-01 4.551538626352942263e-01 4.901072978973387007e-01 4.655375480651857689e-01 4.682896534601845850e-01 4.749111731847124318e-01
4.659694830576580071e-01 4.491098721822104900e-01 4.509719212849930825e-01 4.781566858291630417e-01 4.602451721827184317e-01 4.452697436014815269e-01 4.483610788981119977e-01 4.605834484100343462e-01 4.515168666839601275e-01 4.441972573598227947e-01 4.485301176706951720e-01 4.538267056147262113e-01 4.677791198094689018e-01 4.498876730600995799e-01 4.502264261245728649e-01 4.630875190099079108e-01
4.701693455378211928e-01 4.453978538513184704e-01 4.612164497375483285e-01 4.723001321156820587e-01 4.626005490620931360e-01 4.452707767486575041e-01 4.518085320790605208e-01 4.766883452733359783e-01 4.608259995778400953e-01 4.481514692306516889e-01 4.451295137405394398e-01 4.651624759038290868e-01 4.847764571507772180e-01 4.635700782140096954e-01 4.647525548934940964e-01 4.831881523132323109e-01
4.764246543248493726e-01 4.524820645650230455e-01 4.568427801132201038e-01 4.717092911402387401e-01 4.712365468343101549e-01 4.511981010437015049e-01 4.528343677520752508e-01 4.676069021224973921e-01 4.711618026097613710e-01 4.630546967188516327e-01 4.517611662546791584e-01 4.735113779703775116e-01 4.649413426717124431e-01 4.576919078826905962e-01 4.532934029897053851e-01 4.713178873062134344e-01
4.695587158203124445e-01 4.389603535334268836e-01 4.497353235880535705e-01 4.606794913609824627e-01 4.595859448115027779e-01 4.341877301534017852e-01 4.484410683314006829e-01 4.559988180796302193e-01 4.506832361221312921e-01 4.498017628987631689e-01 4.423884948094686798e-01 4.605467319488525946e-01 4.787201086680097362e-01 4.549702803293864672e-01 4.504501422246299236e-01 4.681601524353029009e-01
4.779237508773802601e-01 4.597083330154417835e-01 4.621922175089517304e-01 4.859103759129841382e-01 4.645960728327436229e-01 4.502331415812175219e-01 4.555504719416299531e-01 4.676218827565513658e-01 4.695659875869753197e-01 4.582058191299439587e-01 4.590105613072712476e-01 4.671012957890828265e-01 4.888290961583456329e-01 4.622598886489872050e-01 4.628654321034749719e-01 4.781723419825236743e-01
4.742707014083861194e-01 4.474474986394249010e-01 4.576452970504757967e-01 4.791829586029050514e-01 4.635448058446245412e-01 4.485021432240802741e-01 4.482184251149496368e-01 4.704498847325642719e-01 4.846204916636147608e-01 4.643313487370808179e-01 4.596014817555744147e-01 4.742291768391924123e-01 4.804045359293616646e-01 4.660431543985999459e-01 4.705948432286577998e-01 4.853279590606686678e-01
4.613126913706460108e-01 4.391513665517167153e-01 4.466705322265625000e-01 4.622796376546219332e-01 4.507401784261072519e-01 4.405621290206909735e-01 4.407021999359131970e-01 4.618947505950923849e-01 4.663418928782145922e-01 4.495749473571772903e-01 4.443279107411701179e-01 4.706663688023883796e-01 4.676916996637980883e-01 4.542722304662070165e-01 4.518739382425948081e-01 4.641583363215125435e-01
4.671496550242107970e-01 4.506688515345254609e-01 4.529797236124677440e-01 4.747945467631022876e-01 4.610972007115678450e-01 4.361206690470373348e-01 4.482197761535646752e-01 4.676303466161094158e-01 4.729136625925699500e-01 4.455133279164633087e-01 4.486145575841263833e-01 4.659537871678672283e-01 4.735599358876543818e-01 4.560091495513914350e-01 4.622117280960084673e-01 4.764483372370398317e-01
4.722216129302981291e-01 4.450065294901528468e-01 4.581474860509233693e-01 4.649312496185303289e-01 4.562849601109818520e-01 4.428059260050452584e-01 4.411594867706299383e-01 4.616794188817340827e-01 4.644145170847571724e-01 4.508359432220458429e-01 4.457346598307292407e-01 4.630812406539917547e-01 4.854827721913650973e-01 4.632084767023721961e-01 4.676589965820313610e-01 4.877460002899174363e-01
4.749375581741335783e-01 4.478325446446737579e-01 4.530137379964194189e-01 4.755015770594274715e-01 4.494083722432454242e-01 4.347668886184694603e-01 4.366359313329060687e-01 4.530235131581620833e-01 4.619582096735633803e-01 4.465928077697755572e-01 4.419398307800293524e-01 4.726102749506633227e-01 4.628220796585083563e-01 4.409891764322913521e-01 4.464139938354494963e-01 4.652752478917442369e-01
4.707657893498733426e-01 4.465533892313635067e-01 4.607679446538289203e-01 4.832363923390702309e-01 4.623687267303469572e-01 4.598086277643840813e-01 4.463065465291338185e-01 4.673027992248530715e-01 4.552429914474488970e-01 4.529022773106889388e-01 4.483298858006796173e-01 4.631846348444620398e-01 4.830298423767086513e-01 4.614464839299524668e-01 4.594730536142986876e-01 4.780892133712769110e-01
4.789192279179889100e-01 4.553964138031004749e-01 4.589998324712118438e-01 4.817601442337034467e-01 4.672800699869791852e-01 4.492551485697428015e-01 4.518114725748694216e-01 4.758642514546714275e-01 4.672212998072308165e-01 4.588103691736856726e-01 4.619979461034137147e-01 4.679274161656695186e-01 4.804157416025798821e-01 4.715177615483597817e-01 4.622947772343956041e-01 4.817948341369628906e-01
4.548046986262003211e-01 4.319814443588254615e-01 4.436956644058228094e-01 4.587413072586062901e-01 4.524317979812620405e-01 4.296284914016721967e-01 4.346193075180053156e-01 4.492818911870320453e-01 4.539511998494469291e-01 4.497707287470499304e-01 4.384684165318804006e-01 4.599227110544840125e-01 4.713866313298542554e-01 4.533046086629228810e-01 4.517140785853068219e-01 4.711413383483887274e-01
4.751352071762083851e-01 4.471203486124676330e-01 4.605400562286377508e-01 4.737189610799151795e-01 4.620597362518310547e-01 4.443495670954386023e-01 4.448809623718259498e-01 4.574389457702634498e-01 4.658496777216589724e-01 4.510775407155360184e-01 4.419335921605425654e-01 4.637736479441320059e-01 4.733976920445757686e-01 4.446768363316853656e-01 4.527348279953004595e-01 4.639080762863158069e-01
4.794458150863640244e-01 4.609540303548177453e-01 4.631456931432085256e-01 4.769725402196244857e-01 4.692379633585611609e-01 4.469216267267864806e-01 4.479163885116580479e-01 4.687515894571941399e-01 4.602904319763186924e-01 4.560389121373492616e-01 4.452934265136718750e-01 4.610270261764523037e-01 4.793079694112146183e-01 4.534563223520917119e-01 4.506760040918990073e-01 4.725938638051350726e-01
4.726636409759519264e-01 4.443016449610390772e-01 4.540533224741618024e-01 4.679720004399622879e-01 4.518101612726842520e-01 4.339620669682823784e-01 4.340402285257972670e-01 4.511429468790688069e-01 4.529545307159424383e-01 4.465208053588869963e-01 4.423948923746742201e-01 4.668863217035928992e-01 4.688113927841187634e-01 4.458914200464881850e-01 4.479884306589762555e-01 4.664538701375326446e-01
4.745068152745567369e-01 4.598959287007651220e-01 4.699850479761762956e-01 4.895635445912675521e-01 4.731721480687459125e-01 4.570927619934083141e-01 4.672992229461670477e-01 4.863301515579224188e-01 4.698367118835451439e-01 4.573617776234945587e-01 4.538841247558593195e-01 4.728482961654664751e-01 4.816817839940384927e-01 4.542221228281657641e-01 4.620081981023150819e-01 4.716823498408002080e-01
4.707314173380536260e-01 4.560392300287891554e-01 4.563852151234941146e-01 4.706180890401200911e-01 4.551180203755699760e-01 4.441615740458171868e-01 4.575422207514450168e-01 4.712239106496175500e-01 4.548784097035725726e-01 4.423849185307815457e-01 4.426875511805221097e-01 4.607020219167073383e-01 4.726618528366086092e-01 4.498312075932822118e-01 4.654994408289589991e-01 4.796568552652994422e-01
4.577264388402301765e-01 4.336731433868402652e-01 4.385939439137777618e-01 4.541432460149129047e-01 4.396458466847735225e-01 4.231426715850828413e-01 4.356931050618491619e-01 4.451019763946530983e-01 4.446211655934649842e-01 4.410630464553828012e-01 4.410367806752518716e-01 4.441315730412803697e-01 4.564147790273025973e-01 4.389693339665733385e-01 4.351389408111575041e-01 4.495324293772375301e-01
4.637153148651122492e-01 4.557527303695679266e-01 4.606323639551800908e-01 4.843962192535400391e-01 4.580488999684652063e-01 4.426335096359253485e-01 4.554840326309206877e-01 4.644594589869180390e-01 4.592808882395427172e-01 4.456017017364503063e-01 4.341950416564940851e-01 4.661183357238768421e-01 4.743171135584510756e-01 4.547040462493891488e-01 4.611786603927611750e-01 4.754985968271892016e-01
4.618205229441327275e-01 4.397901296615595590e-01 4.445592562357587041e-01 4.733622074127197266e-01 4.638040065765375863e-01 4.444345633188886424e-01 4.472049077351891166e-01 4.697365363438923969e-01 4.655551513036090272e-01 4.438786109288537229e-01 4.391645590464271498e-01 4.646180868148803156e-01 4.718981981277460269e-01 4.557260274887084961e-01 4.490517377853393555e-01 4.704562028249101857e-01
4.508881568908691406e-01 4.305466810862220162e-01 4.394449392954510314e-01 4.632573127746578701e-01 4.465016921361286140e-01 4.363172451655068507e-01 4.400254090627037651e-01 4.579988320668539892e-01 4.559553464253742194e-01 4.468785127003989111e-01 4.376517931620282353e-01 4.581352472305300072e-01 4.555560350418088600e-01 4.392179250717164196e-01 4.436034361521404845e-01 4.614181518554685835e-01
4.654800891876221258e-01 4.574583768844602272e-01 4.617277383804326285e-01 4.777898788452147882e-01 4.592204888661705064e-01 4.365735451380411969e-01 4.443205992380780400e-01 4.593364397684729372e-01 4.618091980616251258e-01 4.625887870788575329e-01 4.504791100819903749e-01 4.660065174102782093e-01 4.858737786610921594e-01 4.635074536005658330e-01 4.657884041468302594e-01 4.808173179626468730e-01
4.749565124511718750e-01 4.531800349553425922e-01 4.634054899215698242e-01 4.690623680750530267e-01 4.611105918884275678e-01 4.481064478556313069e-01 4.519507884979251378e-01 4.682706594467166417e-01 4.613174597422282086e-01 4.478935400644940001e-01 4.491649866104125977e-01 4.615683158238734762e-01 4.759541749954226963e-01 4.563783009847007244e-01 4.643611907958989926e-01 4.748889207839965265e-01
4.751509030659992194e-01 4.475410779317218202e-01 4.546946684519451165e-01 4.761603275934855328e-01 4.592101971308388264e-01 4.337047338485719994e-01 4.422752459843948825e-01 4.560973644256590132e-01 4.515446821848551062e-01 4.431388775507611455e-01 4.403207302093510300e-01 4.517904917399086506e-01 4.625251293182376378e-01 4.514966408411660859e-01 4.428257147471112432e-01 4.621510505676267866e-01
4.655303160349528735e-01 4.461851914723713453e-01 4.559428691864013117e-01 4.793769518534344298e-01 4.547660748163864231e-01 4.354322751363119415e-01 4.448456366856891608e-01 4.600838422775276326e-01 4.556415875752768407e-01 4.545209010442101127e-01 4.538156986236573931e-01 4.687984784444175768e-01 4.739275376001992335e-01 4.557534456253049537e-01 4.567668040593466650e-01 4.676174322764075075e-01
4.808878898620605469e-01 4.554161628087358693e-01 4.639599720636999325e-01 4.805805683135983553e-01 4.634117285410563336e-01 4.460939168930053156e-01 4.464917182922361616e-01 4.627354145050054379e-01 4.514234066009520374e-01 4.369483391443887421e-01 4.463021755218507525e-01 4.517356157302854780e-01 4.721946716308594860e-01 4.532077312469482422e-01 4.575723807017005873e-01 4.746381441752114960e-01
4.613111813863114419e-01 4.377517302831017143e-01 4.482942422231037116e-01 4.745003779729206617e-01 4.476700623830156545e-01 4.314098755518596118e-01 4.414002497990927032e-01 4.512813886006671327e-01 4.497479597727453982e-01 4.467056592305501117e-01 4.350826342900592225e-01 4.498999913533529016e-01 4.559441407521562795e-01 4.458057880401607442e-01 4.539215167363484515e-01 4.577592611312865101e-01
4.736864964167277203e-01 4.441038767496746642e-01 4.491739273071290728e-01 4.839866161346437767e-01 4.715168078740439306e-01 4.548307259877523157e-01 4.528177181879678437e-01 4.792331059773764501e-01 4.556020498275753505e-01 4.469410578409834800e-01 4.380760987599690570e-01 4.533339341481522622e-01 4.766054948170977412e-01 4.521698554356893274e-01 4.501054286956784334e-01 4.596549272537235331e-01
4.719472328821820994e-01 4.454979896545409601e-01 4.557481209437054259e-01 4.713238477706907514e-01 4.572132825851439319e-01 4.329291184743241372e-01 4.469980001449585516e-01 4.603215853373210376e-01 4.590644041697186095e-01 4.458426237106322687e-01 4.376533031463629153e-01 4.657003482182819898e-01 4.726427793502805397e-01 4.502855539321903855e-01 4.549252986907965091e-01 4.641758600870766194e-01
4.574663241704303718e-01 4.359477361043293531e-01 4.449370304743447968e-01 4.700160821278893675e-01 4.483435153961181641e-01 4.353007475535073945e-01 4.363915125528969874e-01 4.523363113403320868e-01 4.524333874384562360e-01 4.300190210342408337e-01 4.359240531921392270e-01 4.420916239420575322e-01 4.660908778508501271e-01 4.458437760670984629e-01 4.448593457539877227e-01 4.573390881220499860e-01
4.715850750605264929e-01 4.496136109034219452e-01 4.575556516647334981e-01 4.729975064595539069e-01 4.482597907384237579e-01 4.444360733032226562e-01 4.452538092931111469e-01 4.719297091166176905e-01 4.549094438552857000e-01 4.451238711675011284e-01 4.384047985076907628e-01 4.549241860707601282e-01 4.748388131459555517e-01 4.541648228963216516e-01 4.537558952967323811e-01 4.728497266769406404e-01
4.711344639460247619e-01 4.501270055770870138e-01 4.464583396911621094e-01 4.726187785466512414e-01 4.531078735987346118e-01 4.363930225372315008e-01 4.491587877273562901e-01 4.602157274881998883e-01 4.675059715906777491e-01 4.548883438110353783e-01 4.447671572367352111e-01 4.681508143742884043e-01 4.754847685496012555e-01 4.586445093154910002e-01 4.543587764104207727e-01 4.761874278386432069e-01
4.707950750986735211e-01 4.447387854258220141e-01 4.533423582712808320e-01 4.690318504969280267e-01 4.533346891403197687e-01 4.393434921900432610e-01 4.469825824101767986e-01 4.644274711608883943e-01 4.548104604085284608e-01 4.368573427200320713e-01 4.296801090240476295e-01 4.465458393096923273e-01 4.551396767298380164e-01 4.392822583516436952e-01 4.374046325683594860e-01 4.541735251744586921e-01
4.819700717926023725e-01 4.512656927108765204e-01 4.568920532862344452e-01 4.805917739868167948e-01 4.540597995122272468e-01 4.426074425379432076e-01 4.565896590550743150e-01 4.644634326299031390e-01 4.585181872049965968e-01 4.600566228230796306e-01 4.487472375233963473e-01 4.756283760070799671e-01 4.787990649541215560e-01 4.565902153650922557e-01 4.605863094329833429e-01 4.687027136484780976e-01
4.657756884892783056e-01 4.482519626617429975e-01 4.491146405537927433e-01 4.661995172500611462e-01 4.710748195648194470e-01 4.428681532541911547e-01 4.515688419342038795e-01 4.684966405232746101e-01 4.725678364435830781e-01 4.482742150624589028e-01 4.467822710673013953e-01 4.608933925628664330e-01 4.644225438435872211e-01 4.410071770350139642e-01 4.519131580988567931e-01 4.588901996612550493e-01
4.664574861526490368e-01 4.468251864115393435e-01 4.440450270970661695e-01 4.701651334762568246e-01 4.551152785619104746e-01 4.405226310094197961e-01 4.449908336003619014e-01 4.455175797144571015e-01 4.416429201761885026e-01 4.306296110153201018e-01 4.310357173283896337e-01 4.460457960764564467e-01 4.640382925669355174e-01 4.425295591354371783e-01 4.502036571502687212e-01 4.670432011286421159e-01
4.709114233652748061e-01 4.461585283279420611e-01 4.482823212941490221e-01 4.725828965504967893e-01 4.627923170725503077e-01 4.499217271804809015e-01 4.460357427597044233e-01 4.650012652079269504e-01 4.668069283167519123e-01 4.544030030568442236e-01 4.526949326197305390e-01 4.684349695841469874e-01 4.789512157440188322e-01 4.566316207249953574e-01 4.587460358937580640e-01 4.717980623245240923e-01
4.702184597651166698e-01 4.563817977905272327e-01 4.557216167449951727e-01 4.752655029296877220e-01 4.643556674321494548e-01 4.361848036448163768e-01 4.551850557327271063e-01 4.696526924769084954e-01 4.640470345815022601e-01 4.435881773630775959e-01 4.441659450531008080e-01 4.582442442576090125e-01 4.810730218887330212e-01 4.599107901255287123e-01 4.524220625559489672e-01 4.765774011611940697e-01
4.548693895339962490e-01 4.267030556996665447e-01 4.454125563303631408e-01 4.674588044484455640e-01 4.539454380671182343e-01 4.327261050542198229e-01 4.413183530171712055e-01 4.509818553924565543e-01 4.481821854909263103e-01 4.407676060994467626e-01 4.388212760289510461e-01 4.523871342341103663e-01 4.676570097605385889e-01 4.456127087275190135e-01 4.430421590805056486e-01 4.617087443669637414e-01
4.739919503529866351e-01 4.506057500839236729e-01 4.579965670903524133e-01 4.885301589965821978e-01 4.600642124811809563e-01 4.487176736195881421e-01 4.512698252995806514e-01 4.657051563262936122e-01 4.575573603312173554e-01 4.429359038670862003e-01 4.341575304667153468e-01 4.603857199350989138e-01 4.697148402531946543e-01 4.544748067855835516e-01 4.504478772481284032e-01 4.740235408147179252e-01
4.749145507812501110e-01 4.579167763392130719e-01 4.577497243881225031e-01 4.737372001012166711e-01 4.636693000793459807e-01 4.430660804112748763e-01 4.580679734547930537e-01 4.737004041671750709e-01 4.748913844426472797e-01 4.622577826182042715e-01 4.544357061386105623e-01 4.740379651387532922e-01 4.751357634862263812e-01 4.595519701639810273e-01 4.490031003952026367e-01 4.749638636906947098e-01
4.661914507548017284e-01 4.483160972595215399e-01 4.489863713582354920e-01 4.688958724339804540e-01 4.563822348912555671e-01 4.349294106165570439e-01 4.415674209594724342e-01 4.561513662338254615e-01 4.529908100763955781e-01 4.461970329284665748e-01 4.402895371119179835e-01 4.518826007843017578e-01 4.659353892008461506e-01 4.513992071151730623e-01 4.458206494649249452e-01 4.592343171437581750e-01
4.641374746958413788e-01 4.433179696400958991e-01 4.520931641260782508e-01 4.738756020863849061e-01 4.688329696655274548e-01 4.477125008900958436e-01 4.459543228149411287e-01 4.612983067830405681e-01 4.617178837458292828e-01 4.588133494059245532e-01 4.515080054601034454e-01 4.605286916097002803e-01 4.734739859898882131e-01 4.487862189610801744e-01 4.555584589640302995e-01 4.691501061121623462e-01
4.785085519154860800e-01 4.555447498957320152e-01 4.672404130299879776e-01 4.856888850529989532e-01 4.627130826314292955e-01 4.416790803273522026e-01 4.544729391733801083e-01 4.595766464869180945e-01 4.664055903752642451e-01 4.506601889928180671e-01 4.445307652155559563e-01 4.613051017125448516e-01 4.806164503097539176e-01 4.568508863449099455e-01 4.619658788045246101e-01 4.627357323964433888e-01
4.662133852640786280e-01 4.453320105870567924e-01 4.488871097564696711e-01 4.683176279067990944e-01 4.674487908681235204e-01 4.458035230636597235e-01 4.500753482182822673e-01 4.616862932840987144e-01 4.595600366592411112e-01 4.454701344172160016e-01 4.361875454584754341e-01 4.572530190149943219e-01 4.651483297348019130e-01 4.490919510523483371e-01 4.490672747294107703e-01 4.628936449686685828e-01
4.706485668818156665e-01 4.473984241485596813e-01 4.507840077082312935e-01 4.796264966328939727e-01 4.629156986872352553e-01 4.412647088368730763e-01 4.489339987436929968e-01 4.643709262212119548e-01 4.568011363347370679e-01 4.454911549886067523e-01 4.442778031031293096e-01 4.552113215128581469e-01 4.800272385279340526e-01 4.587494532267250569e-01 4.554769198099771765e-01 4.699530204137163936e-01
4.815653959910075610e-01 4.510850906372068092e-01 4.661060174306235759e-01 4.847163359324132559e-01 4.727303584416705506e-01 4.470274051030473372e-01 4.536225795745845168e-01 4.696594874064125014e-01 4.746911923090616492e-01 4.555511077245074647e-01 4.431791702906285879e-01 4.710309505462647595e-01 4.765171209971111876e-01 4.582225481669108258e-01 4.578384955724082439e-01 4.737663269042970415e-01
4.645651578903203238e-01 4.512232939402261445e-01 4.578609466552736040e-01 4.748710791269937781e-01 4.538992245992020114e-01 4.289927482604981579e-01 4.334636926651000977e-01 4.524707794189453125e-01 4.578870932261148163e-01 4.415711164474487305e-01 4.456171194712318373e-01 4.570067326227822968e-01 4.690907398859660571e-01 4.438392718633014100e-01 4.508597056070961506e-01 4.675180912017821711e-01
4.697844982147221793e-01 4.527340730031333416e-01 4.567222595214844305e-01 4.716581900914506575e-01 4.638290007909137702e-01 4.401999314626061643e-01 4.372651179631552587e-01 4.618976116180416591e-01 4.623277982076010595e-01 4.563379685084023030e-01 4.552661975224808200e-01 4.669114351272577457e-01 4.693525632222493860e-01 4.513261318206785444e-01 4.486856460571290728e-01 4.641173283259075188e-01
4.802937110265095844e-01 4.622697035471599047e-01 4.649993975957232295e-01 4.810727039972942376e-01 4.653937021891276227e-01 4.521408875783282655e-01 4.593739112218219178e-01 4.700020154317220977e-01 4.647417863210045463e-01 4.433913628260296447e-01 4.485938151677452690e-01 4.605592091878256689e-01 4.885774056116745090e-01 4.629185199737551049e-01 4.644272724787394391e-01 4.791039625803624746e-01
4.657353560129805503e-01 4.418520927429204770e-01 4.389170408248901367e-01 4.671392838160197125e-01 4.459335803985595148e-01 4.352556069691971286e-01 4.459431568781534461e-01 4.692245721817015491e-01 4.587063392003375428e-01 4.355467955271404290e-01 4.421701033910112599e-01 4.507051308949791557e-01 4.652633666992189165e-01 4.425304730733234937e-01 4.413831233978268154e-01 4.650436242421470689e-01
4.740876754124959680e-01 4.395231803258257131e-01 4.604991674423218884e-01 4.745287497838336921e-01 4.657863378524776388e-01 4.536992708841960931e-01 4.539578755696611623e-01 4.720194737116500949e-01 4.580477078755698650e-01 4.418561855951942952e-01 4.422640403111773311e-01 4.524122079213463432e-01 4.695487419764204917e-01 4.479230244954428009e-01 4.486882686614991345e-01 4.682111740112308018e-01
4.650143782297775363e-01 4.452508687973024126e-01 4.478189547856649133e-01 4.788913329442343603e-01 4.503632783889771063e-01 4.439948399861656236e-01 4.355066617329919065e-01 4.561165968577064467e-01 4.612244764963784327e-01 4.508985678354898718e-01 4.382787545522052186e-01 4.721917311350504187e-01 4.745288689931234094e-01 4.464962482452396464e-01 4.518133004506426631e-01 4.688725868860880719e-01
4.610695441563922858e-01 4.408181111017859810e-01 4.391066630681355609e-01 4.663219054539995967e-01 4.453332821528115937e-01 4.343808094660439045e-01 4.340658982594809978e-01 4.546688000361124860e-01 4.598221381505329663e-01 4.476221402486164069e-01 4.436688820521041965e-01 4.622068802515665875e-01 4.699052969614663233e-01 4.537551800409957981e-01 4.504465262095134759e-01 4.661926428476972917e-01
4.726123015085859080e-01 4.477648735046379502e-01 4.569136699040734495e-01 4.667661190032954543e-01 4.612792332967120545e-01 4.450143973032633649e-01 4.574007590611778307e-01 4.549296299616492623e-01 4.594727754592895508e-01 4.385565519332885742e-01 4.423083464304607970e-01 4.612799088160192684e-01 4.766145944595335249e-01 4.664299090703329931e-01 4.589121341705321711e-01 4.664737383524573122e-01
4.657216072082520641e-01 4.443903764088945607e-01 4.465787410736083984e-01 4.719671408335370799e-01 4.668424129486081764e-01 4.451397657394408625e-01 4.449915091196693373e-01 4.665020704269407514e-01 4.581521352132162384e-01 4.464582204818724476e-01 4.482307036717737003e-01 4.469693104426066821e-01 4.784025748570760461e-01 4.570819536844888953e-01 4.564749399820964282e-01 4.710956414540606874e-01
4.696867863337197413e-01 4.489192565282187353e-01 4.429671764373780407e-01 4.662985006968179968e-01 4.524227778116859944e-01 4.391450087229412103e-01 4.394105672836298160e-01 4.566133022308344058e-01 4.459757804870611020e-01 4.413710037867228930e-01 4.330164988835654705e-01 4.431325991948446563e-01 4.695992867151901340e-01 4.515640735626220703e-01 4.526388645172115810e-01 4.667331377665201453e-01
4.819896221160890337e-01 4.539735317230224054e-01 4.581300814946492883e-01 4.808376232783000970e-01 4.612789948781327865e-01 4.455311695734657240e-01 4.437333742777510581e-01 4.703125158945720141e-01 4.586019118626911140e-01 4.494421084721882953e-01 4.403419097264608673e-01 4.677573442459109776e-01 4.667478402455648712e-01 4.503984053929648845e-01 4.560665686925252094e-01 4.706848462422691948e-01
4.667108058929438363e-01 4.533096154530845134e-01 4.526461760203043250e-01 4.782040119171144243e-01 4.642207225163778594e-01 4.422469933827720689e-01 4.436157147089642705e-01 4.655481576919555664e-01 4.743772745132448510e-01 4.566127459208170758e-01 4.586021502812702155e-01 4.741981426874797290e-01 4.896223545074463446e-01 4.738307793935136458e-01 4.693855444590248061e-01 4.870282411575318493e-01
4.637355804443359930e-01 4.435149431228639361e-01 4.417068163553873328e-01 4.696756203969318921e-01 4.579125245412193901e-01 4.378827412923174123e-01 4.475249449412024849e-01 4.546868006388348760e-01 4.502457380294802025e-01 4.425168832143148157e-01 4.353229999542237993e-01 4.498715400695796895e-01 4.710080623626707874e-01 4.583270947138471940e-01 4.599963029225664912e-01 4.729988177617393541e-01
4.879590272903443493e-01 4.563697179158531791e-01 4.632633924484252930e-01 4.812992413838700911e-01 4.631025393803911983e-01 4.443280696868895929e-01 4.513875246047971967e-01 4.686491886774703519e-01 4.642130533854165186e-01 4.547723134358724884e-01 4.496874014536538233e-01 4.742892980575561523e-01 4.789155324300127803e-01 4.605629444122313898e-01 4.621070623397824928e-01 4.809108177820842767e-01
4.759955008824662825e-01 4.509858290354412658e-01 4.489097595214842640e-01 4.763326247533164470e-01 4.629135529200232857e-01 4.398808081944781123e-01 4.389361540476480750e-01 4.684443076451615950e-01 4.670836528142294775e-01 4.521988232930501117e-01 4.495817025502522601e-01 4.614706834157306647e-01 4.799265066782638089e-01 4.623614947001139508e-01 4.561856587727861068e-01 4.669174353281653755e-01
4.578651984532675634e-01 4.424853324890135053e-01 4.428882598876953680e-01 4.643278519312544206e-01 4.505483309427896765e-01 4.350804885228473085e-01 4.389035701751706209e-01 4.563703934351602265e-01 4.598551193873087195e-01 4.380812247594199071e-01 4.402344624201453005e-01 4.562708139419558440e-01 4.735676050186157227e-01 4.534516334533690296e-01 4.480253855387372197e-01 4.631303151448572519e-01
4.653290112813317503e-01 4.466655651728316800e-01 4.485232035319009491e-01 4.728998740514118726e-01 4.660834868748982562e-01 4.508769909540811249e-01 4.587653875350952148e-01 4.732558727264407628e-01 4.708166519800822125e-01 4.544496138890585235e-01 4.501771132151286547e-01 4.587519963582353255e-01 4.783113400141396077e-01 4.620107014973960369e-01 4.673936764399208021e-01 4.726419051488237044e-01
4.706498781840008361e-01 4.599947929382324774e-01 4.587582747141522588e-01 4.837863445281982422e-01 4.669907093048094593e-01 4.455048640569048701e-01 4.423729578653975980e-01 4.674783945083618164e-01 4.577584266662598211e-01 4.490800301233926484e-01 4.504624207814533765e-01 4.643645683924360057e-01 4.743620157241818514e-01 4.597695271174114806e-01 4.549794991811114131e-01 4.817597468694049256e-01
4.637325207392370419e-01 4.442443052927651514e-01 4.482035239537556781e-01 4.669742981592812647e-01 4.570134480794271203e-01 4.345365365346272601e-01 4.391484657923382384e-01 4.508367379506432737e-01 4.627506732940675493e-01 4.463194211324059690e-01 4.370157718658448931e-01 4.556871255238849616e-01 4.651796023050943640e-01 4.443965752919514234e-01 4.499508937199907521e-01 4.649896621704099897e-01
4.784588416417437928e-01 4.582871198654173139e-01 4.610760211944578968e-01 4.884896675745644679e-01 4.679253498713172865e-01 4.524088303248088305e-01 4.599338769912716396e-01 4.773595730463662257e-01 4.663805564244589696e-01 4.492331345876057203e-01 4.486477375030519799e-01 4.631633361180617636e-01 4.685256083806358385e-01 4.550608396530151367e-01 4.599351882934572533e-01 4.666521946589149983e-01
4.667649269104007792e-01 4.463810523351032788e-01 4.607388973236087315e-01 4.753313859303786582e-01 4.695567289988200055e-01 4.425472815831502649e-01 4.573495388031005304e-01 4.617579778035481031e-01 4.606153567632038648e-01 4.493369261423746375e-01 4.402228593826297276e-01 4.636775255203250401e-01 4.762883583704629609e-01 4.549227952957154986e-01 4.528784751892093174e-01 4.723413785298664069e-01
4.547533988952637274e-01 4.453566074371342887e-01 4.462491273879999887e-01 4.672692219416300641e-01 4.548844099044799250e-01 4.384886821111046440e-01 4.392176469167071717e-01 4.541684389114380993e-01 4.444913864135747739e-01 4.396109978357951587e-01 4.466056029001873040e-01 4.479118585586547852e-01 4.685141245524093723e-01 4.489043951034546454e-01 4.478521744410193794e-01 4.631556272506711647e-01
4.736382563908893562e-01 4.529094696044919655e-01 4.505469004313156778e-01 4.805914560953777892e-01 4.755563338597612599e-01 4.535793860753377094e-01 4.585515658060708155e-01 4.692135254542029177e-01 4.576099316279090834e-01 4.475442568461097670e-01 4.369949102401731733e-01 4.620647033055623742e-01 4.736580451329553410e-01 4.463713169097902611e-01 4.486782153447466670e-01 4.678970972696938624e-01
4.781424204508461506e-01 4.535560607910160691e-01 4.629697402318322386e-01 4.899100859959922283e-01 4.789564609527588446e-01 4.622991085052490789e-01 4.631704489390051638e-01 4.867049853006999993e-01 4.524632692337033912e-01 4.522781769434612298e-01 4.480225245157876124e-01 4.642970959345499860e-01 4.755074580510456062e-01 4.506868521372477399e-01 4.525960683822635167e-01 4.714056253433226429e-01
4.697471857070922852e-01 4.464795986811322392e-01 4.535155296325684704e-01 4.787849187850956034e-01 4.660389026006063751e-01 4.497464497884114398e-01 4.538630247116088867e-01 4.587519168853757545e-01 4.541004101435343610e-01 4.383923610051474462e-01 4.403435389200847649e-01 4.492258628209432891e-01 4.664458036422724496e-01 4.558876752853395775e-01 4.528221289316815001e-01 4.716268380482993572e-01
4.843415816624962456e-01 4.588530460993451299e-01 4.703722000122073088e-01 4.899048010508217366e-01 4.703027009963988148e-01 4.538820981979369007e-01 4.616156816482545611e-01 4.771837790807085256e-01 4.627515077590938497e-01 4.448434909184772468e-01 4.411428769429524555e-01 4.643861055374147728e-01 4.745173056920364285e-01 4.540512959162397166e-01 4.579381148020428838e-01 4.750593900680539772e-01
4.845372041066488000e-01 4.657837152481080767e-01 4.638585646947225305e-01 4.824940363566077584e-01 4.637364546457927728e-01 4.422071377436324058e-01 4.416216214497879489e-01 4.695452054341633930e-01 4.642008145650230455e-01 4.561789830525713185e-01 4.555449883143105616e-01 4.776297807693485331e-01 4.778181314468382679e-01 4.613946278889974328e-01 4.562817414601639254e-01 4.718211889266969994e-01
4.759705861409501693e-01 4.569712479909263658e-01 4.642240603764848927e-01 4.814155896504720422e-01 4.608701070149742729e-01 4.518526792526246783e-01 4.470920960108438202e-01 4.652039210001630565e-01 4.495898882548014508e-01 4.444957574208578954e-01 4.403940439224244829e-01 4.560650587081912510e-01 4.699736436208088453e-01 4.573975801467898838e-01 4.539285500844319476e-01 4.724674622217815978e-01
4.777644872665405273e-01 4.590501785278320312e-01 4.611111879348757658e-01 4.792241255442306058e-01 4.569696187973026347e-01 4.370553890864049551e-01 4.512184063593544514e-01 4.656528631846114097e-01 4.603518644968670470e-01 4.473857879638672985e-01 4.446270068486529725e-01 4.586871465047200336e-01 4.715448617935180664e-01 4.491091966629032761e-01 4.554050366083783885e-01 4.685781796773277885e-01
4.728217522303263531e-01 4.538982311884561804e-01 4.536333878835043798e-01 4.853739738464352693e-01 4.633516073226930376e-01 4.443447589874266468e-01 4.478050867716471539e-01 4.745386044184367047e-01 4.726894696553547437e-01 4.460252920786537123e-01 4.443574746449791002e-01 4.636501868565878759e-01 4.713693459828694476e-01 4.538518587748210376e-01 4.476579030354817523e-01 4.639369646708169093e-01
4.701103369394939446e-01 4.419300158818561530e-01 4.478256702423096813e-01 4.753401676813758803e-01 4.546331961949670042e-01 4.320255517959590841e-01 4.311779340108239378e-01 4.518855015436805678e-01 4.557251135508220696e-01 4.452032248179120244e-01 4.435402154922484796e-01 4.580022096633910023e-01 4.736827214558918531e-01 4.579088687896726295e-01 4.547096093495689439e-01 4.795388380686447238e-01
4.830676317214964710e-01 4.618946313858033337e-01 4.694229364395138826e-01 4.818241596221918277e-01 4.659986495971678577e-01 4.581361611684167667e-01 4.572155078252157501e-01 4.741503000259402745e-01 4.695649544397991204e-01 4.584953784942627508e-01 4.506153662999470288e-01 4.722299973169962750e-01 4.795240163803100586e-01 4.561516046524047852e-01 4.573243459065753358e-01 4.752736488978068774e-01
4.750467936197917407e-01 4.636055628458659594e-01 4.536600112915036287e-01 4.801799853642781390e-01 4.713314374287921882e-01 4.536888202031451045e-01 4.488151868184403481e-01 4.692667722702028588e-01 4.661411444346112432e-01 4.563069343566895086e-01 4.534322420756020100e-01 4.671404759089152203e-01 4.694133202234903046e-01 4.546147584915166129e-01 4.518459240595499304e-01 4.708085060119628906e-01
4.649225870768227686e-01 4.558689196904501251e-01 4.503171841303507672e-01 4.646988312403356192e-01 4.505436420440673273e-01 4.402432044347125983e-01 4.374360243479407107e-01 4.534012873967490087e-01 4.605170090993244703e-01 4.504022995630900805e-01 4.434941212336224736e-01 4.559931357701617061e-01 4.666091203689572420e-01 4.584549268086752227e-01 4.562430381774899568e-01 4.708211421966549404e-01
