4.547384480635324744e-01 4.603767196337383294e-01 4.641037583351136364e-01 4.604676763216660751e-01
4.425929486751548625e-01 4.506675004959105335e-01 4.563147127628330302e-01 4.554672737916310998e-01
4.644751250743867632e-01 4.654433727264400966e-01 4.741930663585660621e-01 4.657474656899775467e-01
4.631772041320800226e-01 4.653048217296595346e-01 4.681998391946156635e-01 4.662710626920056889e-01
4.500222702821097265e-01 4.581709603468571701e-01 4.536698857943211594e-01 4.578774273395537775e-01
4.629663626352942818e-01 4.679090678691869010e-01 4.685826301574698149e-01 4.664874970912931129e-01
4.604042967160546507e-01 4.618944525718687855e-01 4.613391458988186922e-01 4.629403650760654521e-01
4.546772738297788496e-01 4.607408444086711352e-01 4.552044173081714051e-01 4.532390038172402491e-01
4.578031301498411421e-01 4.604718089103695400e-01 4.662134349346159778e-01 4.619740645090736897e-01
4.665832320849096493e-01 4.722818533579505873e-01 4.745577971140542695e-01 4.725010295708974017e-01
4.520609180132547644e-01 4.598304331302644488e-01 4.612777928511301861e-01 4.590075810750330332e-01
4.635759790738420705e-01 4.687313934167223750e-01 4.677712917327877529e-01 4.673249224821727221e-01
4.630138675371805457e-01 4.693973660469054066e-01 4.672568837801610586e-01 4.652541875839236174e-01
4.473884105682372492e-01 4.553485612074535394e-01 4.521765311559036160e-01 4.491071005662277682e-01
4.630778133869172253e-01 4.677212436993929412e-01 4.672031303246818590e-01 4.659043053785958954e-01
4.611096978187564921e-01 4.631259838740026114e-01 4.622031946976982164e-01 4.581356644630433239e-01
4.513002336025236372e-01 4.556774199008937765e-01 4.525688886642461051e-01 4.511175950368239151e-01
4.556814630826311885e-01 4.611474474271138879e-01 4.643737375736231021e-01 4.677615265051529581e-01
4.648120303948722332e-01 4.694747924804687500e-01 4.690245588620501893e-01 4.671055972576143023e-01
4.492338001728056751e-01 4.512816071510313831e-01 4.585874179999029354e-01 4.547755916913354679e-01
4.706673920154567092e-01 4.688623845577241656e-01 4.577774206797277645e-01 4.584930241107944004e-01
4.550633331139884441e-01 4.600182672341666112e-01 4.663796126842494894e-01 4.657311439514160711e-01
4.518255690733594121e-01 4.547359248002374454e-01 4.557067056496943436e-01 4.542132417360940089e-01
4.693735142548878803e-01 4.770978391170502819e-01 4.602020382881166216e-01 4.600911239782970452e-01
4.607339600721996886e-01 4.724452992280325780e-01 4.674734175205225717e-01 4.653852085272472960e-01
4.524565637111662153e-01 4.547937611738838704e-01 4.556454916795100174e-01 4.528029362360634913e-01
4.620602329572041089e-01 4.736280838648487257e-01 4.688531160354617033e-01 4.655234813690187212e-01
4.725125332673392742e-01 4.824239114920295113e-01 4.690361122290290785e-01 4.625142614046731659e-01
4.524665176868437055e-01 4.628468652566273267e-01 4.593921899795531116e-01 4.545825024445857010e-01
4.687760273615513840e-01 4.701213339964549487e-01 4.618642528851821805e-01 4.629019002119696413e-01
4.672208329041797059e-01 4.747827251752217426e-01 4.681690931320186544e-01 4.620744884014131304e-01
4.594169954458873217e-01 4.609610835711169252e-01 4.600475728511813633e-01 4.565540949503578139e-01
4.622637331485747736e-01 4.667131503423052052e-01 4.623674949010216362e-01 4.570433894793192731e-01
4.662738045056665781e-01 4.716452558835342868e-01 4.753479858239488820e-01 4.725831349690756689e-01
4.550165832042691316e-01 4.672078390916193924e-01 4.556391636530555123e-01 4.520386556784307119e-01
4.672915140787753385e-01 4.719243248303732763e-01 4.703666567802434195e-01 4.638587037722269324e-01
4.744268655776974208e-01 4.777269264062242171e-01 4.666812121868131324e-01 4.655362764994300240e-01
4.564089477062220901e-01 4.596086839834852000e-01 4.532111187775928474e-01 4.518842995166775789e-01
4.718244473139449058e-01 4.728960891564684688e-01 4.567530552546181788e-01 4.585729440053302741e-01
4.713277816772458717e-01 4.739432831605279728e-01 4.691550632317864067e-01 4.699819485346481418e-01
4.600628813107808801e-01 4.674524267514540976e-01 4.569860001405081640e-01 4.529624581336973987e-01
4.751704633235933062e-01 4.779904087384538869e-01 4.625509480635326964e-01 4.672271509965258418e-01
4.737449685732522675e-01 4.770126938819891915e-01 4.624108374118812148e-01 4.602669278780627260e-01
4.558801551659907303e-01 4.618469973405202045e-01 4.501775999863942279e-01 4.473055700461077699e-01
4.637003143628440904e-01 4.655039807160700205e-01 4.644821385542553527e-01 4.664470454057055293e-01
4.534559547901155785e-01 4.592752357323962586e-01 4.510685503482818048e-01 4.513582289218903143e-01
4.522630671660108903e-01 4.547884861628210817e-01 4.555227061112719356e-01 4.540768762429555072e-01
4.670837322870890485e-01 4.724820951620731790e-01 4.670434395472206623e-01 4.724535842736561908e-01
4.636414647102355957e-01 4.703582028547917959e-01 4.703598916530607466e-01 4.586117068926491291e-01
4.558000663916275119e-01 4.638291299343109686e-01 4.569681286811828613e-01 4.485360582669575824e-01
4.671872456868482737e-01 4.723377823829650324e-01 4.671969115734100897e-01 4.657977124055228124e-01
4.661081234614052882e-01 4.663615624109903601e-01 4.625610212484992934e-01 4.541777173678085422e-01
4.519170920054119689e-01 4.548523028691610626e-01 4.534968435764311634e-01 4.519145886103314025e-01
4.556219180425011284e-01 4.684517880280815727e-01 4.639477133750913307e-01 4.599678019682568730e-01
4.606529374917346376e-01 4.714794854323067219e-01 4.626773397127783016e-01 4.575610856215159838e-01
4.566566546758020206e-01 4.586673279603324938e-01 4.623950620492296992e-01 4.565649131933843807e-01
4.720582962036131702e-01 4.746733804543811774e-01 4.669066071510310501e-01 4.683922032515209222e-01
4.654319683710740896e-01 4.701199829578397438e-01 4.653629660606382612e-01 4.636005262533826610e-01
4.571767548720040986e-01 4.584736526012415658e-01 4.536747336387634277e-01 4.523152112960817095e-01
4.606288770834602864e-01 4.697243471940359405e-01 4.626610775788624896e-01 4.580627381801605225e-01
4.626888632774356913e-01 4.652572373549144213e-01 4.684901038805638906e-01 4.637747804323833489e-01
4.556991060574843155e-01 4.575067957242331951e-01 4.585135579109191339e-01 4.589982430140176484e-01
4.658978978792812087e-01 4.697010219097138561e-01 4.610758423805231820e-01 4.550540347894035387e-01
4.716893335183460212e-01 4.708406726519266949e-01 4.644242922465008916e-01 4.671148161093402473e-01
4.617800811926524029e-01 4.634808401266735101e-01 4.641745487848917273e-01 4.560400446255997720e-01
4.641937712828317908e-01 4.712300995985665986e-01 4.771058758099878117e-01 4.722116788228355455e-01
4.675826927026111579e-01 4.690563579400375271e-01 4.653065204620360218e-01 4.604122141997019080e-01
4.583226442337036133e-01 4.620802601178483626e-01 4.619257251421614585e-01 4.655222495396936777e-01
4.620953202247621294e-01 4.664540191491440280e-01 4.554488758246100777e-01 4.499797125657399310e-01
4.618866642316178384e-01 4.720256626605991435e-01 4.732281963030496863e-01 4.738336900870002699e-01
4.507394035657247278e-01 4.559683899084721048e-01 4.524928430716190775e-01 4.537681440512341124e-01
4.632854064305627073e-01 4.738477170467372268e-01 4.674257437388106284e-01 4.678930739561717456e-01
4.628866712252295290e-01 4.710076948006949316e-01 4.694180786609646328e-01 4.667737384637197229e-01
4.559889435768126331e-01 4.638977150122322590e-01 4.621449311574296059e-01 4.592856764793394331e-01
4.687395592530563815e-01 4.717636704444884144e-01 4.682891865571336409e-01 4.681725700696310888e-01
4.669234951337187245e-01 4.801295697689053621e-01 4.603698650995890485e-01 4.611393908659617291e-01
4.575132330258686042e-01 4.648723204930623742e-01 4.394061664740247508e-01 4.380634129047399350e-01
4.616498649120324704e-01 4.701697826385501378e-01 4.569756388664244495e-01 4.586589833100629399e-01
4.692754050095878648e-01 4.793553551038104432e-01 4.760129551092781575e-01 4.721833864847818640e-01
4.556616644064584998e-01 4.626054465770721436e-01 4.618168870608010956e-01 4.597037335236868749e-01
4.674107134342191938e-01 4.727798402309417169e-01 4.656707545121512859e-01 4.633083641529084362e-01
4.722318053245537217e-01 4.723149538040159467e-01 4.692356983820594185e-01 4.657213389873509080e-01
4.653356870015467606e-01 4.661226272583007812e-01 4.638186593850454065e-01 4.588468472162880452e-01
4.755705396334332646e-01 4.727546970049540387e-01 4.675140579541524621e-01 4.651139974594115656e-01
4.641838570435843359e-01 4.725293914477028956e-01 4.590865870316823694e-01 4.661646584669745796e-01
4.618063469727838322e-01 4.614312350749969482e-01 4.427117904027303430e-01 4.398289620876318362e-01
4.582890768845883089e-01 4.655244847138717557e-01 4.583590726057693576e-01 4.563095867633820690e-01
4.680387874444326690e-01 4.726191361745197272e-01 4.676255285739900347e-01 4.671998023986816961e-01
4.554675718148550323e-01 4.637883305549625468e-01 4.468646049499510609e-01 4.465966522693636809e-01
4.656030038992564624e-01 4.683448374271395043e-01 4.646538297335310319e-01 4.631928900877635980e-01
4.657413760821020321e-01 4.712867438793183483e-01 4.600105285644529585e-01 4.637032647927604723e-01
4.550288716952007317e-01 4.605506360530859378e-01 4.576768775780994947e-01 4.542225003242494896e-01
4.615139762560522829e-01 4.656013250350950483e-01 4.637382626533504970e-01 4.612533748149869051e-01
4.657453497250877428e-01 4.734296500682831366e-01 4.590464731057488645e-01 4.599230090777076674e-01
4.619448979695638391e-01 4.658757746219632234e-01 4.520286719004310561e-01 4.497979283332822487e-01
4.701547722021744424e-01 4.780334333578739603e-01 4.699999392032618850e-01 4.734163582324983355e-01
4.708003203074141441e-01 4.759346644083661815e-01 4.630916515986121529e-01 4.597650070985154214e-01
4.571730693181350613e-01 4.637007216612497595e-01 4.560760458310449961e-01 4.499407311280564370e-01
4.715603987375892037e-01 4.725105365117397427e-01 4.587441583474480833e-01 4.593077401320135866e-01
4.667800366878508411e-01 4.761569599310557233e-01 4.681618809700009987e-01 4.649209777514134445e-01
4.503772656122839724e-01 4.547520379225418186e-01 4.561111032962802403e-01 4.510209163029987867e-01
4.642936487992614381e-01 4.679368038972219757e-01 4.653705954551694557e-01 4.622893730799359502e-01
