4.698000351587932055e-01 4.534033536911009632e-01 4.638708829879763518e-01 4.744407335917154578e-01 4.550582965215045350e-01 4.406921068827308052e-01 4.397449890772497372e-01 4.634502728780106051e-01 4.585338433583578399e-01 4.499995311101277484e-01 4.449746211369832727e-01 4.594038327534996080e-01 4.792974789937337055e-01 4.685841798782350298e-01 4.645882447560630846e-01 4.729040066401167253e-01
4.563318490982053999e-01 4.383640686670937647e-01 4.474593400955198530e-01 4.731742143630981445e-01 4.486041863759361870e-01 4.270716905593874846e-01 4.312504132588700911e-01 4.507860342661539343e-01 4.591728846232097094e-01 4.410447676976522180e-01 4.417372544606527063e-01 4.600759347279870237e-01 4.744700988133748187e-01 4.505710999170935982e-01 4.581068754196166992e-01 4.619490305582680811e-01
4.816105365753174938e-01 4.554079373677570319e-01 4.574675162633262127e-01 4.801041682561238977e-01 4.726410706837975706e-01 4.482409556706748455e-01 4.555193980534875675e-01 4.686824083328248736e-01 4.760944843292234663e-01 4.594790538152060400e-01 4.560304880142212469e-01 4.631388187408448376e-01 4.938618739446007377e-01 4.673368533452351703e-01 4.712052742640179259e-01 4.726152817408243445e-01
4.828574657440184992e-01 4.483164151509599904e-01 4.508688847223912832e-01 4.816919565200801223e-01 4.730345408121744977e-01 4.485003948211670477e-01 4.607679843902586780e-01 4.678904612859089984e-01 4.749373197555543658e-01 4.554053544998166725e-01 4.546988010406493030e-01 4.608604113260904578e-01 4.803992907206217078e-01 4.620573918024702409e-01 4.646924734115606692e-01 4.848325649897262113e-01
4.701538483301795357e-01 4.458606243133542146e-01 4.492144187291460811e-01 4.726163943608601703e-01 4.548456668853758655e-01 4.292289415995278468e-01 4.481468200683592640e-01 4.627062082290651079e-01 4.399031003316241639e-01 4.431119362513226134e-01 4.372719526290896330e-01 4.525251388549803022e-01 4.765392541885375977e-01 4.551252524058024829e-01 4.637124141057334392e-01 4.780002037684121796e-01
4.810266892115273030e-01 4.536298910776775384e-01 4.592158794403078947e-01 4.825411637624105743e-01 4.647729794184364271e-01 4.524358908335368024e-01 4.565929174423218329e-01 4.732863108317053591e-01 4.614052772521975432e-01 4.644232193628949901e-01 4.509057601292924544e-01 4.641836086908978087e-01 4.793686469395954663e-01 4.691333770751954235e-01 4.705704450607300360e-01 4.802901744842531517e-01
4.918356339136757405e-01 4.464520613352454537e-01 4.576241970062253084e-01 4.859080314636229914e-01 4.624268213907874459e-01 4.409026702245076867e-01 4.420849482218427995e-01 4.619606335957848198e-01 4.624998172124227258e-01 4.468629360198973499e-01 4.459595282872516053e-01 4.589613278706864974e-01 4.779975811640425065e-01 4.579962491989134077e-01 4.693375031153360077e-01 4.775031010309855328e-01
4.763569434483846399e-01 4.420675436655682189e-01 4.549735387166341516e-01 4.781016111373903588e-01 4.585752884546913100e-01 4.417093197504682323e-01 4.406362374623615796e-01 4.692519903182979513e-01 4.524666865666706617e-01 4.452358484268189032e-01 4.409093062082923287e-01 4.549195369084680918e-01 4.750454425811769243e-01 4.480696916580197420e-01 4.533975521723428437e-01 4.637296199798583984e-01
4.744650522867836506e-01 4.436703125635781952e-01 4.580101172129312781e-01 4.761886199315384927e-01 4.640666246414183460e-01 4.490105311075845429e-01 4.460630019505820165e-01 4.616254965464275384e-01 4.733889897664388946e-01 4.619190295537314861e-01 4.597453673680620412e-01 4.584534565607706891e-01 4.749172925949093349e-01 4.546284278233844178e-01 4.610890547434488562e-01 4.686083793640135053e-01
4.831412235895788942e-01 4.577242533365886157e-01 4.684309562047319631e-01 4.945466121037800922e-01 4.720447063446041036e-01 4.534227450688680938e-01 4.531631072362263257e-01 4.729867378870649675e-01 4.815125862757367869e-01 4.587583939234415320e-01 4.665218989054361609e-01 4.725704987843835081e-01 4.928121964136755739e-01 4.651480118433630184e-01 4.718533754348757103e-01 4.790583451588948938e-01
4.609799782435101134e-01 4.355923732121782521e-01 4.521210988362627803e-01 4.739664395650228790e-01 4.598608811696368592e-01 4.518104394276941105e-01 4.505080382029214570e-01 4.627261559168496241e-01 4.613749186197917962e-01 4.516894817352298253e-01 4.507953325907390063e-01 4.567970434824626391e-01 4.764573574066158779e-01 4.555894136428833008e-01 4.628229141235350452e-01 4.656150341033931106e-01
4.834366639455158765e-01 4.515788555145263117e-01 4.693591594696048253e-01 4.836941957473746001e-01 4.740492105484002128e-01 4.452391862869266026e-01 4.538354078928629187e-01 4.680368105570479886e-01 4.651218255360921039e-01 4.530808130900067510e-01 4.460280736287438041e-01 4.663007259368897039e-01 4.830640157063798013e-01 4.698185125986731325e-01 4.757571220397949219e-01 4.812137683232626806e-01
4.854750235875450182e-01 4.555017550786338298e-01 4.630588293075564854e-01 4.827710390090944603e-01 4.696311155954996375e-01 4.414475758870445854e-01 4.588678280512494267e-01 4.728917678197228636e-01 4.644472996393840258e-01 4.544628063837683474e-01 4.530761639277138819e-01 4.747530619303386712e-01 4.808653593063354492e-01 4.692520697911575778e-01 4.624454180399578118e-01 4.707421064376832165e-01
4.647953907648722516e-01 4.437525669733681788e-01 4.530591169993084533e-01 4.727687438329062908e-01 4.471016327540077162e-01 4.339040517807004615e-01 4.367699623107912377e-01 4.587964216868086753e-01 4.513901472091669809e-01 4.467644294102989244e-01 4.413896004358927039e-01 4.477108716964720014e-01 4.621669451395669648e-01 4.483846028645832593e-01 4.467805624008181486e-01 4.605473677317301062e-01
4.825181166330975158e-01 4.528668324152626545e-01 4.598664442698167099e-01 4.771631161371872598e-01 4.678266843159991084e-01 4.490996201833090673e-01 4.603610833485920484e-01 4.734943310419721940e-01 4.686783552169800915e-01 4.603877464930217767e-01 4.465653101603191955e-01 4.717272122701005599e-01 4.872928063074745686e-01 4.524536132812502776e-01 4.647497336069738583e-01 4.805749654769894685e-01
4.870715538660681521e-01 4.532638788223267157e-01 4.681733051935827450e-01 4.716467459996540601e-01 4.576965570449832432e-01 4.464068015416463031e-01 4.470622936884568466e-01 4.656215906143188477e-01 4.590532779693607957e-01 4.535314242045083155e-01 4.480303525924679287e-01 4.597698847452805770e-01 4.746337731679284855e-01 4.615943034489950469e-01 4.598368406295775812e-01 4.649055798848475418e-01
4.671850601832076011e-01 4.470612208048503899e-01 4.453063805898027638e-01 4.829108317693076580e-01 4.590084155400595001e-01 4.319462378819785009e-01 4.344946146011355315e-01 4.599978526433305959e-01 4.432928562164303865e-01 4.379832744598389782e-01 4.399843215942381147e-01 4.463927348454793664e-01 4.672973553339642150e-01 4.617020686467488422e-01 4.520188570022585228e-01 4.660744667053224877e-01
4.693518479665117482e-01 4.473577737808229204e-01 4.500894943873087195e-01 4.783265193303427032e-01 4.647405147552486904e-01 4.412757158279416725e-01 4.563620885213214851e-01 4.598116874694822553e-01 4.624900023142498595e-01 4.559959967931104252e-01 4.557853539784746943e-01 4.726736148198446563e-01 4.801096121470138645e-01 4.588993390401204242e-01 4.602341254552202443e-01 4.823530117670696282e-01
4.851249059041338185e-01 4.557788372039792701e-01 4.675703843434652063e-01 4.777020215988155294e-01 4.647069374720254609e-01 4.536374409993488288e-01 4.543412923812866211e-01 4.782854715983069771e-01 4.651503960291544781e-01 4.570964574813840553e-01 4.535182317097986582e-01 4.740603367487587483e-01 4.867155551910402056e-01 4.671358267466228509e-01 4.631013472874965231e-01 4.777424732844032795e-01
4.630470275878909026e-01 4.419702688852946149e-01 4.435297648111984903e-01 4.674594402313229091e-01 4.504282077153522468e-01 4.414896965026858244e-01 4.417528708775835256e-01 4.523843526840212736e-01 4.568092425664260214e-01 4.530817667643228797e-01 4.364312887191771351e-01 4.547258218129472951e-01 4.684991041819253077e-01 4.559595584869383655e-01 4.577116568883258241e-01 4.702335993448891749e-01
4.932476282119747646e-01 4.630745649337770775e-01 4.575036366780597108e-01 4.959621032079064573e-01 4.731967846552528889e-01 4.531505902608235492e-01 4.551379283269241793e-01 4.668458700180052601e-01 4.538502295811970844e-01 4.487323760986332011e-01 4.508934815724695011e-01 4.670117298761997660e-01 4.652989308039349181e-01 4.632281462351481860e-01 4.489550590515133388e-01 4.671118259429929975e-01
4.774293502171836345e-01 4.398049513498942797e-01 4.484803676605227385e-01 4.734644889831539638e-01 4.584233760833736349e-01 4.445956548055015611e-01 4.501796563466394230e-01 4.679485559463502642e-01 4.735055367151896344e-01 4.577318032582603502e-01 4.550799926122029992e-01 4.777608315149940998e-01 4.772203763326010040e-01 4.570607344309485787e-01 4.575058619181316399e-01 4.725778897603351014e-01
4.717638095219927608e-01 4.458297491073609509e-01 4.511856238047285972e-01 4.723500013351445981e-01 4.540931781133015765e-01 4.356155395507811945e-01 4.409414132436118572e-01 4.544666608174640632e-01 4.575690428415936095e-01 4.448690017064412250e-01 4.472392797470092218e-01 4.522591431935630846e-01 4.696793556213376686e-01 4.507094224294029283e-01 4.519787629445396471e-01 4.653757810592653033e-01
4.829935630162553450e-01 4.614604711532593884e-01 4.710563023885090406e-01 4.932670195897422838e-01 4.781252543131516708e-01 4.549147685368857275e-01 4.627918799718224174e-01 4.812761545181272749e-01 4.626712401707969158e-01 4.529792467753090968e-01 4.477496941884357984e-01 4.621841510136922571e-01 4.728250106175741485e-01 4.523326555887859368e-01 4.554227193196612733e-01 4.750079313913977974e-01
4.810901482899987425e-01 4.510822296142573684e-01 4.679398536682131127e-01 4.905969301859532949e-01 4.616781870524087616e-01 4.490852753321329938e-01 4.534295797348021351e-01 4.778148333231609368e-01 4.728795687357583155e-01 4.620281060536701734e-01 4.599758386611935701e-01 4.664962291717531517e-01 4.683896303176879883e-01 4.665963649749758635e-01 4.645980199178060266e-01 4.704707463582358806e-01
4.783754746119174839e-01 4.484765926996863716e-01 4.497360785802203553e-01 4.715712467829389909e-01 4.517252445220945600e-01 4.312489430109657240e-01 4.433053731918337181e-01 4.545623461405434718e-01 4.508288304011025538e-01 4.455933968226110098e-01 4.355977376302081483e-01 4.556703964869182610e-01 4.687612454096479198e-01 4.573984940846761438e-01 4.590643246968585944e-01 4.608792861302698496e-01
4.796399275461831757e-01 4.544378121693925521e-01 4.655236005783082165e-01 4.919909636179602974e-01 4.662152926127113295e-01 4.479478995005284347e-01 4.591348171234126418e-01 4.778629541397095282e-01 4.768021504084270501e-01 4.593522548675537109e-01 4.545380274454751679e-01 4.728911717732743880e-01 4.810683329900103389e-01 4.581897258758543812e-01 4.569999376932778468e-01 4.776647885640463165e-01
4.874451557795206336e-01 4.708306789398193359e-01 4.743569691975913494e-01 4.970192511876426189e-01 4.723818699518835817e-01 4.593924283981323797e-01 4.726865291595460095e-01 4.856328964233398438e-01 4.624548753102623588e-01 4.619707266489666564e-01 4.405650695164995967e-01 4.616369009017946556e-01 4.803950786590576727e-01 4.713237682978312915e-01 4.658945798873896371e-01 4.819604953130084968e-01
4.706135988235472523e-01 4.445486863454182203e-01 4.563817580540976415e-01 4.806569814682006836e-01 4.548350572586060125e-01 4.398687283198038367e-01 4.526054461797076600e-01 4.617432753245033772e-01 4.610472917556764916e-01 4.462151527404786266e-01 4.334166049957275946e-01 4.510627985000604800e-01 4.725046952565512548e-01 4.578016201655070172e-01 4.590545495351155969e-01 4.747960567474363569e-01
4.881835381189984502e-01 4.556285540262859923e-01 4.683312972386681761e-01 4.797471761703492321e-01 4.764122168223061671e-01 4.548798004786171467e-01 4.581907987594602272e-01 4.742160638173419929e-01 4.626773595809937079e-01 4.568565686543783477e-01 4.492445786794028173e-01 4.704818328221639923e-01 4.685381650924678176e-01 4.593849182128907915e-01 4.549650748570759351e-01 4.769161144892375415e-01
4.816909631093339583e-01 4.649991989135741077e-01 4.669304688771564460e-01 4.934663375218709680e-01 4.636272589365640351e-01 4.585659106572471111e-01 4.626630942026773718e-01 4.760710000991819069e-01 4.718306064605718997e-01 4.602157274881998328e-01 4.493509531021117054e-01 4.599776665369668671e-01 4.789507786432900538e-01 4.616792599360150517e-01 4.626454909642541136e-01 4.763238430023192249e-01
4.683567285537725833e-01 4.563900232315061811e-01 4.515354633331299938e-01 4.717002709706623054e-01 4.633638858795169346e-01 4.495573441187542540e-01 4.478716850280761164e-01 4.727369149525958991e-01 4.608253240585325483e-01 4.497439066569010047e-01 4.424632787704465553e-01 4.618201255798342064e-01 4.697424570719401227e-01 4.598786036173502234e-01 4.477939208348594158e-01 4.741390546162929653e-01
4.780389070510863703e-01 4.543979962666829797e-01 4.587903817494713987e-01 4.795794486999511164e-01 4.713954130808512000e-01 4.452226161956790440e-01 4.556472301483154297e-01 4.728355407714840974e-01 4.691180388132732415e-01 4.494054317474365789e-01 4.386820793151856579e-01 4.562352498372391763e-01 4.707749684651692523e-01 4.601715405782065282e-01 4.596371253331499873e-01 4.736191034317014381e-01
4.911431074142456610e-01 4.621811310450232302e-01 4.681734641393026641e-01 4.914940198262534587e-01 4.674334526062012274e-01 4.443375269571941955e-01 4.559308290481569603e-01 4.709827105204267839e-01 4.828305641810103355e-01 4.662001927693683601e-01 4.680151542027795597e-01 4.787439107894895796e-01 4.870487451553348057e-01 4.653124411900833590e-01 4.577590624491372773e-01 4.858144124348958148e-01
4.694886207580568072e-01 4.506779114405312647e-01 4.576817750930789463e-01 4.819747209548945754e-01 4.584364493687947961e-01 4.414633512496951573e-01 4.519440730412800922e-01 4.772307872772217352e-01 4.669055938720701460e-01 4.451872507731123862e-01 4.455513556798297858e-01 4.551126162211101556e-01 4.644155502319338158e-01 4.460482597351071998e-01 4.492760101954137997e-01 4.582146406173702724e-01
4.820968310038258320e-01 4.552492300669350178e-01 4.605502684911092492e-01 4.844188690185552981e-01 4.768827756245934135e-01 4.549372196197509211e-01 4.618595441182451466e-01 4.808686176935831891e-01 4.662299553553265197e-01 4.646102984746295350e-01 4.492953221003214148e-01 4.623015721638995545e-01 4.835309187571204537e-01 4.670954545338944497e-01 4.674371083577475994e-01 4.764008124669391053e-01
4.856119155883785177e-01 4.721604585647579677e-01 4.764445622762042976e-01 4.930361111958824205e-01 4.770203828811646618e-01 4.629147052764891468e-01 4.578589200973515738e-01 4.835681120554605750e-01 4.657263755798339289e-01 4.533826112747197379e-01 4.579688707987468743e-01 4.603693485260013651e-01 4.879820346832276501e-01 4.596338272094730448e-01 4.659734567006425521e-01 4.778334299723307477e-01
4.814276297887165046e-01 4.473016262054441139e-01 4.542486270268754622e-01 4.773841698964439439e-01 4.562218983968094888e-01 4.406846364339188082e-01 4.419386784235636578e-01 4.648632605870567369e-01 4.502787192662555116e-01 4.465876022974650805e-01 4.422977765401205352e-01 4.531693061192828553e-01 4.606210788091024133e-01 4.553570747375487171e-01 4.504592021306353944e-01 4.616109132766720857e-01
4.847492774327597509e-01 4.674706459045407936e-01 4.651607275009157494e-01 4.892618258794150243e-01 4.743349949518836928e-01 4.607428709665936095e-01 4.634959697723390892e-01 4.736658334732053999e-01 4.603435198465987144e-01 4.476893742879230476e-01 4.445496797561645508e-01 4.533752997716270494e-01 4.667528072992958021e-01 4.522265195846557062e-01 4.667942126592000140e-01 4.695725838343302039e-01
4.828385909398394960e-01 4.586597283681231318e-01 4.668976863225302032e-01 4.874580303827923955e-01 4.801690578460694470e-01 4.636437495549517451e-01 4.611501296361286695e-01 4.802672863006592352e-01 4.681610663731894384e-01 4.601629575093585944e-01 4.610795974731447533e-01 4.623984098434441026e-01 4.824497302373250696e-01 4.658464988072711921e-01 4.713294506073002488e-01 4.851203362147011311e-01
4.704816738764447392e-01 4.533965984980265485e-01 4.576238791147867468e-01 4.841493765513102954e-01 4.684348901112874719e-01 4.479383627573648718e-01 4.561691681543986188e-01 4.718672831853233385e-01 4.580261309941612291e-01 4.459384679794313189e-01 4.476479689280190577e-01 4.508092800776165032e-01 4.721435308456419788e-01 4.518358707427979071e-01 4.505984783172609087e-01 4.627941052118936249e-01
4.941213130950931620e-01 4.600610335667924544e-01 4.771342277526855469e-01 4.842571417490643682e-01 4.820108811060593301e-01 4.644886255264278896e-01 4.665431181589759224e-01 4.840271472930906538e-01 4.658036629358920377e-01 4.495193163553873328e-01 4.477120637893675092e-01 4.659823576609298246e-01 4.777717192967731452e-01 4.571090936660764936e-01 4.684451818466181527e-01 4.867690006891888244e-01
4.939310550689697821e-01 4.662349224090576727e-01 4.721524715423588425e-01 4.899079004923502789e-01 4.740904569625852272e-01 4.607234398523965546e-01 4.593553543090821978e-01 4.866350491841635595e-01 4.671193758646649541e-01 4.500004053115844727e-01 4.519764184951787223e-01 4.543293317159018407e-01 4.774284760157266883e-01 4.550950924555461352e-01 4.617410898208622605e-01 4.730208714803056935e-01
4.648027420043944202e-01 4.365993340810137568e-01 4.490066369374594024e-01 4.701851209004724863e-01 4.708637793858844178e-01 4.512547651926676062e-01 4.555059274037680517e-01 4.726903041203812661e-01 4.616115093231203392e-01 4.470589558283488696e-01 4.424377679824831322e-01 4.543191989262900243e-01 4.540820916493737425e-01 4.379578431447345155e-01 4.382587671279906116e-01 4.542065461476645361e-01
4.817631642023723626e-01 4.512887001037600432e-01 4.568655490875236369e-01 4.738400379816689045e-01 4.690142472585041578e-01 4.527351458867389100e-01 4.572700659434004167e-01 4.740402698516846258e-01 4.677784840265910016e-01 4.575588305791218890e-01 4.586085081100462757e-01 4.755190213521324760e-01 4.775086641311646618e-01 4.550825754801431922e-01 4.571465651194256963e-01 4.745140870412189460e-01
4.711881478627524822e-01 4.513079325358074212e-01 4.490074714024860358e-01 4.853273232777916002e-01 4.552870988845823530e-01 4.360406398773193359e-01 4.415673414866128077e-01 4.611988067626955345e-01 4.533680677413935434e-01 4.407277107238766756e-01 4.378315607706708690e-01 4.473319848378502495e-01 4.637974103291831462e-01 4.463810125986734101e-01 4.530017773310340834e-01 4.672675927480056113e-01
4.746299187342326587e-01 4.521292448043822687e-01 4.535128275553378385e-01 4.751775264739992455e-01 4.522820313771566125e-01 4.300110737482707446e-01 4.380199511845906946e-01 4.524436394373574921e-01 4.560819864273069624e-01 4.424916505813598078e-01 4.385022719701129335e-01 4.541624387105305249e-01 4.712114731470748441e-01 4.523057142893474603e-01 4.524719715118405428e-01 4.711708227793380832e-01
4.828685919443768126e-01 4.591623942057289631e-01 4.616235891977945038e-01 4.901311397552488569e-01 4.726452827453613836e-01 4.536586602528895895e-01 4.591569105784096827e-01 4.790167411168417821e-01 4.594565232594804982e-01 4.565922419230141749e-01 4.612000783284503358e-01 4.692096710205075349e-01 4.882181882858276922e-01 4.639068047205602285e-01 4.698743025461828982e-01 4.895302851994834392e-01
4.727555910746258916e-01 4.575847387313839998e-01 4.574837684631346546e-01 4.851381778717041571e-01 4.715598026911412832e-01 4.526657263437911527e-01 4.605915943781531130e-01 4.782192707061769243e-01 4.862737258275351970e-01 4.571412801742547605e-01 4.549052317937213319e-01 4.638518889745077978e-01 4.801524082819615402e-01 4.578721523284916550e-01 4.558284282684324507e-01 4.598612785339352138e-01
4.745980898539229331e-01 4.491060972213747338e-01 4.560513496398922451e-01 4.831293026606244267e-01 4.539381265640258234e-01 4.455579519271849476e-01 4.517190456390380304e-01 4.644168217976885615e-01 4.632643858591718455e-01 4.484032392501827724e-01 4.400410652160646752e-01 4.492562611897784053e-01 4.664084513982138525e-01 4.497964382171629749e-01 4.466700156529745391e-01 4.581768910090130431e-01
4.825173219044999184e-01 4.614414374033606880e-01 4.665360053380329663e-01 4.880644480387367201e-01 4.715661605199176210e-01 4.532240629196168658e-01 4.579369624455769117e-01 4.768137137095133093e-01 4.725596110026044627e-01 4.612051248550411153e-01 4.534190495808919641e-01 4.747152328491214823e-01 4.776249726613363555e-01 4.573979377746584807e-01 4.602255423863728101e-01 4.748310248057046046e-01
4.835871855417883114e-01 4.605729977289836352e-01 4.615831375122069757e-01 4.791487455368041992e-01 4.758584499359135300e-01 4.444138606389364532e-01 4.528655211130780400e-01 4.718488454818726141e-01 4.635652701059975178e-01 4.514837265014646217e-01 4.354144732157388398e-01 4.590164025624594024e-01 4.727317492167154578e-01 4.624633391698201312e-01 4.560607274373373321e-01 4.662192662556964851e-01
4.752391179402672416e-01 4.425155719121294795e-01 4.570534626642863141e-01 4.660975933074950617e-01 4.531434377034506689e-01 4.367702404657999304e-01 4.421833753585815430e-01 4.540747801462808875e-01 4.509989023208622050e-01 4.399023850758872478e-01 4.380848010381067636e-01 4.468748966852821858e-01 4.715743462244673112e-01 4.515117406845093329e-01 4.517594973246257251e-01 4.709391593933106024e-01
4.748592774073281397e-01 4.435178041458126552e-01 4.628148476282754609e-01 4.863845507303874438e-01 4.569136301676431922e-01 4.471969604492188055e-01 4.513369798660277210e-01 4.732707738876340553e-01 4.590367873509724195e-01 4.621708393096922718e-01 4.503262837727866619e-01 4.629051685333254729e-01 4.722182750701904297e-01 4.623649517695113120e-01 4.480335712432862993e-01 4.786061843236285029e-01
4.694371223449705366e-01 4.538640181223550507e-01 4.675259590148932443e-01 4.825252294540404718e-01 4.707382520039877782e-01 4.485723574956252402e-01 4.615404208501180383e-01 4.743263324101772982e-01 4.627567132314046594e-01 4.484938780466716790e-01 4.507041772206624164e-01 4.544564485549925648e-01 4.822293519973752662e-01 4.572294155756627676e-01 4.567488829294837349e-01 4.683348337809245532e-01
4.716587464014691533e-01 4.464991490046185674e-01 4.542152881622313343e-01 4.764556884765621114e-01 4.615150292714438329e-01 4.469536940256754187e-01 4.448180993398031524e-01 4.591802358627316005e-01 4.556982517242433861e-01 4.444554249445596406e-01 4.389861822128294788e-01 4.598267475763961332e-01 4.871826966603599596e-01 4.622438748677572540e-01 4.548356135686236756e-01 4.726111094156900672e-01
4.858506917953491211e-01 4.655916690826417126e-01 4.691855907440183882e-01 4.913366635640461499e-01 4.761995871861774421e-01 4.605912367502849047e-01 4.570331970850625702e-01 4.811380704243982120e-01 4.636738697687784461e-01 4.461446603139244127e-01 4.492263793945313610e-01 4.687055746714271498e-01 4.898541371027629876e-01 4.679537614186603522e-01 4.733201265335080232e-01 4.823167324066159334e-01
4.830723206202189868e-01 4.546645085016891019e-01 4.676817655563349496e-01 4.841030438741047437e-01 4.720952510833741345e-01 4.518957932790124143e-01 4.571477572123212596e-01 4.715473651885986883e-01 4.712238311767577015e-01 4.546757936477660023e-01 4.604355096817016046e-01 4.749840497970581610e-01 4.765944480895992208e-01 4.589577913284305644e-01 4.565495649973552728e-01 4.624329805374146618e-01
4.780240853627520381e-01 4.516043663024903454e-01 4.494547843933108244e-01 4.799093008041381281e-01 4.577857653299965968e-01 4.412928024927772475e-01 4.459866682688393147e-01 4.585438569386799945e-01 4.558804432551065156e-01 4.501298268636069189e-01 4.492773214975992468e-01 4.476665258407593329e-01 4.630879561106361897e-01 4.456007083257035317e-01 4.491906166076660156e-01 4.631263812383020761e-01
4.739493529001868044e-01 4.558362166086833422e-01 4.589133659998572146e-01 4.836041529973345576e-01 4.659136136372879489e-01 4.468163251876831610e-01 4.583070675532024407e-01 4.780728022257487719e-01 4.568942387898762836e-01 4.496594270070389809e-01 4.367764393488560715e-01 4.601296186447146885e-01 4.805287917455040581e-01 4.635618527730308025e-01 4.592638015747073088e-01 4.760810931523640765e-01
4.766925573349001799e-01 4.565129677454630719e-01 4.505432844161984529e-01 4.874757925669354619e-01 4.691453377405799263e-01 4.484045902887982549e-01 4.548335870107014234e-01 4.681762854258219031e-01 4.675024747848510187e-01 4.587785402933760026e-01 4.502197901407877789e-01 4.744319121042883114e-01 4.793692429860431647e-01 4.683101574579872084e-01 4.544517199198401802e-01 4.759956995646157929e-01
4.682685534159341523e-01 4.479312499364215272e-01 4.563432137171426484e-01 4.731275240580239405e-01 4.584759473800661955e-01 4.481206734975181627e-01 4.399391412734983131e-01 4.606173038482666571e-01 4.592973788579298167e-01 4.413437048594153200e-01 4.428517421086627937e-01 4.575449625651040186e-01 4.744573434193929407e-01 4.589558045069374037e-01 4.577473402023317095e-01 4.778489271799721827e-01
4.818993806838989258e-01 4.641895691553751258e-01 4.611937204996743311e-01 4.909071524937943520e-01 4.608552455902096279e-01 4.566473960876468730e-01 4.544677337010696316e-01 4.722354809443153334e-01 4.670205911000571142e-01 4.435989856719974589e-01 4.423392216364542273e-01 4.535130262374881260e-01 4.799362023671464028e-01 4.537475903828941393e-01 4.575995206832884632e-01 4.667643706003820614e-01
4.803105592727660023e-01 4.708865086237590813e-01 4.565473397572840097e-01 4.846274455388386859e-01 4.781108697255451734e-01 4.574493964513142163e-01 4.628802935282390618e-01 4.793076117833451333e-01 4.597624540328981158e-01 4.545969565709431226e-01 4.515328407287599877e-01 4.688003460566204095e-01 4.838903347651169473e-01 4.594474236170455472e-01 4.647177457809449908e-01 4.834083318710326038e-01
4.768662850062050373e-01 4.576398531595865515e-01 4.686421950658157809e-01 4.752541780471803978e-01 4.652735392252603797e-01 4.473406473795571991e-01 4.446233908335364693e-01 4.654035965601602265e-01 4.657545487085973934e-01 4.457490841547649407e-01 4.371353785196943065e-01 4.551825523376464844e-01 4.837725957234701446e-01 4.614219665527345415e-01 4.535423119862875274e-01 4.782999356587733231e-01
4.817537069320672050e-01 4.546983639399209687e-01 4.644185304641724188e-01 4.900677998860679119e-01 4.710146983464558179e-01 4.493083159128823945e-01 4.557733535766601562e-01 4.746607144673663514e-01 4.776821533838905287e-01 4.689379135767619555e-01 4.574522574742633796e-01 4.705267349878944350e-01 4.900544881820677601e-01 4.717489480972292260e-01 4.680122534434000281e-01 4.928554693857831182e-01
4.830010732014978214e-01 4.632234573364260033e-01 4.583243926366169507e-01 4.846679766972863956e-01 4.722279310226434879e-01 4.518783092498777632e-01 4.565025568008422296e-01 4.767305056254069751e-01 4.677791992823281397e-01 4.518808126449585516e-01 4.432373444239300353e-01 4.613457918167112592e-01 4.812922080357872612e-01 4.602738618850709673e-01 4.610816240310665060e-01 4.759840965270996094e-01
4.722978671391805383e-01 4.479780197143558018e-01 4.591987530390416739e-01 4.806900819142660430e-01 4.659808874130244027e-01 4.470338026682537103e-01 4.433032671610521724e-01 4.651289383570353375e-01 4.567488431930541437e-01 4.554599126180015611e-01 4.540795485178626967e-01 4.676440159479778869e-01 4.757354656855267705e-01 4.597586790720620820e-01 4.646030664443969171e-01 4.757623672485354338e-01
4.718435605367028995e-01 4.526728789011637000e-01 4.534272352854411547e-01 4.794956048329669374e-01 4.723657766977951145e-01 4.514990647633870258e-01 4.562285741170245545e-01 4.766646623611453526e-01 4.623446464538567002e-01 4.416747093200686369e-01 4.340015649795527786e-01 4.575409094492596807e-01 4.670981963475545617e-01 4.506779511769609115e-01 4.446905453999837055e-01 4.636858304341631709e-01
4.761511484781904002e-01 4.497870604197185540e-01 4.597917000452677594e-01 4.830698172251383649e-01 4.676033655802411260e-01 4.540050824483231606e-01 4.638253450393673982e-01 4.814157883326216081e-01 4.793165524800619970e-01 4.714093208312987726e-01 4.622006018956503204e-01 4.787767330805460797e-01 4.830118020375568366e-01 4.591751098632814720e-01 4.682881037394204804e-01 4.860693216323854760e-01
4.635189771652219459e-01 4.462494452794396604e-01 4.451525608698527758e-01 4.751087427139283337e-01 4.527733325958250843e-01 4.404158592224123869e-01 4.362687269846599047e-01 4.673435290654500140e-01 4.563361406326292280e-01 4.464043776194256408e-01 4.428151448567710924e-01 4.588798681894938891e-01 4.664709568023681641e-01 4.407598972320554975e-01 4.523512125015257124e-01 4.610263506571449788e-01
4.771005312601724335e-01 4.555415709813436242e-01 4.601008892059322286e-01 4.904681841532389508e-01 4.737121661504110626e-01 4.467873573303220436e-01 4.599728981653844473e-01 4.848488966623943908e-01 4.796390533447263960e-01 4.617357254028318647e-01 4.596946239471429996e-01 4.726116657257085629e-01 4.773763815561927748e-01 4.509518146514892578e-01 4.634569883346554842e-01 4.758090178171788254e-01
4.758096933364868719e-01 4.523073434829707473e-01 4.621500968933108799e-01 4.894680579503379869e-01 4.743516445159912664e-01 4.490780035654701186e-01 4.553668498992921587e-01 4.770457744598389227e-01 4.709014097849525404e-01 4.620350599288941540e-01 4.548842112223308032e-01 4.709051847457886297e-01 4.850216706593831195e-01 4.597141742706300493e-01 4.596553246180219432e-01 4.816502332687376819e-01
4.762773911158241780e-01 4.563260078430174116e-01 4.637039502461747231e-01 4.866394201914469586e-01 4.538397391637168377e-01 4.375126361846920497e-01 4.463194211324054139e-01 4.589280684789020515e-01 4.619654417037963867e-01 4.426828622817993164e-01 4.462647040685018274e-01 4.612702528635660437e-01 4.865672190984089984e-01 4.573642015457158316e-01 4.597191413243612579e-01 4.698886076609292695e-01
4.940290848414097824e-01 4.589620828628541704e-01 4.662933349609372780e-01 4.882435798645020641e-01 4.746382236480711780e-01 4.473288456598922824e-01 4.606834650039673407e-01 4.718343019485473633e-01 4.624628225962320593e-01 4.524991114934281966e-01 4.537732203801472242e-01 4.649250507354736328e-01 4.888972838719689573e-01 4.692975282669066828e-01 4.700976610183717486e-01 4.838943481445314720e-01
4.784297943115236040e-01 4.594429731369015224e-01 4.648293654123940577e-01 5.033234357833864525e-01 4.755804538726802755e-01 4.542407592137659433e-01 4.652212858200072687e-01 4.871441920598351127e-01 4.602864980697630171e-01 4.485420783360800634e-01 4.554460843404133374e-01 4.579832553863524836e-01 4.741623401641844593e-01 4.584885438283285986e-01 4.621019363403321978e-01 4.690262873967487312e-01
4.712204933166500576e-01 4.500383536020914343e-01 4.572029908498125850e-01 4.719134569168091375e-01 4.639225403467814313e-01 4.448715448379512716e-01 4.629245599110922149e-01 4.674482742945357261e-01 4.453944762547812353e-01 4.371602137883504602e-01 4.331342776616408652e-01 4.464051723480226275e-01 4.529631535212200744e-01 4.221068223317464008e-01 4.273209969202678704e-01 4.453932046890262120e-01
4.817569653193152224e-01 4.523686170578000154e-01 4.684085051218672691e-01 4.906670649846396337e-01 4.651529391606643582e-01 4.473209381103516735e-01 4.538975159327188202e-01 4.677060445149738843e-01 4.541458288828531531e-01 4.417405128479004461e-01 4.419516722361247485e-01 4.562065601348874733e-01 4.729412396748862157e-01 4.590749740600587048e-01 4.613095521926882658e-01 4.751681486765543805e-01
4.819860855738320460e-01 4.568030436833698249e-01 4.725327094395957994e-01 4.949729442596437767e-01 4.756183226903274441e-01 4.626941680908200905e-01 4.680291016896563905e-01 4.818866650263469165e-01 4.735405047734574935e-01 4.646018743515020755e-01 4.569620291392003653e-01 4.739073514938352272e-01 4.926955302556354499e-01 4.732139110565184437e-01 4.694312413533525685e-01 4.884329239527383515e-01
4.775651693344115656e-01 4.491001367568970837e-01 4.613533814748129180e-01 4.828913211822511431e-01 4.547161261240638686e-01 4.412652254104610927e-01 4.429198900858560273e-01 4.632571935653687634e-01 4.601130485534670189e-01 4.538015524546302193e-01 4.406222899754841382e-01 4.647394816080725466e-01 4.838372071584060574e-01 4.495157400767006983e-01 4.617233673731479526e-01 4.717297951380407528e-01
4.860032399495441968e-01 4.516045649846397447e-01 4.618815183639525257e-01 4.941028356552121248e-01 4.748549858729048667e-01 4.571800629297897434e-01 4.564748207728071550e-01 4.786601861317955064e-01 4.606788555781047845e-01 4.527123769124342667e-01 4.511346817016602118e-01 4.593139092127481726e-01 4.794588486353560386e-01 4.698329369227089436e-01 4.629075924555463573e-01 4.798772732416793363e-01
4.808304309844972368e-01 4.669376611709601388e-01 4.659773508707679146e-01 4.835792779922485907e-01 4.740644296010332881e-01 4.670946995417277203e-01 4.601962169011438175e-01 4.795069694519047965e-01 4.704263210296630304e-01 4.575592279434206877e-01 4.476676384607948811e-01 4.652026096979773873e-01 4.858291546503705205e-01 4.631280899047849897e-01 4.678600231806435694e-01 4.821550846099855181e-01
4.666393200556439580e-01 4.526215394337970710e-01 4.484428564707437226e-01 4.700744946797686397e-01 4.753097693125412082e-01 4.667721192042034728e-01 4.569073120752972783e-01 4.890658458073936510e-01 4.621322154998778742e-01 4.599268436431886986e-01 4.472403128941848660e-01 4.638251463572187760e-01 4.801064332326250850e-01 4.531091451644897461e-01 4.558361768722534180e-01 4.684857527414952871e-01
4.836663405100502522e-01 4.635844628016151381e-01 4.586590131123855496e-01 4.866457382837933721e-01 4.894514083862305798e-01 4.655799468358357007e-01 4.629840850830075905e-01 4.827299515406293651e-01 4.642272790273029304e-01 4.594513575236000014e-01 4.511280854543053831e-01 4.673885107040408049e-01 4.825520118077596954e-01 4.638255834579468884e-01 4.603114525477092767e-01 4.816279411315919079e-01
4.779512087504071971e-01 4.525336027145385742e-01 4.657423496246340111e-01 4.896096388498937246e-01 4.697192112604773873e-01 4.565314054489136852e-01 4.577419757843016468e-01 4.770236015319826439e-01 4.665782451629641447e-01 4.493341445922851007e-01 4.553592602411907220e-01 4.781736930211381575e-01 4.751744270324708141e-01 4.452595313390094733e-01 4.588056802749633789e-01 4.723200003306068928e-01
4.808486302693688597e-01 4.516246716181437360e-01 4.539388418197631281e-01 4.766447146733605589e-01 4.634884993235268702e-01 4.512635866800948081e-01 4.487105210622149287e-01 4.664308627446489552e-01 4.437973896662391615e-01 4.382706880569457453e-01 4.316771030426024280e-01 4.458387295405070727e-01 4.511179924011234355e-01 4.376610914866129742e-01 4.323101043701171875e-01 4.494899113972983806e-01
4.778900941212969600e-01 4.566679398218788655e-01 4.570904175440467232e-01 4.961467583974198958e-01 4.588267803192140337e-01 4.397714932759600459e-01 4.433076779047647742e-01 4.655530850092568507e-01 4.637665748596193627e-01 4.326835870742794521e-01 4.374771515528361188e-01 4.561154047648113274e-01 4.786873658498127515e-01 4.582987626393633107e-01 4.556303819020588453e-01 4.760154088338213740e-01
4.790819485982259485e-01 4.601191679636634779e-01 4.612516959508258241e-01 4.862638711929325730e-01 4.764182964960738675e-01 4.565357367197677152e-01 4.596028725306192109e-01 4.833581050237023558e-01 4.710656007130943346e-01 4.537651141484577155e-01 4.495211442311607408e-01 4.741554657618202162e-01 4.864626328150433165e-01 4.592087666193644946e-01 4.621763626734418096e-01 4.829462369283040735e-01
4.713784058888751405e-01 4.472793340682985064e-01 4.557863871256512267e-01 4.765653610229487191e-01 4.628887573877971118e-01 4.403237899144491485e-01 4.523001114527384625e-01 4.705014626185103910e-01 4.507925510406490255e-01 4.339909950892129609e-01 4.399067560831710910e-01 4.478743473688758803e-01 4.603979587554931641e-01 4.422769149144485934e-01 4.410821596781410170e-01 4.575233459472657360e-01
4.883697430292766595e-01 4.619245529174803022e-01 4.678105513254800507e-01 4.926464955012001545e-01 4.627997080485024561e-01 4.493180116017662651e-01 4.419499635696417794e-01 4.709723393122353663e-01 4.581071933110556493e-01 4.454360802968343469e-01 4.410564899444575082e-01 4.670266310373940022e-01 4.839347203572587630e-01 4.711373249689736475e-01 4.641066789627073530e-01 4.805817604064941961e-01
4.892377058664956757e-01 4.619069894154869127e-01 4.593269824981688898e-01 4.920346339543663627e-01 4.674911499023435280e-01 4.443296591440837329e-01 4.616911411285399280e-01 4.720942179361978797e-01 4.606626828511558025e-01 4.498975674311321282e-01 4.539752403895058741e-01 4.697156747182211212e-01 4.769194126129149280e-01 4.525624513626098633e-01 4.595375458399457158e-01 4.715845982233682343e-01
4.693263769149775833e-01 4.484966993331905294e-01 4.581832885742192496e-01 4.708693027496341776e-01 4.575932423273723071e-01 4.446991682052613970e-01 4.466433922449744576e-01 4.665065606435139234e-01 4.633695681889852813e-01 4.486153523127238696e-01 4.411472479502360766e-01 4.567850828170775257e-01 4.689684311548865114e-01 4.497541586558022053e-01 4.532465537389113730e-01 4.657111167907713734e-01
4.740969737370806514e-01 4.604896704355880832e-01 4.542264938354495518e-01 4.829336007436117462e-01 4.570461908976238274e-01 4.544230699539182350e-01 4.506900707880656110e-01 4.745551347732541170e-01 4.650319814682008501e-01 4.517516692479449647e-01 4.515678087870276802e-01 4.659385283788045062e-01 4.792835315068563751e-01 4.588858683904010749e-01 4.620126883188880318e-01 4.654944737752274020e-01
4.845258394877114405e-01 4.575767914454144658e-01 4.671360254287723612e-01 4.860789775848384231e-01 4.642658631006876813e-01 4.566129048665360513e-01 4.631435473759970001e-01 4.773600498835247063e-01 4.533057610193885756e-01 4.466382265090939607e-01 4.447335402170817242e-01 4.577788114547726717e-01 4.753222465515137829e-01 4.609196583429971406e-01 4.617085456848146752e-01 4.754711389541624311e-01
4.790529012680049825e-01 4.545068343480432316e-01 4.569342136383054975e-01 4.797474145889282227e-01 4.668322801589965265e-01 4.473875761032102827e-01 4.548999468485513953e-01 4.719215234120684999e-01 4.477929274241130297e-01 4.443959792455040581e-01 4.373280604680377381e-01 4.463647206624348218e-01 4.650538365046179012e-01 4.508719444274909005e-01 4.495706160863243150e-01 4.659283161163331188e-01
4.822910626729324801e-01 4.680823087692261852e-01 4.744018316268919233e-01 4.939061403274534467e-01 4.693713585535684851e-01 4.608743588129678437e-01 4.602787494659421608e-01 4.835470120112102532e-01 4.655131498972574500e-01 4.599340756734215385e-01 4.607749382654825476e-01 4.729754130045574212e-01 4.776784976323448229e-01 4.768740336100258381e-01 4.729425907135010876e-01 4.869724909464519524e-01
4.828555583953853536e-01 4.633365074793495686e-01 4.650182326634724195e-01 4.894067843755086633e-01 4.699882666269938336e-01 4.670209487279254890e-01 4.688048362731936924e-01 4.805088043212888405e-01 4.619760115941367040e-01 4.555560350418095261e-01 4.472131729125978783e-01 4.659752448399861469e-01 4.816113313039141475e-01 4.532232284545898993e-01 4.530610243479415433e-01 4.728105862935384485e-01
4.642497301101682905e-01 4.545310735702512983e-01 4.521197080612181507e-01 4.855877161025999866e-01 4.607536792755123622e-01 4.491577943166095710e-01 4.531255165735879054e-01 4.639699459075930510e-01 4.583077033360800634e-01 4.535014231999717205e-01 4.395633141199747351e-01 4.604105154673256983e-01 4.661955436070759906e-01 4.462995131810506555e-01 4.395002921422321296e-01 4.602888027826944617e-01
4.880994558334351141e-01 4.688987731933590974e-01 4.667000770568848766e-01 4.910107851028444603e-01 4.739050865173340954e-01 4.553382794062297290e-01 4.573516845703124445e-01 4.749795993169150243e-01 4.560464223225912384e-01 4.452461401621501946e-01 4.377502202987674784e-01 4.540195465087888960e-01 4.736030499140424510e-01 4.600810209910072279e-01 4.679375489552814460e-01 4.775236447652182470e-01
4.846726258595784875e-01 4.624137083689369709e-01 4.770239591598512963e-01 4.849396546681725706e-01 4.668548107147217907e-01 4.531790018081665594e-01 4.617337385813396478e-01 4.809304873148604331e-01 4.751294056574503211e-01 4.652470350265505150e-01 4.591246445973721224e-01 4.674209356307982288e-01 4.802450338999431079e-01 4.520260492960610499e-01 4.582993189493815289e-01 4.748390118281049510e-01
4.728817939758301336e-01 4.415587186813353382e-01 4.580113093058267859e-01 4.634161392847698235e-01 4.500523408253985225e-01 4.370162089665732275e-01 4.405238628387455058e-01 4.570568402608236602e-01 4.514222145080566406e-01 4.423524141311646618e-01 4.348572492599486194e-01 4.546129306157433159e-01 4.736081361770630438e-01 4.570616483688356158e-01 4.459237257639563912e-01 4.686897595723469312e-01
4.753978252410887562e-01 4.595857063929237873e-01 4.616518417994182055e-01 4.830746253331502094e-01 4.709775447845457319e-01 4.512135187784832024e-01 4.543477694193525096e-01 4.726729790369667561e-01 4.689565896987915039e-01 4.453854958216348359e-01 4.530245463053382271e-01 4.564479986826578406e-01 4.857574701309208542e-01 4.613828261693316835e-01 4.619704087575277618e-01 4.777145385742186390e-01
