4.641374746958419339e-01 4.508181810379027210e-01 4.562856753667199339e-01 4.768613576889039196e-01 4.594205617904665306e-01 4.342683951059976843e-01 4.481117328008015765e-01 4.620380004247024996e-01 4.601995944976803865e-01 4.523708025614420203e-01 4.429715871810916417e-01 4.573694467544553999e-01 4.810496568679809015e-01 4.607768853505453954e-01 4.647128582000732977e-01 4.803956349690756134e-01
4.630930423736575596e-01 4.343266089757286674e-01 4.382830858230592486e-01 4.653087854385380417e-01 4.481755097707113555e-01 4.345144430796303303e-01 4.330739180246989672e-01 4.505103429158526240e-01 4.553931554158530126e-01 4.443949460983274702e-01 4.441402355829877080e-01 4.528625806172686952e-01 4.774459600448610619e-01 4.531368811925253759e-01 4.509576161702474884e-01 4.745418230692545203e-01
4.737357298533120820e-01 4.457292556762696978e-01 4.587416648864742763e-01 4.779466787974037678e-01 4.623467922210695025e-01 4.472012917200725024e-01 4.444864590962728235e-01 4.642887512842809872e-01 4.719700415929163340e-01 4.600418408711748341e-01 4.425848722457885742e-01 4.695078531901042962e-01 4.819034337997435413e-01 4.637720584869387541e-01 4.655868212381997773e-01 4.830072720845538514e-01
4.625044266382854485e-01 4.408824046452838874e-01 4.395629167556764361e-01 4.548540115356444202e-01 4.507464965184532213e-01 4.325333833694455232e-01 4.415897528330488542e-01 4.522933562596639923e-01 4.486079613367713326e-01 4.368576208750408751e-01 4.346903959910076720e-01 4.518953561782833583e-01 4.714400370915730054e-01 4.459884166717527632e-01 4.527009328206385019e-01 4.740842978159586774e-01
4.799800713857012013e-01 4.692515929539997632e-01 4.757406711578368586e-01 4.996195634206131997e-01 4.634214639663699065e-01 4.468578894933067369e-01 4.541092713673907655e-01 4.746415615081783224e-01 4.611361821492513391e-01 4.483471711476642030e-01 4.546023209889729633e-01 4.689780076344804427e-01 4.847701390584310266e-01 4.761186043421428704e-01 4.665315945943199760e-01 4.793026844660441821e-01
4.763016700744630016e-01 4.562702973683676611e-01 4.576529264450077683e-01 4.856499830881758628e-01 4.668959379196164772e-01 4.481912056605018568e-01 4.506473938624060427e-01 4.771338303883873588e-01 4.713298877080281390e-01 4.605844815572107120e-01 4.591578245162963867e-01 4.614730278650922557e-01 4.853490988413490803e-01 4.630697568257647334e-01 4.666448036829629054e-01 4.846918980280561784e-01
4.701497952143349757e-01 4.499541521072391026e-01 4.574507474899293102e-01 4.820623000462853081e-01 4.693208535512287671e-01 4.409190813700358813e-01 4.405479431152349856e-01 4.707335631052655400e-01 4.570323626200356038e-01 4.433318376541136030e-01 4.543257554372149842e-01 4.556852976481120532e-01 4.797560771306353944e-01 4.621440569559734923e-01 4.612859487533569336e-01 4.789079030354815858e-01
4.964890877405803149e-01 4.614713191986087870e-01 4.682063261667884779e-01 4.881395498911537123e-01 4.725130399068199760e-01 4.573488235473631147e-01 4.665319124857583155e-01 4.725295305252080746e-01 4.571881691614781418e-01 4.508301417032878899e-01 4.472030798594158196e-01 4.588785171508788507e-01 4.747343063354492743e-01 4.462479750315347382e-01 4.512957334518436503e-01 4.747995932896931226e-01
4.801442623138429955e-01 4.540496269861853951e-01 4.585232337315876538e-01 4.908032019933065704e-01 4.632771412531539457e-01 4.449473619461057350e-01 4.468316634496055650e-01 4.767568906148277330e-01 4.481885035832723907e-01 4.365522861480716776e-01 4.385498364766439727e-01 4.581944942474363569e-01 4.745711088180543658e-01 4.530510505040485358e-01 4.579054911931354499e-01 4.741652806599936376e-01
4.778068463007613120e-01 4.572768211364743318e-01 4.703228871027630986e-01 4.847197135289507131e-01 4.583339293797815683e-01 4.452900091807051597e-01 4.500709772109984796e-01 4.613327582677207439e-01 4.531780878702801885e-01 4.322901169459025250e-01 4.340382019678749037e-01 4.535524447758993438e-01 4.590609073638915461e-01 4.453683296839395789e-01 4.467939933141072406e-01 4.604719082514444617e-01
4.757945537567133121e-01 4.571704467137654992e-01 4.587498108545938758e-01 4.859372377395627662e-01 4.623339970906578111e-01 4.397624731063842218e-01 4.470475514729817523e-01 4.682049353917437373e-01 4.673406283060708155e-01 4.425851901372274133e-01 4.431940317153925668e-01 4.676768382390339429e-01 4.792253176371251699e-01 4.503879547119139515e-01 4.539640347162878786e-01 4.734594821929932196e-01
4.911351998647054962e-01 4.662825266520182477e-01 4.711173375447587630e-01 4.944945573806759365e-01 4.626044829686484783e-01 4.496237039566043370e-01 4.560175339380895809e-01 4.734551906585695025e-01 4.601113001505535149e-01 4.478701750437422135e-01 4.563812812169392163e-01 4.678158362706500428e-01 4.874700307846069891e-01 4.677449862162275651e-01 4.767287174860635468e-01 4.957910776138306774e-01
4.812183777491249037e-01 4.527794520060218764e-01 4.647964636484778755e-01 4.905645847320559971e-01 4.566083351771036414e-01 4.486484527587890070e-01 4.572352170944214422e-01 4.697635968526209238e-01 4.480732679367060989e-01 4.476791620254518267e-01 4.423998196919760040e-01 4.514101346333821985e-01 4.677284161249796735e-01 4.545594851175942530e-01 4.604690869649252227e-01 4.685778617858886164e-01
4.751541217168173126e-01 4.445728858311977505e-01 4.541393121083580620e-01 4.843829870223997358e-01 4.625804821650189025e-01 4.416703780492147735e-01 4.530086914698282508e-01 4.709857702255248468e-01 4.635144869486495511e-01 4.407646258672077710e-01 4.419606924057005726e-01 4.549483060836790327e-01 4.847377936045327851e-01 4.542314211527504475e-01 4.635237058003743860e-01 4.824624458948771344e-01
4.816952149073286393e-01 4.528428713480630585e-01 4.558516740798949085e-01 4.915411869684851442e-01 4.780787229537962202e-01 4.507784446080526641e-01 4.527952671051024836e-01 4.708004792531330085e-01 4.573997259140016314e-01 4.548053344090780548e-01 4.518231948216754890e-01 4.538092613220219285e-01 4.689994255701701031e-01 4.572840134302778026e-01 4.566554625829063463e-01 4.636416435241703660e-01
4.712870915730792420e-01 4.397290945053100586e-01 4.497919480005899140e-01 4.687711000442506548e-01 4.550506273905433607e-01 4.365930954615273030e-01 4.433351357777912671e-01 4.520377318064371375e-01 4.527604579925535999e-01 4.399308363596597382e-01 4.449935754140216249e-01 4.536182483037313196e-01 4.657649596532189573e-01 4.476132790247597804e-01 4.516439040501912805e-01 4.715607961018881134e-01
4.872282346089680805e-01 4.557840029398601001e-01 4.637773036956789885e-01 4.911339680353800641e-01 4.686207771301264535e-01 4.478860696156816701e-01 4.530022939046224328e-01 4.729822079340617047e-01 4.556705156962077008e-01 4.522108634312946851e-01 4.517555236816405140e-01 4.821381568908690851e-01 4.872024059295655962e-01 4.719179868698119562e-01 4.680732488632205479e-01 4.863541920979816413e-01
4.818603197733563048e-01 4.615174929300947526e-01 4.619704087575275397e-01 4.918200572331749010e-01 4.702633619308470014e-01 4.519783258438114792e-01 4.522600571314491780e-01 4.747378031412762822e-01 4.683957099914550781e-01 4.664494196573897300e-01 4.617332617441813891e-01 4.678661425908403060e-01 4.810538689295444370e-01 4.641837279001872485e-01 4.708868662516276782e-01 4.841452836990363107e-01
4.645952383677165454e-01 4.342211484909058727e-01 4.523218870162964977e-01 4.770139455795289196e-01 4.529803196589150538e-01 4.353790680567425908e-01 4.362484216690062366e-01 4.632652203241983124e-01 4.479008515675861890e-01 4.396149714787797591e-01 4.450768629709875857e-01 4.602216879526774274e-01 4.729750951131183601e-01 4.451154470443727806e-01 4.463038047154741506e-01 4.677233695983886719e-01
4.749112526575722804e-01 4.579438368479410437e-01 4.640196561813361154e-01 4.831449190775555791e-01 4.698601563771566125e-01 4.467671314875285571e-01 4.585994084676102145e-01 4.737535715103146083e-01 4.622584978739419648e-01 4.540429512659707734e-01 4.463274876276650538e-01 4.591592947642008093e-01 4.824819564819337048e-01 4.600660006205238850e-01 4.562820990880327998e-01 4.746299982070924517e-01
4.718472560246790293e-01 4.481197595596311811e-01 4.555325110753376538e-01 4.738039970397949774e-01 4.583160082499184163e-01 4.406141042709348921e-01 4.392263889312746916e-01 4.648175636927286414e-01 4.711183706919352399e-01 4.476516644159954095e-01 4.507619142532351963e-01 4.675894975662233666e-01 4.778774976730343904e-01 4.587185780207312935e-01 4.564184745152790046e-01 4.676747719446813778e-01
4.604023297627768407e-01 4.362067381540934430e-01 4.468644857406616766e-01 4.644856850306191554e-01 4.403820832570392030e-01 4.267131487528478262e-01 4.386107921600340132e-01 4.531117280324303276e-01 4.517485300699867756e-01 4.407105445861817516e-01 4.311382373174035276e-01 4.514753421147663093e-01 4.754035075505571029e-01 4.577357769012451727e-01 4.590508143107095429e-01 4.682003259658811256e-01
4.758152961730955921e-01 4.545835256576535865e-01 4.617868264516193921e-01 4.732417662938432912e-01 4.571544726689661386e-01 4.422221978505450068e-01 4.498060544331868305e-01 4.722910324732463860e-01 4.751625855763753625e-01 4.555850823720296039e-01 4.515726168950401354e-01 4.649208784103394110e-01 4.877265691757198263e-01 4.644989569981893829e-01 4.721825520197549531e-01 4.881537755330405126e-01
4.810974995295204115e-01 4.565300941467287377e-01 4.664680560429890210e-01 4.725573857625322560e-01 4.537098407745365214e-01 4.383810758590701018e-01 4.463404814402260889e-01 4.699059724807737592e-01 4.667496283849080219e-01 4.530784686406453821e-01 4.542336066563923413e-01 4.725302060445150665e-01 4.804406563440961619e-01 4.641416470209758227e-01 4.518995682398477265e-01 4.819569190343223619e-01
4.629273017247519939e-01 4.457399050394696416e-01 4.521197477976479639e-01 4.712849458058675500e-01 4.484114249547320186e-01 4.306347767512000990e-01 4.331039587656655976e-01 4.531499147415163353e-01 4.428995847702025257e-01 4.431605339050291859e-01 4.306176106135049531e-01 4.459765752156573115e-01 4.776266813278194912e-01 4.526072343190508107e-01 4.475320974985755873e-01 4.593593676884968890e-01
4.663245677947993051e-01 4.386688470840455767e-01 4.516541957855220168e-01 4.744497537612918925e-01 4.659602642059325062e-01 4.488668044408162805e-01 4.525589545567827998e-01 4.740062952041623201e-01 4.590420325597126538e-01 4.496476252873737312e-01 4.492941300074258515e-01 4.628955920537309865e-01 4.706535736719767438e-01 4.531853199005126953e-01 4.541908105214436109e-01 4.672528902689612740e-01
4.631478786468503084e-01 4.504983822504679547e-01 4.416175683339432778e-01 4.684214194615677340e-01 4.590044816335038802e-01 4.423169294993083422e-01 4.393634398778280548e-01 4.661142031351726001e-01 4.682238896687826446e-01 4.517288605372113408e-01 4.490290482838951158e-01 4.738170703252155835e-01 4.836626450220744555e-01 4.724394083023065738e-01 4.709345499674481572e-01 4.835644563039147026e-01
4.585920174916582881e-01 4.414156277974444764e-01 4.439198573430374606e-01 4.655574957529708402e-01 4.491762320200604064e-01 4.389487107594807758e-01 4.429634412129720977e-01 4.517756303151450048e-01 4.525401989618938470e-01 4.409649372100831188e-01 4.424675703048706055e-01 4.529302120208741345e-01 4.671658277511596125e-01 4.523235956827802440e-01 4.552386204401652758e-01 4.579976399739585924e-01
4.776467879613239265e-01 4.572323163350420772e-01 4.564309120178225432e-01 4.873576164245602693e-01 4.609034458796182343e-01 4.408351182937621515e-01 4.532427390416462476e-01 4.735914468765257124e-01 4.765458106994621135e-01 4.612599213918054941e-01 4.530467987060546875e-01 4.706627925237019672e-01 4.834527969360347122e-01 4.679073890050251538e-01 4.678880373636883361e-01 4.797323942184447687e-01
4.817536671956383354e-01 4.565835396448769679e-01 4.672394593556719600e-01 4.899638493855792420e-01 4.602488676706948945e-01 4.466725587844846412e-01 4.528584480285643976e-01 4.584112962086995258e-01 4.615736405054728375e-01 4.512653748194375147e-01 4.486345847447712476e-01 4.621797402699789337e-01 4.780989487965903728e-01 4.602286815643306661e-01 4.519042174021402070e-01 4.796205759048461359e-01
4.623920917510988549e-01 4.353315432866417534e-01 4.483207861582436671e-01 4.804598490397130606e-01 4.499727487564084694e-01 4.344101349512737853e-01 4.388050635655717513e-01 4.630786975224810975e-01 4.555479288101194624e-01 4.447585741678874993e-01 4.390174945195515210e-01 4.528313875198360372e-01 4.623576402664185125e-01 4.530614217122395093e-01 4.461655616760252241e-01 4.522461493810018829e-01
4.635060230890911126e-01 4.434048334757490495e-01 4.529393911361696556e-01 4.729187091191607295e-01 4.555598100026446162e-01 4.359798828760785838e-01 4.401265382766722523e-01 4.655677477518717633e-01 4.598012765248616351e-01 4.580547412236531946e-01 4.541184504826863977e-01 4.657867352167767705e-01 4.777843554814654170e-01 4.603643019994098640e-01 4.659041961034133261e-01 4.776234229405718623e-01
4.722550312678017725e-01 4.378709395726517739e-01 4.443287452061973064e-01 4.678711891174313631e-01 4.589148759841916170e-01 4.418323040008542146e-01 4.456368684768676758e-01 4.604140917460123328e-01 4.773429234822594847e-01 4.650507767995198383e-01 4.518420696258546032e-01 4.569104115168250435e-01 4.774847030639648993e-01 4.625897804896033083e-01 4.528121550877887702e-01 4.727511008580527752e-01
4.570744832356771203e-01 4.415570894877118291e-01 4.390028317769371080e-01 4.626561800638835931e-01 4.422474702199303831e-01 4.249240557352703673e-01 4.292196830113728656e-01 4.526065587997433748e-01 4.497033357620237037e-01 4.504113992055255866e-01 4.420401255289714837e-01 4.600087006886797725e-01 4.591790437698357041e-01 4.495314359664914772e-01 4.426897764205932617e-01 4.610871076583862860e-01
4.874812364578252621e-01 4.557923475901286547e-01 4.557788769404096385e-01 4.840254783630373314e-01 4.639463822046910324e-01 4.448918898900348640e-01 4.488507906595863850e-01 4.665085872014365642e-01 4.657755692799885883e-01 4.613655805587773551e-01 4.549276828765873582e-01 4.621607462565104907e-01 4.882868131001792955e-01 4.605353673299155126e-01 4.672977129618325343e-01 4.767001867294307638e-01
4.736392100652057624e-01 4.508930444717408892e-01 4.548169374465939607e-01 4.809454282124838720e-01 4.612421592076619281e-01 4.448719819386798280e-01 4.460515181223553838e-01 4.646630684534713840e-01 4.623288710912069610e-01 4.611827532450361589e-01 4.492719570795694617e-01 4.661919673283894672e-01 4.820746580759685540e-01 4.559932549794512568e-01 4.675348599751787959e-01 4.743360280990602806e-01
4.602601130803427587e-01 4.374346335728957480e-01 4.474931557973226282e-01 4.671595096588133655e-01 4.512843290964762000e-01 4.335377613703413346e-01 4.498154322306310848e-01 4.591715335845952262e-01 4.479601383209229071e-01 4.310503005981444757e-01 4.377204974492387435e-01 4.550480842590334252e-01 4.737991889317829663e-01 4.553256432215375682e-01 4.552377065022784053e-01 4.597747723261514374e-01
4.749137560526533464e-01 4.572799603144327985e-01 4.539037148157759050e-01 4.788389205932620518e-01 4.594480991363525391e-01 4.467351833979287257e-01 4.467784961064659721e-01 4.688794215520221687e-01 4.678114255269366639e-01 4.443458716074624726e-01 4.506158828735354338e-01 4.579283396402996642e-01 4.738042751948037812e-01 4.522044261296587764e-01 4.585278431574500435e-01 4.792864720026650538e-01
4.824350674947103235e-01 4.491822322209672591e-01 4.632201592127480616e-01 4.773815075556436249e-01 4.655751784642539470e-01 4.411731561024980763e-01 4.560136397679645515e-01 4.680443604787192791e-01 4.669380982716879736e-01 4.555360078811645508e-01 4.558195273081457888e-01 4.676917394002278461e-01 4.845695495605468195e-01 4.661999940872189607e-01 4.561563332875566701e-01 4.781725804011020542e-01
4.722876151402791156e-01 4.422000646591185413e-01 4.568032423655192242e-01 4.730775753657026628e-01 4.505651791890462610e-01 4.332725604375204931e-01 4.397642215092978368e-01 4.570401509602868839e-01 4.531365633010859262e-01 4.445741176605224609e-01 4.401304324467971707e-01 4.473931392033895227e-01 4.740682045618689888e-01 4.524937868118288353e-01 4.530001878738403875e-01 4.647667805353798420e-01
4.703435897827150658e-01 4.527103900909426604e-01 4.510186910629269685e-01 4.813673496246341221e-01 4.646288553873700877e-01 4.554158449172974188e-01 4.588785568873087195e-01 4.829348723093662699e-01 4.658888975779212349e-01 4.528882900873820727e-01 4.429224729537963312e-01 4.655602773030600439e-01 4.749233722686764247e-01 4.586258729298906545e-01 4.673239390055333176e-01 4.760447740554806240e-01
4.707355101903279437e-01 4.427283207575479218e-01 4.453448851903282768e-01 4.803114732106527618e-01 4.622709751129154832e-01 4.487120707829790889e-01 4.459476073582969713e-01 4.697650273640950891e-01 4.624360402425127248e-01 4.531229734420770816e-01 4.466845591862995679e-01 4.652276436487835509e-01 4.843166669209797992e-01 4.576494296391800942e-01 4.619605938593544514e-01 4.810098807017009204e-01
4.673485358556111469e-01 4.434543848037718616e-01 4.465639193852744548e-01 4.712670644124347663e-01 4.557056029637654992e-01 4.262326161066689600e-01 4.467118978500367321e-01 4.644362926483154852e-01 4.596136808395381856e-01 4.484001000722248054e-01 4.453587929407757939e-01 4.642674128214515084e-01 4.657512505849204509e-01 4.461360375086468322e-01 4.508816003799440142e-01 4.643852313359579376e-01
4.805608590443926076e-01 4.650363922119144511e-01 4.635770320892337315e-01 4.965881109237668678e-01 4.720437924067179547e-01 4.456542730331418678e-01 4.544527928034460262e-01 4.623883167902630431e-01 4.702767133712770220e-01 4.581231276194252522e-01 4.517192045847576720e-01 4.687344630559285852e-01 4.928108851114911815e-01 4.666918118794759485e-01 4.758031368255619675e-01 4.852811495463054681e-01
4.847484827041625421e-01 4.604806502660112599e-01 4.717178742090856747e-01 4.859176079432171447e-01 4.668429692586261726e-01 4.536691109339397454e-01 4.620579878489173842e-01 4.790817499160773263e-01 4.647583166758217921e-01 4.581103722254432631e-01 4.590583642323811109e-01 4.614113569259644110e-01 4.863390525182089141e-01 4.640748898188273297e-01 4.724463224411010187e-01 4.803642431894936671e-01
4.583040873209634491e-01 4.409819444020586787e-01 4.467599391937259745e-01 4.681698083877568473e-01 4.450517098108926484e-01 4.312376181284586774e-01 4.326263268788653193e-01 4.589339097340903728e-01 4.571423927942914189e-01 4.377135038375855602e-01 4.369871218999228368e-01 4.464362859725950483e-01 4.618946711222330359e-01 4.471977154413857569e-01 4.430892864863079095e-01 4.599407911300659735e-01
4.712634483973185406e-01 4.524725278218581503e-01 4.569100538889567797e-01 4.745096762975054561e-01 4.569060802459713466e-01 4.412550926208495539e-01 4.413119157155358518e-01 4.590632518132523598e-01 4.618044694264727412e-01 4.453581968943279290e-01 4.404155810674032501e-01 4.630175828933717486e-01 4.644104242324823550e-01 4.584845701853435540e-01 4.503218730290727279e-01 4.667444229125974342e-01
4.780549208323160437e-01 4.558492501576738021e-01 4.592624107996617910e-01 4.845570325851440430e-01 4.555102189381917133e-01 4.348939657211303156e-01 4.373322725296022728e-01 4.559947649637857703e-01 4.588942527770996649e-01 4.520788192749023438e-01 4.467827876408894117e-01 4.540425141652426611e-01 4.750553369522095282e-01 4.665081898371378211e-01 4.655996163686113021e-01 4.818959633509318219e-01
4.629253149032592773e-01 4.453371365865068099e-01 4.385332266489664899e-01 4.653216997782388953e-01 4.521575768788654304e-01 4.368731578191122900e-01 4.410150051116943914e-01 4.629625479380294895e-01 4.495775302251179273e-01 4.397243261337275277e-01 4.391076167424519117e-01 4.532425800959266060e-01 4.729892810185749030e-01 4.594159126281734395e-01 4.545498291651402512e-01 4.670099020004273571e-01
4.731542269388833710e-01 4.626501003901165032e-01 4.674613475799561102e-01 4.779785076777142705e-01 4.621512492497764635e-01 4.512683947881062640e-01 4.586697816848753773e-01 4.674688180287679407e-01 4.537636041641234241e-01 4.409516652425131134e-01 4.374936024347941821e-01 4.513938426971436657e-01 4.724522431691491331e-01 4.509780406951903187e-01 4.533315499623615796e-01 4.711752335230504074e-01
4.787503083546957861e-01 4.456673860549922872e-01 4.620607296625772742e-01 4.849393765131633227e-01 4.642353455225627923e-01 4.472284317016599897e-01 4.478863875071205647e-01 4.679707288742062099e-01 4.679819345474242609e-01 4.634652932484947252e-01 4.556682109832764782e-01 4.730254014333086232e-01 4.762932459513344874e-01 4.708566268285119261e-01 4.660561879475914604e-01 4.796715180079145768e-01
4.596658945083620940e-01 4.368939399719239391e-01 4.439262549082436671e-01 4.738616545995077978e-01 4.587417443593340138e-01 4.355808496475219171e-01 4.385516643524172142e-01 4.571869770685833001e-01 4.602497021357219720e-01 4.522920449574794333e-01 4.405150810877482281e-01 4.623055060704543973e-01 4.888638655344645367e-01 4.592852989832560962e-01 4.604550600051875997e-01 4.797336260477702563e-01
4.766947031021118164e-01 4.602783123652142150e-01 4.636492331822713031e-01 4.895067214965818647e-01 4.616576035817462897e-01 4.455816348393755177e-01 4.517065286636354760e-01 4.681355953216556620e-01 4.600893259048462469e-01 4.511309862136840265e-01 4.486952622731527063e-01 4.641902844111127080e-01 4.781655867894489265e-01 4.658209880193073249e-01 4.638297160466506863e-01 4.780865907669067938e-01
4.742919603983560273e-01 4.463467995325727244e-01 4.566602706909180243e-01 4.813129901885986328e-01 4.646150668462116773e-01 4.438277482986453526e-01 4.434688091278077837e-01 4.696641763051347396e-01 4.598693847656250000e-01 4.525577624638879581e-01 4.430325428644814600e-01 4.536340634028114271e-01 4.735977649688719038e-01 4.511979420979817523e-01 4.552878936131792287e-01 4.708834489186603522e-01
4.616734186808267304e-01 4.436558087666832018e-01 4.500719706217444771e-01 4.662805795669556219e-01 4.498602946599325469e-01 4.345938762029008529e-01 4.395225048065183882e-01 4.539997180302937640e-01 4.476200739542647855e-01 4.440062046051023725e-01 4.332500298817950624e-01 4.465518792470299370e-01 4.694556395212812760e-01 4.471547206242880157e-01 4.614370266596475867e-01 4.641204675038657079e-01
4.694735606511434844e-01 4.482700427373249030e-01 4.548315604527790601e-01 4.795055389404301316e-01 4.542365868886306113e-01 4.320880174636842486e-01 4.488718112309769692e-01 4.592100779215493866e-01 4.656840562820434015e-01 4.526861111323038922e-01 4.577835400899251117e-01 4.643943309783937212e-01 4.806216955184935413e-01 4.729510148366293798e-01 4.648050467173260314e-01 4.855264027913410718e-01
4.760853846867879047e-01 4.556728601455685146e-01 4.502235651016232021e-01 4.850609699885049531e-01 4.650867382685347495e-01 4.428605238596597382e-01 4.494628508885700757e-01 4.789053996404015745e-01 4.667349259058635735e-01 4.527889092763264234e-01 4.598007202148436945e-01 4.723931153615313350e-01 4.819238185882571135e-01 4.627880652745565704e-01 4.694715340932216208e-01 4.839747746785481586e-01
4.645658334096269826e-01 4.391071399052939306e-01 4.438028732935591081e-01 4.686107635498047985e-01 4.552136659622197379e-01 4.329365491867063764e-01 4.338358640670782473e-01 4.673539400100707453e-01 4.502717653910314755e-01 4.465665419896446831e-01 4.431291421254476837e-01 4.585274060567219312e-01 4.661929607391355201e-01 4.489203294118243592e-01 4.550426801045734937e-01 4.627339442571002937e-01
4.757832686106368003e-01 4.594404697418209560e-01 4.602243502934775243e-01 4.875136216481528173e-01 4.640134970347087329e-01 4.414676427841182083e-01 4.445869127909341523e-01 4.721065362294512013e-01 4.646164973576861201e-01 4.480879704157513244e-01 4.450881878534954095e-01 4.729866584142049524e-01 4.868655204772946998e-01 4.701704581578571296e-01 4.605669180552163788e-01 4.819860458374023438e-01
4.647016127904258775e-01 4.471369981765749291e-01 4.497236013412473921e-01 4.811694622039793812e-01 4.645234743754066420e-01 4.467877546946207312e-01 4.546515146891276227e-01 4.747805992762249017e-01 4.638617436091103663e-01 4.586529731750487171e-01 4.547021786371864827e-01 4.745930433273313764e-01 4.807122548421222663e-01 4.647727409998577142e-01 4.679286082585653594e-01 4.799304008483886164e-01
4.584283034006756408e-01 4.479852120081584954e-01 4.488508303960163093e-01 4.721444050470985365e-01 4.569039344787595991e-01 4.385327100753787510e-01 4.439773162206015478e-01 4.675539334615071430e-01 4.643896023432413922e-01 4.436920881271365080e-01 4.480504194895429393e-01 4.604544242223105877e-01 4.707369009653731284e-01 4.438682794570923962e-01 4.456589221954350144e-01 4.729118347167968195e-01
4.764920473098757658e-01 4.499849875768027196e-01 4.636852741241457299e-01 4.890848795572919072e-01 4.648988246917725720e-01 4.518622954686482007e-01 4.472150007883710088e-01 4.602113167444860098e-01 4.720785220464068788e-01 4.598926703135166605e-01 4.610703388849893281e-01 4.687563975652060400e-01 4.787967999776204242e-01 4.550937414169310968e-01 4.712501764297482576e-01 4.901922941207885742e-01
4.793866078058883207e-01 4.566140572230022454e-01 4.642046292622880599e-01 4.835462967554725044e-01 4.672634204228718890e-01 4.522812763849897721e-01 4.555991490681966516e-01 4.714280764261883361e-01 4.755647977193200870e-01 4.579124053319298393e-01 4.561566114425658069e-01 4.775644143422443366e-01 4.898221095403037517e-01 4.732069174448647053e-01 4.704647064208986595e-01 4.839016199111937366e-01
4.756266276041666852e-01 4.516609907150266889e-01 4.467389583587644264e-01 4.697315692901609663e-01 4.525258541107173849e-01 4.386296669642132384e-01 4.456606308619182055e-01 4.594057401021321985e-01 4.517004887262983659e-01 4.381699959437053704e-01 4.365322987238567931e-01 4.479272762934365382e-01 4.760984182357788086e-01 4.624263048171993740e-01 4.667464097340898732e-01 4.719043970108032782e-01
4.855367342631023986e-01 4.579516649246215820e-01 4.604430993398029304e-01 4.881031513214105777e-01 4.687494436899823369e-01 4.570694367090861743e-01 4.523513714472450209e-01 4.711429675420125696e-01 4.666336774826053135e-01 4.581178824106854064e-01 4.477506478627524267e-01 4.661771456400550240e-01 4.878595272699993157e-01 4.652902682622271358e-01 4.747684399286906110e-01 4.908963044484455640e-01
4.754928747812907641e-01 4.566831986109419206e-01 4.542840321858723773e-01 4.782127539316812226e-01 4.553369681040446149e-01 4.467586676279706737e-01 4.419178565343223619e-01 4.623086452484136966e-01 4.710470040639239686e-01 4.552622636159260328e-01 4.527379671732587041e-01 4.695651133855187620e-01 4.841844638188684824e-01 4.626554648081461218e-01 4.711149533589678584e-01 4.740179777145386297e-01
4.636083443959552186e-01 4.394129117329919620e-01 4.486041863759358539e-01 4.644194841384887140e-01 4.560732841491705325e-01 4.366279840469359241e-01 4.354635079701739131e-01 4.563663800557455352e-01 4.561451276143392852e-01 4.437867800394692530e-01 4.430030584335330479e-01 4.506814479827885300e-01 4.689702590306601415e-01 4.560501575469971813e-01 4.482876857121783076e-01 4.708722035090132652e-01
4.744211435317991499e-01 4.523083766301474462e-01 4.547170400619508501e-01 4.799606005350747773e-01 4.657936096191407915e-01 4.401902357737221272e-01 4.491138855616258474e-01 4.686771233876548259e-01 4.717628558476766876e-01 4.583164453506468061e-01 4.550530910491942249e-01 4.687485694885256127e-01 4.763654073079427453e-01 4.668530623118081757e-01 4.717956781387323550e-01 4.881893396377562921e-01
4.741077423095708121e-01 4.500857591629031651e-01 4.572782516479495518e-01 4.786093235015868586e-01 4.647202889124549818e-01 4.494827985763550915e-01 4.516778389612833844e-01 4.672036170959473766e-01 4.652091264724735331e-01 4.497800668080644826e-01 4.521151781082151100e-01 4.675167798995966684e-01 4.811136325200401909e-01 4.595583677291870117e-01 4.696791172027589001e-01 4.812361001968381569e-01
4.685316880544027063e-01 4.418241580327354479e-01 4.533865849177044494e-01 4.679339726765952001e-01 4.499707619349162524e-01 4.384728670120241478e-01 4.484101533889774394e-01 4.617353280385333991e-01 4.520289500554407480e-01 4.493671655654907782e-01 4.455321232477823523e-01 4.556656281153361188e-01 4.750967025756835938e-01 4.540930589040120258e-01 4.577237367630004883e-01 4.669198195139571683e-01
4.736400445302327289e-01 4.506001075108844733e-01 4.603921969731648023e-01 4.772781531016032086e-01 4.570424954096478087e-01 4.442126750946048253e-01 4.537446896235148297e-01 4.632362524668375281e-01 4.632532993952435674e-01 4.537624120712280829e-01 4.484476645787555671e-01 4.668307304382324219e-01 4.623059431711833422e-01 4.535825649897262113e-01 4.597367445627847937e-01 4.705988566080728797e-01
4.714874426523842366e-01 4.552934964497885595e-01 4.490413268407186242e-01 4.740711450576785557e-01 4.640065431594846412e-01 4.439473152160644531e-01 4.516581296920774147e-01 4.705961942672729492e-01 4.663368860880530709e-01 4.555750290552770809e-01 4.440123240152993311e-01 4.713562329610189727e-01 4.836001793543501792e-01 4.557122786839796769e-01 4.717742999394732295e-01 4.725126822789512127e-01
4.653963645299276641e-01 4.392944574356078546e-01 4.447464545567827998e-01 4.741280873616535718e-01 4.507944981257115957e-01 4.316366910934447687e-01 4.317617416381839823e-01 4.602552652359009344e-01 4.535509347915651079e-01 4.442793925603230609e-01 4.355088869730627255e-01 4.619064331054689720e-01 4.681065479914347516e-01 4.556566874186195881e-01 4.589031934738158069e-01 4.667030175526936109e-01
4.780260721842450322e-01 4.492413202921547999e-01 4.595271746317546313e-01 4.818406502405802039e-01 4.537570079167682624e-01 4.323512713114418538e-01 4.433754285176596532e-01 4.644787708918251545e-01 4.661409854888911575e-01 4.566517670949299390e-01 4.473549524943030709e-01 4.645084540049236876e-01 4.778636296590169641e-01 4.594958623250327001e-01 4.592092037200927734e-01 4.842238426208497204e-01
4.734373887379964008e-01 4.470395247141520922e-01 4.552472035090128211e-01 4.706142346064252080e-01 4.502989451090491646e-01 4.447761774063107576e-01 4.471822977066033378e-01 4.481052954991660009e-01 4.747925599416100151e-01 4.606612920761110619e-01 4.571708838144942222e-01 4.719109932581582179e-01 4.928158919016524253e-01 4.707113504409785598e-01 4.728516737620039878e-01 4.830921093622843054e-01
4.712297916412352961e-01 4.525006612141928009e-01 4.562387069066362044e-01 4.690407514572142444e-01 4.641746282577513538e-01 4.400490919748944463e-01 4.494585196177162123e-01 4.627401431401571008e-01 4.747422536214192523e-01 4.654645522435508775e-01 4.555592536926271752e-01 4.777647654215494422e-01 4.824697971343995251e-01 4.606354633967081891e-01 4.660249551137292667e-01 4.792681535085039357e-01
4.751010735829670484e-01 4.480082988739012007e-01 4.518935283025102279e-01 4.742174148559568647e-01 4.592886368433630739e-01 4.423310359319055918e-01 4.527366558710740341e-01 4.617697000503541704e-01 4.636546770731606593e-01 4.545171260833741345e-01 4.591539303461709687e-01 4.725427230199178985e-01 4.903033971786500689e-01 4.693218072255456730e-01 4.678144852320355596e-01 4.837242762247721539e-01
4.681171576182048266e-01 4.506639639536543229e-01 4.547943671544393274e-01 4.725147883097332024e-01 4.678346316019694195e-01 4.468251069386799390e-01 4.524806340535479365e-01 4.681701262791950757e-01 4.748835961023968877e-01 4.650104840596523403e-01 4.546881516774499699e-01 4.766050974527998307e-01 4.898997942606610478e-01 4.715602397918700617e-01 4.655483961105344459e-01 4.844777186711629602e-01
4.772979021072385475e-01 4.495410124460855195e-01 4.515361388524378738e-01 4.685226678848267712e-01 4.492720365524291992e-01 4.405973752339684135e-01 4.424506028493243037e-01 4.620192050933835670e-01 4.543166955312095134e-01 4.373071988423664624e-01 4.389363924662273431e-01 4.554480711619054989e-01 4.751880963643391742e-01 4.567468166351318359e-01 4.617371161778768274e-01 4.735057353973386451e-01
4.815487464268998208e-01 4.527852137883501271e-01 4.497106075286869675e-01 4.774138132731119977e-01 4.697430531183881541e-01 4.344213803609214275e-01 4.434525171915684738e-01 4.628161191940305952e-01 4.706107378005982556e-01 4.532337188720699794e-01 4.461528857549031946e-01 4.573410749435427025e-01 4.798014561335244288e-01 4.660505851109822406e-01 4.664498964945477666e-01 4.822036822636921460e-01
4.884392023086545076e-01 4.576667547225947708e-01 4.663041830062861770e-01 4.871756633122762414e-01 4.585666259129841937e-01 4.439156850179034608e-01 4.514234860738123301e-01 4.730132818222050339e-01 4.671675761540726723e-01 4.525076548258462061e-01 4.508667389551799243e-01 4.681386550267538915e-01 4.843784570693969171e-01 4.737234115600582607e-01 4.694364865620931915e-01 4.867606957753499164e-01
4.592277208964026802e-01 4.429425001144410845e-01 4.508573214213052460e-01 4.779985348383583577e-01 4.549456437428789912e-01 4.360771973927816125e-01 4.438241720199588292e-01 4.612416823705037805e-01 4.595311880111695446e-01 4.434114694595336914e-01 4.492469628651933888e-01 4.580409924189250415e-01 4.668317238489789189e-01 4.537671407063806339e-01 4.543813069661455928e-01 4.701012770334880297e-01
4.784936507542930650e-01 4.525151650110880719e-01 4.624785184860227272e-01 4.833780527114867609e-01 4.573790232340496087e-01 4.334272940953572406e-01 4.440791606903073396e-01 4.542757272720339690e-01 4.660925070444742468e-01 4.566992521286015183e-01 4.532986481984456195e-01 4.675172170003256689e-01 4.886355797449746241e-01 4.605736732482911266e-01 4.722735484441119014e-01 4.875478744506835382e-01
4.737536907196045477e-01 4.563050667444868980e-01 4.545005162556967071e-01 4.820596377054852111e-01 4.694984753926594312e-01 4.439060290654500696e-01 4.545953273773192249e-01 4.779846270879111736e-01 4.766786893208821985e-01 4.602450132369998448e-01 4.504786332448325603e-01 4.640821218490598921e-01 4.741585652033486475e-01 4.597667058308917420e-01 4.496206045150757946e-01 4.757377703984583261e-01
4.664095242818197540e-01 4.475892782211302601e-01 4.531598091125488281e-01 4.661916097005209814e-01 4.585414330164590546e-01 4.501744508743285578e-01 4.487589597702026367e-01 4.712604681650794936e-01 4.609479904174803022e-01 4.487299124399822814e-01 4.402787685394288220e-01 4.634651343027753612e-01 4.788674116134636338e-01 4.593010743459066125e-01 4.496885538101191848e-01 4.725206693013508930e-01
4.692905743916830352e-01 4.427733421325688035e-01 4.472237825393680644e-01 4.664471546808882096e-01 4.473068714141849589e-01 4.311468203862506843e-01 4.375040928522745398e-01 4.526656866073606733e-01 4.488071203231812079e-01 4.356820980707803992e-01 4.367088874181112024e-01 4.540417194366457854e-01 4.676080544789633087e-01 4.545993010203043250e-01 4.482151667277017304e-01 4.713459412256878478e-01
4.729226827621462181e-01 4.463143746058148564e-01 4.656530221303304962e-01 4.761557181676230321e-01 4.591706196467079115e-01 4.429583152135213031e-01 4.458235502243040882e-01 4.627537727355958141e-01 4.683153629302975740e-01 4.486072063446044922e-01 4.457409779230753211e-01 4.614454905192057477e-01 4.663798014322917962e-01 4.456152915954589289e-01 4.506101608276366632e-01 4.652243057886761290e-01
4.707352717717486756e-01 4.524417718251549370e-01 4.601224660873413641e-01 4.871942996978759211e-01 4.601648251215618157e-01 4.397863547007244134e-01 4.490967591603596820e-01 4.700864156087240509e-01 4.542254606882732415e-01 4.493680397669475579e-01 4.493761459986366780e-01 4.629409710566206870e-01 4.747547705968225285e-01 4.563227494557694497e-01 4.593577782313030267e-01 4.796720743179318514e-01
4.563081264495854605e-01 4.380002419153846693e-01 4.516631364822385475e-01 4.698250293731692229e-01 4.379729827245075202e-01 4.327257474263509485e-01 4.381492137908937767e-01 4.470689296722413220e-01 4.457521041234341341e-01 4.404990275700885749e-01 4.397654930750529712e-01 4.574942191441853101e-01 4.695274432500202710e-01 4.569185177485147187e-01 4.548567533493039772e-01 4.705260992050175339e-01
4.759624799092610492e-01 4.523562590281166584e-01 4.620077212651572673e-01 4.870439767837528300e-01 4.578283230463664477e-01 4.503349463144935561e-01 4.532626072565717479e-01 4.676879644393924229e-01 4.631676276524862024e-01 4.485301574071246522e-01 4.448763529459637822e-01 4.680617650349934156e-01 4.842758973439538206e-01 4.674754142761227138e-01 4.730209112167355623e-01 4.761478900909422718e-01
4.774512847264608673e-01 4.545936187108361448e-01 4.656837781270343757e-01 4.850012858708703800e-01 4.610158205032346412e-01 4.383285045623777076e-01 4.397444725036622759e-01 4.689627488454187199e-01 4.643448988596596827e-01 4.477444887161253773e-01 4.459762970606485633e-01 4.657237529754640337e-01 4.742635091145829263e-01 4.549490610758460396e-01 4.553509950637813497e-01 4.806113640467327142e-01
4.621829191843665474e-01 4.385471741358439313e-01 4.481394290924072821e-01 4.645693302154543791e-01 4.489164749781294206e-01 4.345186948776245672e-01 4.386299848556518555e-01 4.572320779164633642e-01 4.496009349822997492e-01 4.426121711730959252e-01 4.375003178914390056e-01 4.533024231592812647e-01 4.836086034774781384e-01 4.618280728658042400e-01 4.552059968312577865e-01 4.664408365885413521e-01
4.632163047790526234e-01 4.423165718714393013e-01 4.552664756774900678e-01 4.735222657521563905e-01 4.611675739288327858e-01 4.412388404210409454e-01 4.420179128646849476e-01 4.661085208257040313e-01 4.668991168340043685e-01 4.550135533014928457e-01 4.486949841181439025e-01 4.675509134928380606e-01 4.921373128890990656e-01 4.754238526026403067e-01 4.653717676798500569e-01 4.814842939376829389e-01
4.849716027577717359e-01 4.558629592259728081e-01 4.654764731725057336e-01 4.886168241500852827e-01 4.648429155349730335e-01 4.416023095448809999e-01 4.515268405278526354e-01 4.654263655344649253e-01 4.556637605031334526e-01 4.476125637690229753e-01 4.518735011418665293e-01 4.705821275711055685e-01 4.848766724268596118e-01 4.638582070668539337e-01 4.624767700831096673e-01 4.786135752995810400e-01
4.657169977823888418e-01 4.395488897959394792e-01 4.481611251831055243e-01 4.786374171574909187e-01 4.527348279953001264e-01 4.313327868779494589e-01 4.427640835444133227e-01 4.540592034657798259e-01 4.543454647064212870e-01 4.366337458292642304e-01 4.422930081685383374e-01 4.619451761245728649e-01 4.767758448918660852e-01 4.482356309890747625e-01 4.504098494847615930e-01 4.635645151138303444e-01
4.798712730407713734e-01 4.483916759490971238e-01 4.575887123743694329e-01 4.881026347478227834e-01 4.696083863576249740e-01 4.565079212188722368e-01 4.590196212132766629e-01 4.826631546020510033e-01 4.737524986267090954e-01 4.662672678629555811e-01 4.593137105305990509e-01 4.641768932342527632e-01 4.797364473342897728e-01 4.538476467132566694e-01 4.591784079869583590e-01 4.756329059600828968e-01
4.766798814137777063e-01 4.541476964950560968e-01 4.679194291432699493e-01 4.903256495793660297e-01 4.713008006413777484e-01 4.563452402750652892e-01 4.614934126536052728e-01 4.781475067138672430e-01 4.662632942199709252e-01 4.578978617986041999e-01 4.494745731353761986e-01 4.611304601033526795e-01 4.840978384017946556e-01 4.681479533513387414e-01 4.613683621088663367e-01 4.823193152745564038e-01
4.576952457427980181e-01 4.389778772989908484e-01 4.427891174952185427e-01 4.675298929214472543e-01 4.569739898045862558e-01 4.362736543019612445e-01 4.508067766825358258e-01 4.658356110254923688e-01 4.520216385523481706e-01 4.418508609135942677e-01 4.435774087905882124e-01 4.503226677576697701e-01 4.703324238459266060e-01 4.478199879328407795e-01 4.545145034790034622e-01 4.615162213643393962e-01
4.724927345911665300e-01 4.400788942972823081e-01 4.611587921778362298e-01 4.733719428380327998e-01 4.538423220316569195e-01 4.438584645589192523e-01 4.471196730931596419e-01 4.629307985305786688e-01 4.690467913945519096e-01 4.477373758951825322e-01 4.550511439641316547e-01 4.644012451171877776e-01 4.868988196055090700e-01 4.596098661422727827e-01 4.637976487477623033e-01 4.675282637278233566e-01
4.762101173400877796e-01 4.463420708974201734e-01 4.586322307586671032e-01 4.770689805348711232e-01 4.604682127634687205e-01 4.433321952819826439e-01 4.482667446136474609e-01 4.677095015843711345e-01 4.561966260274251672e-01 4.514950911204023143e-01 4.390174547831215968e-01 4.699763854344688463e-01 4.773883819580078680e-01 4.591567913691203540e-01 4.567525386810302734e-01 4.823240041732786976e-01
4.679143826166793363e-01 4.422571659088133100e-01 4.584856033325193647e-01 4.722686608632403193e-01 4.462418556213376131e-01 4.362499713897705078e-01 4.357177019119258810e-01 4.671689271926880438e-01 4.460259675979616478e-01 4.338437318801879883e-01 4.310386975606285143e-01 4.463402827580766896e-01 4.526803890864052327e-01 4.466017882029209574e-01 4.397548039754229920e-01 4.546057780583698804e-01
4.804906845092771772e-01 4.534766276677445473e-01 4.647204875946045477e-01 4.916615088780718623e-01 4.612120787302654845e-01 4.523427486419676069e-01 4.565741221110024561e-01 4.776057402292886445e-01 4.603064854939780681e-01 4.516381025314331055e-01 4.522856076558430805e-01 4.669346809387205366e-01 4.840232531229653468e-01 4.643071095148721961e-01 4.633414745330804441e-01 4.696638186772664203e-01
