4.521611531575524534e-01 4.608241915702819269e-01 4.635992348194119539e-01 4.613623817761738355e-01
4.450274010499316035e-01 4.467940330505373314e-01 4.575927356878919383e-01 4.556255638599399083e-01
4.572532673676809600e-01 4.613658885161084910e-01 4.694218436876928524e-01 4.651717046896622909e-01
4.466666777928673393e-01 4.470750093460081342e-01 4.507235089937846606e-01 4.533427457014715389e-01
4.648777544498446379e-01 4.760277668635053416e-01 4.675930241743721516e-01 4.673536519209542384e-01
4.619147777557370826e-01 4.677710334459934116e-01 4.700833062330878054e-01 4.679918885231024173e-01
4.575859705607098760e-01 4.626986384391778007e-01 4.605660835901894679e-01 4.625512262185412227e-01
4.719555675983430065e-01 4.738518297672271729e-01 4.572501480579377886e-01 4.580442309379581522e-01
4.606045981248216292e-01 4.682287474473316724e-01 4.530907372633619645e-01 4.572037756443022016e-01
4.596769014994300240e-01 4.666115840276086058e-01 4.474743604660036955e-01 4.487141370773309323e-01
4.587653676668806968e-01 4.649848838647205329e-01 4.598847726980844208e-01 4.595735967159274571e-01
4.674114783604941259e-01 4.737711548805238482e-01 4.657991230487825707e-01 4.741792281468710235e-01
4.598136544227602873e-01 4.705899655818943095e-01 4.545100828011834904e-01 4.557142257690429688e-01
4.559944669405615048e-01 4.656291902065281541e-01 4.608120818932852636e-01 4.607237875461575594e-01
4.658488134543105064e-01 4.677471518516546078e-01 4.596221248308815510e-01 4.564823905626926304e-01
4.506649772326152270e-01 4.534839789072677707e-01 4.515173832575477553e-01 4.554541309674574046e-01
4.648797710736592981e-01 4.702239433924352840e-01 4.667504429817199707e-01 4.720802803834284189e-01
4.664048751195269960e-01 4.701970815658573222e-01 4.700206816196442206e-01 4.711578885714214904e-01
4.467939436435697242e-01 4.572123686472570614e-01 4.514015913009639114e-01 4.548314313093824723e-01
4.623705943425499565e-01 4.698793888092043236e-01 4.647123515605925959e-01 4.590997199217480285e-01
4.547242820262908936e-01 4.583451151847837135e-01 4.638415277004238613e-01 4.606111645698551804e-01
4.409260749816895641e-01 4.507681727409362238e-01 4.563995897769929089e-01 4.524661799271899043e-01
4.574438730875651782e-01 4.642814199129739472e-01 4.707432985305781692e-01 4.692074557145436420e-01
4.574296275774633602e-01 4.638179739316306560e-01 4.661026000976559724e-01 4.651550749937689577e-01
4.469283521175391738e-01 4.524146417776742091e-01 4.540735085805257532e-01 4.458714127540580052e-01
4.549551208813984449e-01 4.631672998269409924e-01 4.581321378548940948e-01 4.584083557128909026e-01
4.537419180075327740e-01 4.538791577021278334e-01 4.690137008825935316e-01 4.693362812201180567e-01
4.470331470171607369e-01 4.510541061560314757e-01 4.532486399014786227e-01 4.521585106849669855e-01
4.591544171174364308e-01 4.676556785901394009e-01 4.722914795080826456e-01 4.678325057029725786e-01
4.613146583239238208e-01 4.671182632446291283e-01 4.627916614214575564e-01 4.605847795804343114e-01
4.455266296863550912e-01 4.576660990715025745e-01 4.539313912391662598e-01 4.475651482741033749e-01
4.496126373608903548e-01 4.578880965709683504e-01 4.640011688073470975e-01 4.658582011858617977e-01
4.527182877063747890e-01 4.545627236366265866e-01 4.706170459588366328e-01 4.585789342721299233e-01
4.414507746696471058e-01 4.458713134129838052e-01 4.522063036759692012e-01 4.514564275741572708e-01
4.630279640356695925e-01 4.637909332911168692e-01 4.689908325672151324e-01 4.652715822060904949e-01
4.576615989208226432e-01 4.616192380587255673e-01 4.653948843479152608e-01 4.643337031205496124e-01
4.456292092800134830e-01 4.559099078178406872e-01 4.520338177680969793e-01 4.519452651341756000e-01
4.595942497253417969e-01 4.621001382668816770e-01 4.595414996147154651e-01 4.615896344184874933e-01
4.595914085706072072e-01 4.661649167537694760e-01 4.683109124501548259e-01 4.644600450992580898e-01
4.495813548564909223e-01 4.566712975502015825e-01 4.560681680838266638e-01 4.513226350148518140e-01
4.607746700445810029e-01 4.685498674710588674e-01 4.630816082159676661e-01 4.629628658294679955e-01
4.561117192109430674e-01 4.603422482808428584e-01 4.643812775611879662e-01 4.637206693490345533e-01
4.481852849324549082e-01 4.572447935740152625e-01 4.549752672513320273e-01 4.562232593695324523e-01
4.658238291740418591e-01 4.692515631516775976e-01 4.719756344954174621e-01 4.703844885031380763e-01
4.664353032906850549e-01 4.746938049793244518e-01 4.683206578095751027e-01 4.683200716972347188e-01
4.438938399155933356e-01 4.516224960486096007e-01 4.509870707988742899e-01 4.466133713722230114e-01
4.554742872714993007e-01 4.579487244288125702e-01 4.575144151846569640e-01 4.551248649756118314e-01
4.560770889123277327e-01 4.592866202195490244e-01 4.631341497103374505e-01 4.620802203814190490e-01
4.493232965469360352e-01 4.519581198692320112e-01 4.554267625013984633e-01 4.534774820009868646e-01
4.623059928417205255e-01 4.678946137428287022e-01 4.545363883177440112e-01 4.533485571543374171e-01
4.589703679084778942e-01 4.657143056392675784e-01 4.696492751439417246e-01 4.686053295930225904e-01
4.477206071217854633e-01 4.533816377321875923e-01 4.651727279027298434e-01 4.607523183027900093e-01
4.610530634721116683e-01 4.682495196660356185e-01 4.638017217318218255e-01 4.637004633744560289e-01
4.572703937689466813e-01 4.627765615781145869e-01 4.593057135740918340e-01 4.557094871997832142e-01
4.474458495775863187e-01 4.524686932563778963e-01 4.520591596762339459e-01 4.513398508230848649e-01
4.510170519351963669e-01 4.606047471364339563e-01 4.679857194423675537e-01 4.681273301442466228e-01
4.599263767401374214e-01 4.659131964047750762e-01 4.660589297612508508e-01 4.714100360870359108e-01
4.479557971159615626e-01 4.534008602301275448e-01 4.529878993829087874e-01 4.548582931359608783e-01
4.601762195428208413e-01 4.661078552405045206e-01 4.674351116021475128e-01 4.651569525400796046e-01
4.557874600092567396e-01 4.650812943776450048e-01 4.669999281565357374e-01 4.692885577678682640e-01
4.504625399907434824e-01 4.581316212813066335e-01 4.556717177232103566e-01 4.567689001560213402e-01
4.608095387617748839e-01 4.650491178035738860e-01 4.664654334386194590e-01 4.728173017501833275e-01
4.638863404591875295e-01 4.686945378780367211e-01 4.741265575091037077e-01 4.720218380292258709e-01
4.546107848485312908e-01 4.553842246532441296e-01 4.570988019307458128e-01 4.557775954405463570e-01
4.673268198966969988e-01 4.680101474126181493e-01 4.694753388563791541e-01 4.698981344699867391e-01
4.585679272810612717e-01 4.591808219750720954e-01 4.682872990767165677e-01 4.668590029080711967e-01
4.489306310812634093e-01 4.512133896350856710e-01 4.562380810578664514e-01 4.532110989093780518e-01
4.581783413887025036e-01 4.631171623865765197e-01 4.683244427045187286e-01 4.709466695785522461e-01
4.595991472403207490e-01 4.636922578016915986e-01 4.639152983824413878e-01 4.676367938518525835e-01
4.496998687585198051e-01 4.578665097554522889e-01 4.576464692751561203e-01 4.564603269100186989e-01
4.563738306363424591e-01 4.636628230412796481e-01 4.582260549068453148e-01 4.614034990469617625e-01
4.586836993694304310e-01 4.613416989644365529e-01 4.653060932954148909e-01 4.649138847986855616e-01
4.467805027961734288e-01 4.527228871981301972e-01 4.553983906904858214e-01 4.557553827762598764e-01
4.533439179261525842e-01 4.623055060704551189e-01 4.650380611419673849e-01 4.638241132100427433e-01
4.538880089918769789e-01 4.552872578303021056e-01 4.747452735900879461e-01 4.712564150492359882e-01
4.569885432720189877e-01 4.593695302804312042e-01 4.708280165990193500e-01 4.696542819341029129e-01
4.561822613080345756e-01 4.601543247699738104e-01 4.694492518901825506e-01 4.708088537057248391e-01
4.583602150281272380e-01 4.619899789492286080e-01 4.753385285536444460e-01 4.703298409779866907e-01
4.541770815849305309e-01 4.561321536699932122e-01 4.558897018432617743e-01 4.574068288008369398e-01
4.596245984236400073e-01 4.583482642968499943e-01 4.674241244792938788e-01 4.630368848641711610e-01
4.621470669905344830e-01 4.694791535536441685e-01 4.694442749023433614e-01 4.688006440798439534e-01
4.482982655366262170e-01 4.584804276625317754e-01 4.558853805065148923e-01 4.579426348209384989e-01
4.554537832736965108e-01 4.610528647899631571e-01 4.680002530415852124e-01 4.701593220233913906e-01
4.608658154805502227e-01 4.672850271066033012e-01 4.677122433980310245e-01 4.599797825018564490e-01
4.556786715984343927e-01 4.598427116870877907e-01 4.619615972042092622e-01 4.564882814884184681e-01
4.476294020811720231e-01 4.509601791699729967e-01 4.516741434733075322e-01 4.525779287020366692e-01
4.553414980570475445e-01 4.625965158144632050e-01 4.572294155756632117e-01 4.557552337646486595e-01
4.557820558547975853e-01 4.666249851385747549e-01 4.586677551269530140e-01 4.628367424011231024e-01
4.412517746289569276e-01 4.516765773296357311e-01 4.531742731730145635e-01 4.556606411933899481e-01
4.591205020745599552e-01 4.675005674362184283e-01 4.658622741699211534e-01 4.655267298221593131e-01
4.578473071257272986e-01 4.648480713367465489e-01 4.603254894415534926e-01 4.619156022866570677e-01
4.460413157939913109e-01 4.521427055199944145e-01 4.594124456246694854e-01 4.531123936176305045e-01
4.519848227500913307e-01 4.592287937800090258e-01 4.723684589068098960e-01 4.657754898071280736e-01
4.618199467659001023e-01 4.677616258462269916e-01 4.630028009414675072e-01 4.658864935239157568e-01
4.473333756128947680e-01 4.559054573376975505e-01 4.539976716041567717e-01 4.545531372229253964e-01
4.635948141415912049e-01 4.718435307343806229e-01 4.684009651343025715e-01 4.645754794279734479e-01
4.646184047063194322e-01 4.744714995225267073e-01 4.691017369429267836e-01 4.635731776555381267e-01
4.474801917870838142e-01 4.567403495311731509e-01 4.530062278111773311e-01 4.524827003479006127e-01
4.525681038697561553e-01 4.611453016599029175e-01 4.658232132593790875e-01 4.626945753892260371e-01
4.565881490707393020e-01 4.629193643728900520e-01 4.610592226187381626e-01 4.620175957679745760e-01
4.481658438841504832e-01 4.584102233250935132e-01 4.447879691918686373e-01 4.429348905881244636e-01
4.618805348873136762e-01 4.726404647032415585e-01 4.650687376658120820e-01 4.630563954512277869e-01
