4.532391528288522986e-01 4.600080053011583181e-01 4.592827459176377358e-01 4.644544422626501468e-01
4.472602307796480492e-01 4.578737417856850178e-01 4.624519050121307928e-01 4.651337067286173133e-01
4.517170190811154451e-01 4.602191249529515304e-01 4.522332847118374355e-01 4.510141611099244274e-01
4.385361274083461880e-01 4.414509534835811544e-01 4.467998743057252087e-01 4.505994220574700559e-01
4.466334283351903189e-01 4.517537951469429713e-01 4.612264434496560761e-01 4.669694503148399400e-01
4.493358731269833095e-01 4.651015003522234736e-01 4.579501052697495522e-01 4.558906753857935867e-01
4.331770241260530230e-01 4.416109422842666721e-01 4.441464245319363124e-01 4.457757870356244267e-01
4.563235938549045634e-01 4.593123594919841790e-01 4.580810964107512873e-01 4.571823775768274478e-01
4.398091534773510003e-01 4.447918534278873515e-01 4.502091407775881127e-01 4.491502642631537978e-01
4.465262293815618344e-01 4.530399044354764815e-01 4.497077365716303232e-01 4.482522110144301908e-01
4.533063471317290150e-01 4.568554461002349854e-01 4.398426612218224174e-01 4.463830888271337338e-01
4.453078707059223706e-01 4.517658054828642689e-01 4.568735361099242054e-01 4.594374994436895565e-01
4.339243570963548513e-01 4.433088004589075815e-01 4.417143364747364020e-01 4.470168153444923909e-01
4.518598318099977251e-01 4.614645838737490569e-01 4.555381337801617803e-01 4.543637633323672764e-01
4.507792691389717610e-01 4.572862188021344365e-01 4.609184265136722081e-01 4.574629366397858776e-01
4.419033428033187216e-01 4.495890041192370234e-01 4.492147763570146779e-01 4.524950782457988763e-01
4.570734699567160497e-01 4.628376066684726231e-01 4.498890340328224879e-01 4.536346197128292013e-01
4.482065240542091322e-01 4.602541228135425544e-01 4.484739998976390862e-01 4.502512812614440363e-01
4.413651128609968888e-01 4.491988023122148177e-01 4.398076434930167089e-01 4.417657256126408249e-01
4.532032608985903654e-01 4.614045719305671089e-01 4.535310069719946102e-01 4.603212376435599218e-01
4.562288224697105821e-01 4.646059374014547827e-01 4.602503279844922801e-01 4.584155380725859485e-01
4.427198668320978525e-01 4.488380650679268391e-01 4.486699004968001669e-01 4.439018368721011076e-01
4.482235610485083011e-01 4.561136563618979345e-01 4.534769852956139768e-01 4.501312275727589740e-01
4.556193550427748984e-01 4.584789574146275193e-01 4.533864657084143435e-01 4.545382956663772123e-01
4.383254349231714420e-01 4.471953014532724646e-01 4.453930060068767016e-01 4.411003688971202874e-01
4.465081294377645227e-01 4.511532187461855803e-01 4.520619710286457038e-01 4.481275975704194781e-01
4.501981139183040548e-01 4.550524751345316199e-01 4.539346496264138886e-01 4.518607258796689674e-01
4.370314876238499124e-01 4.482440849145252204e-01 4.436953067779536575e-01 4.429303308327994237e-01
4.564211269219713429e-01 4.577385683854419129e-01 4.455777704715732646e-01 4.455238878726957563e-01
4.532839457194008936e-01 4.558588862419132304e-01 4.576889574527742144e-01 4.540116290251413611e-01
4.468634029229481275e-01 4.460281133651727292e-01 4.520967006683347944e-01 4.481259584426882103e-01
4.452273050944003940e-01 4.515630602836609442e-01 4.611952900886528428e-01 4.558688104152675002e-01
4.522217015425374353e-01 4.532461961110431647e-01 4.515323936939237282e-01 4.479703505833946831e-01
4.531552493572234552e-01 4.508831202983856201e-01 4.361837307612090320e-01 4.364295303821562055e-01
4.460505942503613097e-01 4.460567136605578797e-01 4.484282732009888250e-01 4.480664034684491703e-01
4.478199581305182253e-01 4.597075184186296681e-01 4.511726299921666739e-01 4.517798523108164654e-01
4.367863039175671758e-01 4.440156817436219372e-01 4.466282824675246732e-01 4.426807065804795327e-01
4.450811743736262094e-01 4.516935547192892919e-01 4.491992096106204868e-01 4.475635588169096235e-01
4.441504776477812055e-01 4.513978362083436169e-01 4.460001488526665891e-01 4.507116576035816169e-01
4.445949097474420353e-01 4.453095793724064499e-01 4.408812026182804544e-01 4.383312563101452453e-01
4.508684972922006873e-01 4.562216599782317195e-01 4.449616769949591988e-01 4.480260411898294159e-01
4.528380135695143638e-01 4.539806544780731201e-01 4.422662456830341315e-01 4.485336244106290504e-01
4.462536970774334533e-01 4.495925009250640314e-01 4.458552499612173370e-01 4.398901859919231438e-01
4.487366378307345305e-01 4.552811682224276457e-01 4.603199958801271752e-01 4.573734501997634427e-01
4.460859398047127833e-01 4.512464106082919035e-01 4.503359496593467570e-01 4.551104108492538547e-01
4.362515509128571112e-01 4.429649909337363134e-01 4.447623491287230335e-01 4.454298218091327644e-01
4.467772046724959867e-01 4.552297393480939647e-01 4.510195056597390839e-01 4.497036139170326741e-01
4.489814937114720572e-01 4.564099212487539026e-01 4.539249539375305731e-01 4.548268417517343232e-01
4.396293759346004970e-01 4.440514047940568587e-01 4.481992920239769029e-01 4.513524472713470459e-01
4.493570327758784066e-01 4.509300788243615910e-01 4.525497059027352442e-01 4.552016059557595362e-01
4.549207687377927467e-01 4.609619776407876679e-01 4.596378703912097907e-01 4.625156422456109251e-01
4.474369684855140639e-01 4.496934910615289493e-01 4.482098420461024801e-01 4.517386356989545049e-01
4.504556755224866094e-01 4.595200220743816955e-01 4.636330107847854709e-01 4.657948712507883893e-01
4.489885568618778855e-01 4.539490739504495331e-01 4.512897928555809068e-01 4.594128032525379157e-01
4.421888689200089706e-01 4.496684273084003425e-01 4.439097940921781782e-01 4.429429272810623264e-01
4.508910278479255074e-01 4.531786839167281644e-01 4.603561560312909862e-01 4.619548221429189416e-01
4.499050974845885675e-01 4.509702523549398712e-01 4.540890455245973900e-01 4.562583367029822701e-01
4.298719167709350586e-01 4.376548429330188728e-01 4.384365081787111040e-01 4.396596550941468395e-01
4.534142613410955258e-01 4.548859198888137723e-01 4.559746881326042778e-01 4.586461981137590072e-01
4.474232693513241488e-01 4.535437524318692848e-01 4.538382887840269331e-01 4.521405200163517990e-01
4.367351432641346509e-01 4.387924075126652390e-01 4.444100459416708282e-01 4.503540496031442908e-01
4.491381446520485432e-01 4.569046000639594429e-01 4.491766194502508913e-01 4.543249110380813138e-01
4.544884165128071363e-01 4.563233256340024080e-01 4.516336321830752842e-01 4.487778246402736593e-01
4.452529450257619037e-01 4.474693437417346376e-01 4.460709989070890114e-01 4.459370474020646902e-01
4.509358008702593623e-01 4.549938539663948012e-01 4.490982989470163056e-01 4.502632419268285391e-01
4.519120554129292811e-01 4.521054724852241469e-01 4.518075982729591877e-01 4.588397542635606619e-01
4.462118744850157026e-01 4.483070472876222179e-01 4.448877672354383805e-01 4.476946691672004652e-01
4.616975784301758923e-01 4.659124215443931072e-01 4.608169098695117927e-01 4.611468613147735596e-01
4.443586170673367586e-01 4.474917749563855907e-01 4.585551520188650976e-01 4.567659000555671089e-01
4.382986327012384220e-01 4.413696428140010952e-01 4.495476186275482178e-01 4.494417111078899962e-01
4.528700113296506014e-01 4.570536712805422508e-01 4.464954038461049213e-01 4.530457059542336573e-01
4.454009334246316620e-01 4.489423235257469780e-01 4.472357928752899170e-01 4.544497728347771659e-01
4.371399084726972362e-01 4.393475254376727479e-01 4.471414188543955670e-01 4.509484569231667073e-01
4.541821976502736224e-01 4.586441616217302175e-01 4.505712191263833155e-01 4.596483111381526321e-01
4.459082980950672126e-01 4.562527139981588653e-01 4.570545355478928817e-01 4.555608431498213151e-01
4.398249785105387555e-01 4.457850257555650009e-01 4.418151378631589021e-01 4.428578515847531039e-01
4.478332300980883973e-01 4.501537084579468329e-01 4.541115760803223766e-01 4.564841488997147256e-01
4.575305879116060570e-01 4.597805738449096125e-01 4.554378390312193714e-01 4.591396550337470406e-01
4.504344960053759950e-01 4.522421459356936735e-01 4.397923052310941383e-01 4.377684692541752853e-01
4.481584727764129084e-01 4.542252818743387488e-01 4.501527647177381297e-01 4.522586961587261589e-01
4.559766650199889026e-01 4.634633858998619682e-01 4.500687519709264950e-01 4.582354029019671815e-01
4.479531049728392444e-01 4.522369007269541608e-01 4.418883423010507294e-01 4.416899879773458215e-01
4.508899648984270869e-01 4.547201593716937995e-01 4.501248200734461191e-01 4.495525062084199663e-01
4.566557208697002435e-01 4.649910728136699145e-01 4.649255375067389839e-01 4.622388680775957326e-01
4.478341042995452881e-01 4.500732521216075921e-01 4.487792452176413982e-01 4.446545640627544982e-01
4.553353488445280872e-01 4.580776492754617402e-01 4.548730154832207884e-01 4.577764868736260429e-01
4.527228573958079205e-01 4.582420190175379715e-01 4.566429952780404755e-01 4.593067367871602746e-01
4.379901985327404046e-01 4.449213842550912568e-01 4.426039159297940340e-01 4.450775881608326490e-01
4.468788802623749890e-01 4.501452247301739318e-01 4.482603569825485690e-01 4.450486302375795677e-01
4.521654744942982806e-01 4.557101527849832245e-01 4.639991025129952540e-01 4.635180135567986137e-01
4.450788895289101710e-01 4.521695673465730425e-01 4.506824513276419530e-01 4.485426942507423909e-01
4.512968758742016973e-01 4.542202055454250265e-01 4.539007047812140816e-01 4.547064701716106994e-01
4.565246601899466405e-01 4.491070111592610492e-01 4.734749197959903233e-01 4.707957208156583473e-01
4.327345391114544304e-01 4.426454305648803711e-01 4.512951572736104700e-01 4.506833155949918623e-01
4.434150457382199373e-01 4.480373064676919093e-01 4.588909447193138536e-01 4.557118117809293989e-01
4.561987320582075456e-01 4.595514635245005475e-01 4.645957251389816189e-01 4.637514551480613756e-01
4.581541220347088994e-01 4.574867586294816824e-01 4.445838828881584770e-01 4.382626712322235107e-01
4.486704270044964971e-01 4.472693502902985729e-01 4.564246733983361448e-01 4.496219158172604091e-01
