4.754078785578409461e-01 4.557316700617473071e-01 4.622690280278526354e-01 4.794343312581376693e-01 4.446132580439248194e-01 4.372038046518961774e-01 4.460643529891963888e-01 4.522643089294436369e-01 4.525622924168905548e-01 4.435151815414430376e-01 4.482155243555708823e-01 4.592285950978595155e-01 4.738638798395792273e-01 4.671896298726398999e-01 4.686333338419597649e-01 4.817403157552083148e-01
4.620357354482017009e-01 4.453593095143638103e-01 4.497076272964479760e-01 4.726231892903649534e-01 4.435465733210243733e-01 4.380993048350018682e-01 4.478627443313596967e-01 4.613014062245681113e-01 4.627519845962525524e-01 4.610930681228636030e-01 4.549914201100667688e-01 4.662224451700847094e-01 4.691486358642576460e-01 4.568139314651492033e-01 4.609559774398804266e-01 4.783649841944379033e-01
4.685448805491126967e-01 4.370422760645552573e-01 4.587970574696860204e-01 4.693706830342609382e-01 4.552512963612871388e-01 4.460296233495077978e-01 4.492531220118206603e-01 4.634556372960406678e-01 4.458694855372112853e-01 4.406764109929404150e-01 4.371609290440879869e-01 4.458162387212115663e-01 4.722220102945962061e-01 4.501652320226036674e-01 4.535522858301798688e-01 4.675271908442178992e-01
4.529444773991904705e-01 4.352912108103431099e-01 4.399958848953249846e-01 4.599503676096597382e-01 4.482101202011105623e-01 4.176987012227379448e-01 4.263118108113603810e-01 4.395457506179806795e-01 4.456194241841633930e-01 4.381777445475263932e-01 4.383423725763955781e-01 4.591038624445594185e-01 4.620626370112101977e-01 4.413396914800009618e-01 4.393112262090049236e-01 4.656402269999188603e-01
4.608578284581500428e-01 4.401860634485885160e-01 4.420320192972820306e-01 4.718180100123085530e-01 4.505076408386231024e-01 4.349821805953973941e-01 4.449238777160647862e-01 4.482412735621137956e-01 4.594551722208659594e-01 4.485884904861450750e-01 4.522519906361894271e-01 4.669155677159622653e-01 4.827549060185749030e-01 4.541072050730393106e-01 4.657245477040610759e-01 4.829856952031454376e-01
4.603906075159706068e-01 4.435203472773237565e-01 4.550640583038325082e-01 4.796810547510785838e-01 4.546125729878744415e-01 4.388199647267663206e-01 4.564619859059652618e-01 4.691989024480182624e-01 4.544695615768434838e-01 4.474885861078897187e-01 4.388184944788611208e-01 4.540665547053016060e-01 4.750931660334272721e-01 4.547491073608397327e-01 4.559139808019003204e-01 4.747636715571083577e-01
4.394568999608357562e-01 4.118263324101767431e-01 4.291814963022867468e-01 4.461281299591063343e-01 4.450019200642904571e-01 4.364229440689089135e-01 4.415294726689658056e-01 4.496046702067058032e-01 4.498766263326006154e-01 4.290481011072793671e-01 4.402238527933756695e-01 4.437758922576900966e-01 4.584379593531295871e-01 4.392230113347370124e-01 4.407177766164147581e-01 4.583856264750169052e-01
4.730757872263591790e-01 4.553138415018712637e-01 4.526065985361735211e-01 4.766413768132529705e-01 4.523512522379561362e-01 4.445534944534301758e-01 4.428273042043047725e-01 4.651741584142050634e-01 4.511718750000000555e-01 4.443687597910562781e-01 4.440932671229045892e-01 4.618862072626748749e-01 4.795968135197957172e-01 4.571869373321533203e-01 4.514621893564861321e-01 4.712878465652471371e-01
4.536486069361371776e-01 4.361244440078735352e-01 4.394073486328128886e-01 4.576300779978428324e-01 4.432308673858643688e-01 4.262326955795286976e-01 4.323190450668334961e-01 4.498109420140589121e-01 4.454754988352457312e-01 4.333822727203375802e-01 4.299295743306478790e-01 4.516558647155760053e-01 4.752382040023806486e-01 4.467405875523887127e-01 4.532914956410727392e-01 4.617241223653151261e-01
4.546582698822014268e-01 4.456924597422278200e-01 4.479101101557414477e-01 4.717319409052528334e-01 4.553012847900390625e-01 4.304529031117753646e-01 4.380771319071452563e-01 4.544404347737634464e-01 4.474107027053835783e-01 4.347664117813109241e-01 4.369578361511229914e-01 4.419317642847697680e-01 4.616307814915974195e-01 4.550230503082277611e-01 4.434553384780883789e-01 4.706639051437376264e-01
4.668126106262202590e-01 4.491744438807168116e-01 4.463856617609654465e-01 4.780673583348591937e-01 4.525252580642701861e-01 4.447130759557089696e-01 4.475185871124266468e-01 4.554501771926878773e-01 4.482738971710201747e-01 4.276061058044429708e-01 4.297344287236531946e-01 4.499464035034180243e-01 4.482551415761314995e-01 4.352355003356934149e-01 4.459983507792155133e-01 4.598531723022462603e-01
4.606633981068926631e-01 4.381992022196447567e-01 4.444637298583986040e-01 4.693103233973184851e-01 4.497044881184893983e-01 4.326643943786622759e-01 4.361270268758141166e-01 4.571621417999267578e-01 4.606533050537111040e-01 4.405707518259684985e-01 4.510320822397864138e-01 4.653031826019289330e-01 4.731295903523760060e-01 4.531404972076419901e-01 4.551438887914022180e-01 4.662708441416421601e-01
4.457955360412595991e-01 4.238107601801553437e-01 4.303464889526369408e-01 4.598393440246584252e-01 4.397751490275063624e-01 4.263159831364951580e-01 4.340211550394691420e-01 4.490282138188680938e-01 4.370912710825599623e-01 4.276900291442871094e-01 4.354471762975056226e-01 4.433938264846801203e-01 4.577149947484332460e-01 4.443610509236656791e-01 4.451190233230593041e-01 4.641072352727255157e-01
4.644066095352169521e-01 4.472668568293254876e-01 4.622902870178224322e-01 4.755093256632487719e-01 4.575638771057127796e-01 4.382019837697347375e-01 4.464380343755092739e-01 4.616206884384156939e-01 4.515482981999717205e-01 4.507878224054969185e-01 4.450388352076209419e-01 4.576573371887207031e-01 4.679039716720581610e-01 4.519124428431197105e-01 4.518889188766477272e-01 4.628699620564777351e-01
4.726449251174923982e-01 4.425332546234129749e-01 4.494429826736445754e-01 4.750669399897256562e-01 4.483635822931925641e-01 4.395753145217897728e-01 4.416420459747314453e-01 4.629929065704345148e-01 4.635659853617351556e-01 4.544905026753742194e-01 4.475649595260621783e-01 4.617319901784259772e-01 4.730806350708011698e-01 4.525365829467773438e-01 4.527355035146076734e-01 4.678192933400474041e-01
4.565229018529255445e-01 4.434645970662434156e-01 4.476265907287598211e-01 4.689936637878416859e-01 4.448710680007937346e-01 4.227548042933145789e-01 4.329936106999716094e-01 4.487421512603761431e-01 4.474859635035201011e-01 4.362428585688277183e-01 4.446432987848917828e-01 4.495621919631955787e-01 4.608250856399536133e-01 4.523051977157593329e-01 4.487880468368529718e-01 4.669867753982546166e-01
4.649779399236044775e-01 4.506378173828125555e-01 4.506156841913861455e-01 4.766566753387452837e-01 4.654492934544881555e-01 4.472288290659588439e-01 4.543596506118776079e-01 4.697184165318809557e-01 4.468858242034912664e-01 4.438465436299640077e-01 4.401975472768145381e-01 4.566487868626915581e-01 4.627064069112138411e-01 4.461173613866166732e-01 4.539120197296144243e-01 4.637801249821980609e-01
4.521358410517373194e-01 4.435557126998899147e-01 4.477755228678387267e-01 4.736125866572064580e-01 4.556095202763876251e-01 4.415250221888220028e-01 4.475408395131422190e-01 4.720875422159833135e-01 4.471526940663653193e-01 4.398948748906453821e-01 4.379437764485676343e-01 4.510295788447064025e-01 4.603564341862997344e-01 4.464919964472451874e-01 4.511015812555953519e-01 4.609301884969073670e-01
4.571265379587811095e-01 4.295144875844318921e-01 4.357600609461468322e-01 4.661218722661332747e-01 4.480221271514888692e-01 4.307972987492884598e-01 4.405415852864584259e-01 4.543716907501221258e-01 4.407591025034583998e-01 4.319397608439125014e-01 4.367170333862301357e-01 4.537516832351688456e-01 4.478294054667154023e-01 4.387023051579791999e-01 4.344232082366943359e-01 4.421709775924680952e-01
4.580910205841067229e-01 4.442208607991532388e-01 4.459190766016641327e-01 4.752999941507978776e-01 4.573523600896198249e-01 4.531488021214806206e-01 4.575189749399817818e-01 4.668802420298256983e-01 4.569797913233441533e-01 4.474980433781944322e-01 4.487996896107994682e-01 4.729136625925700055e-01 4.624878565470378344e-01 4.471583366394042414e-01 4.545834064483640358e-01 4.649881919225052895e-01
4.764955441157023852e-01 4.538185596466060567e-01 4.602072238922119141e-01 4.860953489939370820e-01 4.558154344558720261e-01 4.387857516606648578e-01 4.460073709487916149e-01 4.661138057708742455e-01 4.620112578074136445e-01 4.515241384506221145e-01 4.450364907582598506e-01 4.592344363530476703e-01 4.752006133397423393e-01 4.522653023401893013e-01 4.550387461980185955e-01 4.743524789810183440e-01
4.526431163152057624e-01 4.328090349833169093e-01 4.449566602706911955e-01 4.612460136413571443e-01 4.488444725672402491e-01 4.365828434626262133e-01 4.312679767608642578e-01 4.578816095987953694e-01 4.474960168202721245e-01 4.362422227859496515e-01 4.337273438771564460e-01 4.422207276026406397e-01 4.655039707819620953e-01 4.454373915990194055e-01 4.469652573267620110e-01 4.526940186818439460e-01
4.598912000656126264e-01 4.388261238733925373e-01 4.516088565190631843e-01 4.696304003397623883e-01 4.551406701405843469e-01 4.390362501144410290e-01 4.465230703353882946e-01 4.566922982533774267e-01 4.545458555221557617e-01 4.481527010599770100e-01 4.357848564783732281e-01 4.573688904444375147e-01 4.586967627207437226e-01 4.525126218795775257e-01 4.453773895899457158e-01 4.619937737782794929e-01
4.705521663029991197e-01 4.447831710179652176e-01 4.458245833714804540e-01 4.764936367670699058e-01 4.554126262664796032e-01 4.517294565836585951e-01 4.500664472579956610e-01 4.615311622619629461e-01 4.504871765772496817e-01 4.407036701838180637e-01 4.421849250793458697e-01 4.527857303619384211e-01 4.687863190968830085e-01 4.535686969757080078e-01 4.572579463322956617e-01 4.659245808919272869e-01
4.523719549179079924e-01 4.344404935836791992e-01 4.422313372294108813e-01 4.641585747400923112e-01 4.413125514984134190e-01 4.251767396926878217e-01 4.323564370473226837e-01 4.500348567962649260e-01 4.394804636637370532e-01 4.358924627304075483e-01 4.279464483261106178e-01 4.325474500656129595e-01 4.596192439397177587e-01 4.465798536936443908e-01 4.467901388804115803e-01 4.571174383163450483e-01
4.675117731094360907e-01 4.442699750264480496e-01 4.483677546183269524e-01 4.721759955088297156e-01 4.448160727818809557e-01 4.294346968332924397e-01 4.262333313624065978e-01 4.578357934951782227e-01 4.496065378189091355e-01 4.406839211781817811e-01 4.373616774876912250e-01 4.460093180338543517e-01 4.708635012308753920e-01 4.470939238866172283e-01 4.476324717203777337e-01 4.615069230397540467e-01
4.674995740254721532e-01 4.420792659123737312e-01 4.453350702921555770e-01 4.652981758117677447e-01 4.518032868703206195e-01 4.394103288650510475e-01 4.461127916971838192e-01 4.634638627370193387e-01 4.579425255457559296e-01 4.501976569493608138e-01 4.399437506993613689e-01 4.583982626597083443e-01 4.628420273462929835e-01 4.447563886642457165e-01 4.461901187896725740e-01 4.629107713699340265e-01
4.557196696599324359e-01 4.278372526168825463e-01 4.355363845825200864e-01 4.703438679377233145e-01 4.398965040842687801e-01 4.246725241343181079e-01 4.324116706848144531e-01 4.546844164530436383e-01 4.448279937108356452e-01 4.412863254547118586e-01 4.320245583852134197e-01 4.425603151321411133e-01 4.521420001983639247e-01 4.365249077479046447e-01 4.440342982610065992e-01 4.531021515528361188e-01
4.737223386764528033e-01 4.470070600509647440e-01 4.483489990234376110e-01 4.714313745498658892e-01 4.641934235890704530e-01 4.407616853713989258e-01 4.407896995544430263e-01 4.703842004140217359e-01 4.420411984125771632e-01 4.345024426778156812e-01 4.300814469655352412e-01 4.508084058761601121e-01 4.612932602564490669e-01 4.444741805394494261e-01 4.409642219543455366e-01 4.602414766947425240e-01
4.703097740809121796e-01 4.517392317454018147e-01 4.500745137532550788e-01 4.652705589930217212e-01 4.528104066848749332e-01 4.382763703664144805e-01 4.468927780787149695e-01 4.611976941426595977e-01 4.519358873367310125e-01 4.417033592859903601e-01 4.394686619440710262e-01 4.573246637980147300e-01 4.756272633870441968e-01 4.614893198013306219e-01 4.472425381342567396e-01 4.720106522242225600e-01
4.663327534993494394e-01 4.357536633809406257e-01 4.498245318730665909e-01 4.664028485616044661e-01 4.529310862223306922e-01 4.324361085891720857e-01 4.244387944539385615e-01 4.434462785720825195e-01 4.551244974136348653e-01 4.415107568105066105e-01 4.369160731633511818e-01 4.439600706100463867e-01 4.642901420593264494e-01 4.474614063898721961e-01 4.513765573501584694e-01 4.602511326471965813e-01
4.722167253494263806e-01 4.346243540445963727e-01 4.448808828989661013e-01 4.750181833902998862e-01 4.437440236409501138e-01 4.303241173426313182e-01 4.322275718053183446e-01 4.541256030400594446e-01 4.561177094777427166e-01 4.559217294057211767e-01 4.479044278462726569e-01 4.520322481791181901e-01 4.756338198979692677e-01 4.571079015731811523e-01 4.539248148600257826e-01 4.696137507756556473e-01
4.722736676534015077e-01 4.515196084976192958e-01 4.520147641499833724e-01 4.707076946894324099e-01 4.522453943888348205e-01 4.328481356302897876e-01 4.391709566116329677e-01 4.510913689931233539e-01 4.556652307510371536e-01 4.349439144134515378e-01 4.372332096099851295e-01 4.448463519414265765e-01 4.621235926946000716e-01 4.533968369166055945e-01 4.408210913340249171e-01 4.689807494481403327e-01
4.771510362625120960e-01 4.393373727798464135e-01 4.494616985321049363e-01 4.629985491434733258e-01 4.533561468124390759e-01 4.427764415740964576e-01 4.339712460835772334e-01 4.571009874343870960e-01 4.450799226760870919e-01 4.240035613377887147e-01 4.308558305104575603e-01 4.374410708745323229e-01 4.423254728317260187e-01 4.333259661992389100e-01 4.313343763351442095e-01 4.460868438084921728e-01
4.651509523391720857e-01 4.398012558619182610e-01 4.404237270355227940e-01 4.677636623382568359e-01 4.530060688654581336e-01 4.262440999348960924e-01 4.286387761433921306e-01 4.474006891250610907e-01 4.457956155141193366e-01 4.239550431569416578e-01 4.308026631673173568e-01 4.488362073898315430e-01 4.664607048034670189e-01 4.575017293294270648e-01 4.485702117284137147e-01 4.640565315882359543e-01
4.653662840525311650e-01 4.384964307149248341e-01 4.563003778457634385e-01 4.774137735366820179e-01 4.537062644958497204e-01 4.337108532587687360e-01 4.438442786534628204e-01 4.612716436386107288e-01 4.453982114791867897e-01 4.410932064056394264e-01 4.349598487218221399e-01 4.527747233708701580e-01 4.676853418350220282e-01 4.505137602488200055e-01 4.471922318140664765e-01 4.721926053365071430e-01
4.492339690526324647e-01 4.352699915568033484e-01 4.475421905517574794e-01 4.577015240987142297e-01 4.365170399347939600e-01 4.261242151260373756e-01 4.269592364629110071e-01 4.438597758611037003e-01 4.417202075322467225e-01 4.408085743586223626e-01 4.284179210662843462e-01 4.428227345148716410e-01 4.628807703653975425e-01 4.411035776138306774e-01 4.413961569468176638e-01 4.580860137939456456e-01
4.620354572931923975e-01 4.496949513753256689e-01 4.490985075632737411e-01 4.699797630310056928e-01 4.443868001302085924e-01 4.242074886957800661e-01 4.357295036315917969e-01 4.519664446512858813e-01 4.497057199478149414e-01 4.396466016769408069e-01 4.422411123911541564e-01 4.479723374048866225e-01 4.619636933008826052e-01 4.454808235168457031e-01 4.383562008539834687e-01 4.616845846176146351e-01
4.637561241785682076e-01 4.369560480117800627e-01 4.421905676523845696e-01 4.678397973378500274e-01 4.472476243972778875e-01 4.286421140034995525e-01 4.437812169392905126e-01 4.517797629038496354e-01 4.478108088175449808e-01 4.455541769663491913e-01 4.374704758326212195e-01 4.556292692820227419e-01 4.534530639648433614e-01 4.371825456619263250e-01 4.496272007624306788e-01 4.601196845372517163e-01
4.589367707570395361e-01 4.331235090891520922e-01 4.395155509312947961e-01 4.611732165018717078e-01 4.513538678487137856e-01 4.349654912948608954e-01 4.290486971537273431e-01 4.515008529027304540e-01 4.437348047892253344e-01 4.308807055155432497e-01 4.271490176518757398e-01 4.372162024180096251e-01 4.537377754847208289e-01 4.351715246836347362e-01 4.369250138600665467e-01 4.520347913106283477e-01
4.707642396291096820e-01 4.454345703124998890e-01 4.541754325230913381e-01 4.756081104278564453e-01 4.540105263392126833e-01 4.332646528879803283e-01 4.408570130666098486e-01 4.542460838953654156e-01 4.424818754196168658e-01 4.353580077489221933e-01 4.341149727503455513e-01 4.472472270329794219e-01 4.589662551879883368e-01 4.430405696233118418e-01 4.444240729014076741e-01 4.663178920745845724e-01
4.689773321151729513e-01 4.527002175649008642e-01 4.503314495086669922e-01 4.661693175633747077e-01 4.516080220540364953e-01 4.380664825439452570e-01 4.422526359558109355e-01 4.571692148844404557e-01 4.430104494094847523e-01 4.349989493687951847e-01 4.389273722966513525e-01 4.524304866790772595e-01 4.530739386876426189e-01 4.379816452662149695e-01 4.419809182484945587e-01 4.607957204182944189e-01
4.636545181274413507e-01 4.494742949803666732e-01 4.466421604156495251e-01 4.668885072072349596e-01 4.495464563369752087e-01 4.223395188649494703e-01 4.348766009012856038e-01 4.499627351760868144e-01 4.400037527084348365e-01 4.346520503362023558e-01 4.257050355275475706e-01 4.409562349319454677e-01 4.598028262456256843e-01 4.489623705546064714e-01 4.347039858500164056e-01 4.581954876581825764e-01
4.703868627548221104e-01 4.333839019139604232e-01 4.483350912729902604e-01 4.731640418370569590e-01 4.567765394846596827e-01 4.343992471694948510e-01 4.424857298533120264e-01 4.571398099263510595e-01 4.552703301111855061e-01 4.511745770772298547e-01 4.390198787053428142e-01 4.546267191569008936e-01 4.701989094416303416e-01 4.646361668904624986e-01 4.566513697306316399e-01 4.791958332061768688e-01
4.540344476699829657e-01 4.420019388198849764e-01 4.470607837041220001e-01 4.672110875447590406e-01 4.495184024175009063e-01 4.387889703114830620e-01 4.344527721405029852e-01 4.562609990437828111e-01 4.519761800765990656e-01 4.313617547353107429e-01 4.372147321701051470e-01 4.535586039225257271e-01 4.682868321736655126e-01 4.497190316518150932e-01 4.522837003072103235e-01 4.773846069971721118e-01
4.463618199030557898e-01 4.306485652923587315e-01 4.343355496724444209e-01 4.631112019220989806e-01 4.429125785827636164e-01 4.250832398732506401e-01 4.245905081431066153e-01 4.498227039972940156e-01 4.478474855422974743e-01 4.386486609776814038e-01 4.361285368601483525e-01 4.518455266952514093e-01 4.532952308654787932e-01 4.392580191294352399e-01 4.400528669357300360e-01 4.536923567454016482e-01
4.631463289260863148e-01 4.387461344401037966e-01 4.484149217605587490e-01 4.728334744771315878e-01 4.521809021631876813e-01 4.330354531606037116e-01 4.401241540908811811e-01 4.595464070638019538e-01 4.516186316808066259e-01 4.417921702067058032e-01 4.366735617319739693e-01 4.550580183664955647e-01 4.581009546915690844e-01 4.525662660598752107e-01 4.429671764373776521e-01 4.641156991322833436e-01
4.733054637908934992e-01 4.429302612940469452e-01 4.508235851923628745e-01 4.796897172927859221e-01 4.514925479888916571e-01 4.281977017720542955e-01 4.366681178410849462e-01 4.584582646687832552e-01 4.551157553990681781e-01 4.433249235153197687e-01 4.363769292831422564e-01 4.579317569732665461e-01 4.726524750391644103e-01 4.446066617965698242e-01 4.560782512029010749e-01 4.689204295476276929e-01
4.556188980738323235e-01 4.257946014404297430e-01 4.321502447128295898e-01 4.570122162501017993e-01 4.524919986724854071e-01 4.246120055516557912e-01 4.418118397394816821e-01 4.452313184738159180e-01 4.459654092788694069e-01 4.392934640248620237e-01 4.445238510767617890e-01 4.588807423909511130e-01 4.634025891621914028e-01 4.441357056299843342e-01 4.434305429458617054e-01 4.585746526718141869e-01
4.740339517593385454e-01 4.489607810974123314e-01 4.453089634577436229e-01 4.716014464696244302e-01 4.494486649831135328e-01 4.249847332636516595e-01 4.348946412404379180e-01 4.519152641296385609e-01 4.479515155156453265e-01 4.380604823430384043e-01 4.403698047002153615e-01 4.580980141957602392e-01 4.706867933273312099e-01 4.535000324249265913e-01 4.509334564208986040e-01 4.714051485061648838e-01
4.662404855092369682e-01 4.570483366648359635e-01 4.644533395767209139e-01 4.751115242640175373e-01 4.547343651453658042e-01 4.416598876317343048e-01 4.477946758270255900e-01 4.564883708953856312e-01 4.631363948186237867e-01 4.457031488418581877e-01 4.444640477498374986e-01 4.669972658157345857e-01 4.710248708724977251e-01 4.586870670318602961e-01 4.644787708918250990e-01 4.741224845250443520e-01
4.662581682205195754e-01 4.468100468317669494e-01 4.448063770929975846e-01 4.673252900441486335e-01 4.434964656829835650e-01 4.331831932067871094e-01 4.342877467473350017e-01 4.523545503616335783e-01 4.463719129562380150e-01 4.330273866653441828e-01 4.335090716679891876e-01 4.535751740137731747e-01 4.597132603327433453e-01 4.537268082300819905e-01 4.507800340652470816e-01 4.690902630488079650e-01
4.751069943110148297e-01 4.455699125925696169e-01 4.578456083933509224e-01 4.789455334345499860e-01 4.530136982599895501e-01 4.281320969263713860e-01 4.402492443720501525e-01 4.610397020975748883e-01 4.555430014928182336e-01 4.514966011047363281e-01 4.496155182520548688e-01 4.632912079493206603e-01 4.810709555943807891e-01 4.664214849472045898e-01 4.643982251485190282e-01 4.858745336532596104e-01
4.638059536616004896e-01 4.409203529357909601e-01 4.424659013748168390e-01 4.646484057108557497e-01 4.500557581583658484e-01 4.411721626917516903e-01 4.472386042277016749e-01 4.614433844884240354e-01 4.478083848953247070e-01 4.453472296396889241e-01 4.487284421920779143e-01 4.604231516520186362e-01 4.632005691528317537e-01 4.488029877344767993e-01 4.561158021291096820e-01 4.723838170369469291e-01
4.511289993921916430e-01 4.354474544525149260e-01 4.433261553446447012e-01 4.662690957387289892e-01 4.478260676066080914e-01 4.343529542287195566e-01 4.360318978627520936e-01 4.530465602874756414e-01 4.487777551015219579e-01 4.383513132731119422e-01 4.323427279790243438e-01 4.513351122538249438e-01 4.542575279871624572e-01 4.342525800069171882e-01 4.354470968246456630e-01 4.526467720667520789e-01
4.656430880228679681e-01 4.466900428136186818e-01 4.492021004358931480e-01 4.697409868240357000e-01 4.531999031702680925e-01 4.380310773849488970e-01 4.398744901021322540e-01 4.538971583048505010e-01 4.591085513432819898e-01 4.407493273417158464e-01 4.530906279881792287e-01 4.595452547073362592e-01 4.818094968795774147e-01 4.597572485605870285e-01 4.603823820749922135e-01 4.748010238011675654e-01
4.719711144765215693e-01 4.548989534378050648e-01 4.450443983077997379e-01 4.720676342646279999e-01 4.407873948415126364e-01 4.319629271825152772e-01 4.362396796544393274e-01 4.505292971928914203e-01 4.433625141779581336e-01 4.386833111445112010e-01 4.346065918604535283e-01 4.607740640640259899e-01 4.762257337570191540e-01 4.580846230189001833e-01 4.591399431228637695e-01 4.705127477645871803e-01
4.486718972524008087e-01 4.192373355229695453e-01 4.257462422053020501e-01 4.516742229461674363e-01 4.341250260670976302e-01 4.174534082412721392e-01 4.315392573674517451e-01 4.416596492131547036e-01 4.422062238057454797e-01 4.269751707712809430e-01 4.223756392796840786e-01 4.451567729314170330e-01 4.512023528416951867e-01 4.333622852961220295e-01 4.396404027938841108e-01 4.514658053716025243e-01
4.801486730575563189e-01 4.511156876881916022e-01 4.585024118423462469e-01 4.731732606887819603e-01 4.542626142501828279e-01 4.281300703684484121e-01 4.395856459935507110e-01 4.482823610305786133e-01 4.483199914296474020e-01 4.482030073801679948e-01 4.448441267013547584e-01 4.593266248703004040e-01 4.780677159627281236e-01 4.493080377578739792e-01 4.571279287338255726e-01 4.732861121495563483e-01
4.649419387181597529e-01 4.556078910827642825e-01 4.527012904485070988e-01 4.775984287261964001e-01 4.407790104548136023e-01 4.283642371495565149e-01 4.357307751973470422e-01 4.481445153554277083e-01 4.517260789871212490e-01 4.390830198923745820e-01 4.348136583964026802e-01 4.620627164840698797e-01 4.714961449305218322e-01 4.530479113260902913e-01 4.499679406483967914e-01 4.617177645365397320e-01
4.482882420221962483e-01 4.251991113026944435e-01 4.299819866816203540e-01 4.478229284286501799e-01 4.409023920694987164e-01 4.325508276621501946e-01 4.275550842285158470e-01 4.498096307118735204e-01 4.427779118220006582e-01 4.392663637797036835e-01 4.279970328013098513e-01 4.570612907409669634e-01 4.575004577636723746e-01 4.380954504013058748e-01 4.441531499226887836e-01 4.722047249476116759e-01
4.641642967859904156e-01 4.464791615804033498e-01 4.491287469863890491e-01 4.689939816792803584e-01 4.446452061335245953e-01 4.412639141082763117e-01 4.470357894897460382e-01 4.624598821004233251e-01 4.508909384409583998e-01 4.347107410430906538e-01 4.434406359990438196e-01 4.551610151926680503e-01 4.628558953603109094e-01 4.482489029566442684e-01 4.510507186253868150e-01 4.676472743352251826e-01
4.589651028315224202e-01 4.530922174453736462e-01 4.492289225260413521e-01 4.634220997492474181e-01 4.662979046503701319e-01 4.395984411239620693e-01 4.518805742263797276e-01 4.607617060343424664e-01 4.525595903396608666e-01 4.392217000325525644e-01 4.244829018910728502e-01 4.563055833180745813e-01 4.638969103495280688e-01 4.508563280105588045e-01 4.476200342178340286e-01 4.667027791341143428e-01
4.542409976323443233e-01 4.409341812133785177e-01 4.435590108235674123e-01 4.622993469238281250e-01 4.452744325002034320e-01 4.405621687571208422e-01 4.332470893859859951e-01 4.507719278335572954e-01 4.388893047968543959e-01 4.342014392216998475e-01 4.273226261138910465e-01 4.430152972539267986e-01 4.647806882858276922e-01 4.464125633239748314e-01 4.494177897771196029e-01 4.639924764633180376e-01
4.716734488805136571e-01 4.470497369766238682e-01 4.562469720840453546e-01 4.727073907852173407e-01 4.506018956502280126e-01 4.344181219736734101e-01 4.387320677439370820e-01 4.522889852523798160e-01 4.507859150568641060e-01 4.290335973103839851e-01 4.355320533116661119e-01 4.538586934407546902e-01 4.676578442255653334e-01 4.489158391952518534e-01 4.466389417648312099e-01 4.650232791900633655e-01
4.650855064392088734e-01 4.433612426122031103e-01 4.458645979563396478e-01 4.655374288558964402e-01 4.565635124842326587e-01 4.426379601160687627e-01 4.420926570892334539e-01 4.549272060394290440e-01 4.488756259282427052e-01 4.466684261957803437e-01 4.447306394577023037e-01 4.650549491246542821e-01 4.666047096252442516e-01 4.450816313425702275e-01 4.488602876663208008e-01 4.767131408055627073e-01
4.631199042002358546e-01 4.410097996393840813e-01 4.380982319513958001e-01 4.671154816945395361e-01 4.508812824885049531e-01 4.298365116119387541e-01 4.384269316991166177e-01 4.495875438054406370e-01 4.499122699101766876e-01 4.426757891972860071e-01 4.393701950709027471e-01 4.534440040588374465e-01 4.441980918248497057e-01 4.427649180094401782e-01 4.392332235972090104e-01 4.587312539418537671e-01
4.824332793553670617e-01 4.502310752868647348e-01 4.663424889246620131e-01 4.829794963200890745e-01 4.698019425074259070e-01 4.443240165710450329e-01 4.466648101806640625e-01 4.676628907521567791e-01 4.618453979492188610e-01 4.512158234914144250e-01 4.486501216888427734e-01 4.682467778523758395e-01 4.725555976231893274e-01 4.576508204142251124e-01 4.542223215103150524e-01 4.734682242075601843e-01
4.588491519292194343e-01 4.382654428482049558e-01 4.429434140523271224e-01 4.621870517730714556e-01 4.547020991643266896e-01 4.256177743275960657e-01 4.289364814758301891e-01 4.559001525243120967e-01 4.601457913716633930e-01 4.496220747629801617e-01 4.415562550226847516e-01 4.610026677449544086e-01 4.713505903879801062e-01 4.531021515528365073e-01 4.518598318099976141e-01 4.726448456446334934e-01
4.598097801208496094e-01 4.317068258921304968e-01 4.403125047683715820e-01 4.513476292292278313e-01 4.346856276194253077e-01 4.269922971725456651e-01 4.301396210988364111e-01 4.436788161595666691e-01 4.534299770991007672e-01 4.404784043629964008e-01 4.436961015065514213e-01 4.522301753362021892e-01 4.596082369486487740e-01 4.446738560994468736e-01 4.420424699783328526e-01 4.597980976104735773e-01
4.689683516820273290e-01 4.538030227025353636e-01 4.540787140528360077e-01 4.696221351623533491e-01 4.489787419637042976e-01 4.397299289703368586e-01 4.471825758616126412e-01 4.573312600453696697e-01 4.409639040629068085e-01 4.293183485666908217e-01 4.353576501210529859e-01 4.503913323084515197e-01 4.702243804931640625e-01 4.454749822616573263e-01 4.535320599873859382e-01 4.729017814000440745e-01
4.645967880884807610e-01 4.319972594579060132e-01 4.461955229441330051e-01 4.580977757771810266e-01 4.483801921208700469e-01 4.366294940312700490e-01 4.337677160898842366e-01 4.577082792917891441e-01 4.426199197769167815e-01 4.427844683329255626e-01 4.405292272567748468e-01 4.562574227650956771e-01 4.619795481363934697e-01 4.415592352549237432e-01 4.512398640314734810e-01 4.697725772857664350e-01
4.525259733200073797e-01 4.331178267796836345e-01 4.457424084345494308e-01 4.536157051722208844e-01 4.394989411036176463e-01 4.234168926874797845e-01 4.215377569198608954e-01 4.364942312240600031e-01 4.365739822387693647e-01 4.308471679687499445e-01 4.299093087514243017e-01 4.482447703679404150e-01 4.742949406305949078e-01 4.468495845794675514e-01 4.596332311630250134e-01 4.660065174102780428e-01
4.781941175460817095e-01 4.516835212707520641e-01 4.598386287689209539e-01 4.793861309687292294e-01 4.526897668838497646e-01 4.341613849004110071e-01 4.423100550969440437e-01 4.530418316523233679e-01 4.416340986887614117e-01 4.349985917409263658e-01 4.433737198511759625e-01 4.543299277623492616e-01 4.703393379847211619e-01 4.553128480911255438e-01 4.635177055994674222e-01 4.773718913396204355e-01
4.581877787907920885e-01 4.459645748138427734e-01 4.433299700419108813e-01 4.747368494669597649e-01 4.468109210332231185e-01 4.326699177424109810e-01 4.450881083806355609e-01 4.618559281031291430e-01 4.555556376775102834e-01 4.520547787348433988e-01 4.365446567535402611e-01 4.576979478200274287e-01 4.668740431467695018e-01 4.537336826324461780e-01 4.521081447601315584e-01 4.758926232655838473e-01
4.528098503748574366e-01 4.328308502833046467e-01 4.393502871195476001e-01 4.590468009312946851e-01 4.451729853947959947e-01 4.284862279891964443e-01 4.289424816767377635e-01 4.558005332946779009e-01 4.465224345525107275e-01 4.299675623575844874e-01 4.281704028447466115e-01 4.533684651056922310e-01 4.514866669972738000e-01 4.392838875452679814e-01 4.310638904571530983e-01 4.588286479314168109e-01
4.639529784520467492e-01 4.399981101353963586e-01 4.439531167348225726e-01 4.599845806757606459e-01 4.546060164769492595e-01 4.327758153279620545e-01 4.420297940572101569e-01 4.546473423639933453e-01 4.586006402969358131e-01 4.471433560053506007e-01 4.412955443064371375e-01 4.659304221471149421e-01 4.639923969904581336e-01 4.467099110285440156e-01 4.499195019404098606e-01 4.687911272048946310e-01
4.749490022659303423e-01 4.506613413492839837e-01 4.609131018320720696e-01 4.726916154225662692e-01 4.599928061167396498e-01 4.445192019144693085e-01 4.444845914840701573e-01 4.610329866409302868e-01 4.531796375910442931e-01 4.507415294647214576e-01 4.449958403905225901e-01 4.548392295837410670e-01 4.624828894933064038e-01 4.553472995758054975e-01 4.523521264394124719e-01 4.843714237213132545e-01
4.641930262247721539e-01 4.398469527562457460e-01 4.447274208068849322e-01 4.694468975067134786e-01 4.581996202468875956e-01 4.394983847935992061e-01 4.390776952107746656e-01 4.557165702184041156e-01 4.346637328465777217e-01 4.235316514968868740e-01 4.227310021718342914e-01 4.320271809895833148e-01 4.558430115381875147e-01 4.451308250427246649e-01 4.370145400365193500e-01 4.593011538187661280e-01
4.657094875971477532e-01 4.382072289784745278e-01 4.535511732101437099e-01 4.690034786860145521e-01 4.566330909729006682e-01 4.320840835571285732e-01 4.369937976201376806e-01 4.573526779810583309e-01 4.513208468755086078e-01 4.457652171452841650e-01 4.374486207962035578e-01 4.553743600845340800e-01 4.571055571238197834e-01 4.464194377263385194e-01 4.519921541213988148e-01 4.642196496327715138e-01
4.649088780085246508e-01 4.493937492370606024e-01 4.555427233378089857e-01 4.747463862101234389e-01 4.579812685648600445e-01 4.516227642695110900e-01 4.503292242685955626e-01 4.732352097829184423e-01 4.519379536310829115e-01 4.453113476435344165e-01 4.495952129364011451e-01 4.578364690144861027e-01 4.581383864084882518e-01 4.448873202006021765e-01 4.538886944452925620e-01 4.716212352116901929e-01
4.618234634399417948e-01 4.512431621551513672e-01 4.463086128234866057e-01 4.690529108047479800e-01 4.511299530665076052e-01 4.276158412297564326e-01 4.365347623825069912e-01 4.570513168970746221e-01 4.374287923177083148e-01 4.317390124003093743e-01 4.324556191762288782e-01 4.443924824396770501e-01 4.538009564081829095e-01 4.445846080780028187e-01 4.349186420440673828e-01 4.549932082494099195e-01
4.657394488652548126e-01 4.395326375961304266e-01 4.440217812856038226e-01 4.703024625778192691e-01 4.534389575322466670e-01 4.448488156000774407e-01 4.404582977294924651e-01 4.640980958938594192e-01 4.540617068608600593e-01 4.384702841440835663e-01 4.392209847768152597e-01 4.530314604441327275e-01 4.644734859466549959e-01 4.434938033421836900e-01 4.396223227183023718e-01 4.663352568944293952e-01
4.640837907791134920e-01 4.573446909586588727e-01 4.566090901692708703e-01 4.679203033447264515e-01 4.577487309773762281e-01 4.474456707636508823e-01 4.594007333119711767e-01 4.760341644287111595e-01 4.604312181472782206e-01 4.503303766250612572e-01 4.453894297281905112e-01 4.587256113688150672e-01 4.858335256576542527e-01 4.631070295969645367e-01 4.609973033269245124e-01 4.838431278864542273e-01
4.659572442372637013e-01 4.519428412119547711e-01 4.495258331298829235e-01 4.636815388997397869e-01 4.418573776880899695e-01 4.315789540608725994e-01 4.361066420873010996e-01 4.509789943695068914e-01 4.466806650161737613e-01 4.401678641637169487e-01 4.368497133255003773e-01 4.383563597997028327e-01 4.599479436874391869e-01 4.483205080032348078e-01 4.490900834401447272e-01 4.543220996856690563e-01
4.694908459981283477e-01 4.405626058578493986e-01 4.465339183807371937e-01 4.679145018259685540e-01 4.690177043279013525e-01 4.422702391942342492e-01 4.528091351191204650e-01 4.650530417760211921e-01 4.562317530314130010e-01 4.500527381896972656e-01 4.445951382319129341e-01 4.648735920588173420e-01 4.632799625396725185e-01 4.499276081720988141e-01 4.469265540440877094e-01 4.747106631596879622e-01
4.684205849965408786e-01 4.449240763982137969e-01 4.531077543894452830e-01 4.750637610753381535e-01 4.551339944203696697e-01 4.424127737681072259e-01 4.401007095972698790e-01 4.646958510080976823e-01 4.538907607396445720e-01 4.416767358779906116e-01 4.473253091176351837e-01 4.498542149861654571e-01 4.700426657994589696e-01 4.609618186950687480e-01 4.637525876363121080e-01 4.762948354085286828e-01
4.552900791168210670e-01 4.328969717025756281e-01 4.388769070307418918e-01 4.539198875427248314e-01 4.425201018651326867e-01 4.212536414464315149e-01 4.371374845504760187e-01 4.497512578964234509e-01 4.396353960037230890e-01 4.336508512496951018e-01 4.355697631835938055e-01 4.534033536911010187e-01 4.579440752665203673e-01 4.391853411992390210e-01 4.426566759745280133e-01 4.486805597941080914e-01
4.636464118957516756e-01 4.395694335301719713e-01 4.344321091969809978e-01 4.714431762695315831e-01 4.496077696482337349e-01 4.346919059753419079e-01 4.355143308639525257e-01 4.591912825902299544e-01 4.505861600240071985e-01 4.353189468383789618e-01 4.329629341761275230e-01 4.475161234537761712e-01 4.702617327372233813e-01 4.368745883305864552e-01 4.413962364196779564e-01 4.583192269007365094e-01
4.727649688720700349e-01 4.489823182423910986e-01 4.511832396189371375e-01 4.744000037511193479e-01 4.538862705230709560e-01 4.330283403396604225e-01 4.398372968037925212e-01 4.574200709660845021e-01 4.655797878901161146e-01 4.454422394434610077e-01 4.480789502461751117e-01 4.636849164962769665e-01 4.811762571334838312e-01 4.637981255849204509e-01 4.655290842056273304e-01 4.767791032791137695e-01
4.636964797973632812e-01 4.361063639322914076e-01 4.545813004175817684e-01 4.723567962646486040e-01 4.498627185821537089e-01 4.306499958038330078e-01 4.355258146921797691e-01 4.462143580118813069e-01 4.518055518468220844e-01 4.372231165568032929e-01 4.327834447224928049e-01 4.452980359395343202e-01 4.648754596710205633e-01 4.488256772359212610e-01 4.459218581517535029e-01 4.701674381891883803e-01
4.691743453343710790e-01 4.390391111373899147e-01 4.494689305623372211e-01 4.642621676127115515e-01 4.587308963139851148e-01 4.382431507110595148e-01 4.408887227376303009e-01 4.622610012690229753e-01 4.498264392216997365e-01 4.421156247456872190e-01 4.356018702189129455e-01 4.543509085973104766e-01 4.714119434356686122e-01 4.522488117218015913e-01 4.567001660664876672e-01 4.721729358037313751e-01
4.762854178746538936e-01 4.497519334157310533e-01 4.457101424535120371e-01 4.704356590906779712e-01 4.620929559071859649e-01 4.379683335622154283e-01 4.343780279159544233e-01 4.459042151769006535e-01 4.677293300628663775e-01 4.608840545018514923e-01 4.554240703582759786e-01 4.723953803380327443e-01 4.942278464635215807e-01 4.710584481557210657e-01 4.726552168528236342e-01 4.827082157135013096e-01
4.452490011850996354e-01 4.247997204462684584e-01 4.385883410771690416e-01 4.517161448796586654e-01 4.365721146265664765e-01 4.243173201878870926e-01 4.335443973541261431e-01 4.467328389485673568e-01 4.565269152323402913e-01 4.448554515838626933e-01 4.354603290557865769e-01 4.548490842183433580e-01 4.607205390930174671e-01 4.430777231852214837e-01 4.467645486195884752e-01 4.656593004862466523e-01
4.720038175582888518e-01 4.357998371124269243e-01 4.400357405344643147e-01 4.653911193211877073e-01 4.388203620910642311e-01 4.270361661911007967e-01 4.354576667149857028e-01 4.512646993001303564e-01 4.581884543100991913e-01 4.481571912765501264e-01 4.432789882024128492e-01 4.542614618937169668e-01 4.771485726038612318e-01 4.520695606867471961e-01 4.593837658564249860e-01 4.659230311711630712e-01
4.594217936197912966e-01 4.514314730962116218e-01 4.538304805755615789e-01 4.678270419438678718e-01 4.694205522537233666e-01 4.445211092631019545e-01 4.556873639424641187e-01 4.608609676361082319e-01 4.612235625584918397e-01 4.618062973022465378e-01 4.530611038208005037e-01 4.684292475382488830e-01 4.783797661463417561e-01 4.569732745488481185e-01 4.619191090265910016e-01 4.715963602066038374e-01
4.704806407292683734e-01 4.549850225448608398e-01 4.562876621882120398e-01 4.728179772694904304e-01 4.632067680358886719e-01 4.439440568288169353e-01 4.444924592971799537e-01 4.563489357630408083e-01 4.469399849573769679e-01 4.336224794387816828e-01 4.239042997360230047e-01 4.351411660512291557e-01 4.576097329457601282e-01 4.401633342107135194e-01 4.452298879623410865e-01 4.487753311793008515e-01
4.713900883992510060e-01 4.382003943125408196e-01 4.408433834711709687e-01 4.645962317784630979e-01 4.507924715677901206e-01 4.342987537384027097e-01 4.367725849151611328e-01 4.468652009963990923e-01 4.542627731959025805e-01 4.464981953303018836e-01 4.442109664281208570e-01 4.425497452418008515e-01 4.773143132527668531e-01 4.476234118143718188e-01 4.488432407379147615e-01 4.628837108612064988e-01
